4574331
4587224
4608803
4613265
4615423
4616698
4631640
4646292
4650712
4654482
4660467
4662311
4668626
4673750
4677174
4696724
4706667
4714528
4722755
4726767
4759044
4771123
4776203
4776225
4777026
4781104
4790268
4792722
4792982
4793083
4805235
4810786
4811003
4814163
4826654
4829676
4830820
4833578
4842114
4848482
4857429
4863734
4868242
4873206
4873278
4875660
4877871
4884610
4893136
4895744
4902008
4907707
4908034
4910126
4917509
4933575
4933808
4963901
4976288
4976298
4985961
4989269
4994575
5005549
5018627
5027870
5034527
5039843
5052868
5056154
5056207
5075663
5085016
5105857
5118882
5121848
5121851
5127107
5129450
5132070
5138988
5140603
5140615
5146754
5149695
5154193
5155887
5168434
5175660
5180284
5190136
5190485
5205854
5207346
5212127
5230399
5230594
5280423
5283149
5288867
5294198
5298195
5302247
5305571
5316262
5320801
5322099
5337530
5348049
5353901
5354596
5359738
5363028
5365236
5376741
5382791
5399153
5409174
5413478
5421986
5422567
5430917
5433591
5440817
5447219
5450958
5452990
5453911
5454677
5457580
5475908
5495860
5505006
5511732
5515266
5515806
5519960
5532579
5536541
5543006
5554316
5556477
5563709
5564800
5573043
5578164
5580639
5586156
5591688
5594434
5597123
5597708
5604311
5606187
5607242
5611773
5615762
5617025
5631131
5640697
5648542
5669060
5678428
5689904
5690482
5693561
5698261
5704117
5705219
5714267
5727767
5732868
5760273
5761187
5763084
5768937
5773838
5791305
5796621
5801189
5812052
5814632
5817007
5822206
5830101
5832338
5833578
5833751
5850342
5871947
5874824
5882367
5893448
5898003
5900608
5924751
5926431
5939774
5945419
5948947
5961595
5962164
5963439
5967894
5972798
5973279
5978513
5993809
5995760
6003064
6013790
6021835
6022146
6026510
6045312
6073907
6077416
6089156
6089266
6101387
6110566
6112200
6114393
6115813
6117544
6120246
6132668
6134826
6137719
6141891
6153016
6157254
6166710
6167417
6179575
6216554
6224663
6236258
6237672
6283662
6290096
6296370
6298497
6301478
6303982
6328555
6336139
6346387
6356113
6371787
6377008
6386373
6402420
6402731
6406504
6411204
6417095
6419404
6423522
6424977
6444540
6465262
6467404
6485723
6491346
6497413
6500451
6501767
6510124
6510139
6523218
6528769
6531587
6535124
6544160
6547439
6548052
6548291
6553996
6558265
6563006
6565620
6572000
6578604
6580831
6581287
6587878
6596816
6598013
6599244
6599986
6602675
6604510
6608983
6611113
6612373
6637820
6638640
6642894
6645803
6654480
6665824
6667543
6669487
6674064
6678475
6682952
6705681
6706552
6707808
6717912
6732803
6735621
6741427
6743425
6745256
6745457
6749771
6763666
6777828
6778013
6785145
6797397
6804792
6808685
6850107
6857100
6859795
6862139
6864213
6905829
6907350
6911864
6916583
6925895
6929413
6935140
6940864
6957103
6963261
6975243
6977514
6988783
7010422
7019885
7022725
7023821
7029903
7040823
7043777
7052752
7062755
7064913
7069468
7074325
7082453
7094482
7099681
7105166
7106574
7110391
7110790
7111808
7113633
7118537
7136350
7153971
7154125
7155416
7165447
7178642
7181721
7189100
7192663
7195198
7207127
7212549
7216555
7222294
7227271
7230309
7231804
7234999
7243406
7253729
7272305
7276380
7282578
7284331
7289411
7301064
7309065
7336997
7356346
7360336
7363286
7371426
7372365
7378507
7381815
7405170
7409430
7415050
7427161
7431691
7444747
7456016
7468353
7469387
7476254
7484696
7485293
7485701
7487432
7505776
7517064
7530739
7535841
7537374
7544970
7559491
7567964
7572158
7589939
7592440
7597913
7610799
7626156
7638339
7653048
7658464
7677442
7681171
7687033
7697124
7702807
7711151
7715581
7720447
7724660
7726850
7731286
7737911
7749692
7769079
7771256
7773405
7778413
7778636
7786656
7808669
7809854
7815760
7833576
7834531
7834600
7838948
7841842
7843764
7847123
7851351
7852115
7857531
7871175
7872934
7887957
7889286
7913859
7936718
7940381
7941974
7949526
7952347
7955668
7964590
7965284
7970484
7983301
7987633
7992660
7994215
7997809
8003395
8007482
8012810
8052228
8053057
8054565
8069491
8083826
8085013
8101475
8105446
8110680
8111484
8115157
8116291
8123696
8126008
8136828
8138267
8140946
8161816
8162476
8166202
8174203
8185026
8186744
8192299
8202402
8204410
8205845
8225647
8226564
8229253
8238317
8242530
8249934
8251829
8264609
8284803
8285601
8286814
8302924
8304950
8335389
8336137
8336913
8337019
8337811
8341766
8347814
8364691
8370876
8388761
8401133
8404661
8405214
8409392
8411444
8413662
8415631
8449897
8452347
8452366
8453673
8458756
8460151
8462960
8469610
8471618
8493687
8500112
8505415
8514928
8522995
8531446
8541873
8546975
8553906
8554440
8559837
8563110
8585378
8606276
8609524
8619904
8620049
8631333
8631962
8639046
8643893
8650824
8650861
8660729
8662419
8666459
8667069
8668234
8701325
8714849
8721777
8733071
8735125
8741898
8744993
8756120
8772472
8773148
8780317
8784539
8792368
8803021
8809967
8815459
8816291
8824767
8837271
8837450
8847497
8848279
8851798
8851967
8855838
8863208
8863707
8880499
8900096
8902625
8907718
8908070
8911061
8912735
8919182
8923181
8934362
8941848
8945244
8950902
8951669
8962935
8973387
8990628
8998978
9000593
9000828
9023420
9024742
9035267
9040391
9046281
9048157
9056874
9059394
9061571
9070993
9072658
9085350
9087464
9099148
9109707
9114827
9118318
9127504
9127972
9132574
9145725
9147230
9155869
9157965
9165859
9169133
9169152
9198529
9205032
9313929
9324004
9513499
9668263
9701011
9725148
9820275
10402481
10523791
10828802
10895840
10950045
11116267
11276652
11292356
11727772
11933876
12026176
12139308
12357828
12400242
12401072
12413550
12427442
12428196
12430920
12437461
12438604
12444275
12455028
12457985
12461962
12467036
12470190
12474293
12494060
12507015
12519035
12519968
12525620
12531674
12539163
12544432
12558795
12571918
12584735
12591342
12594565
12609871
12610006
12612158
12621256
12631671
12632789
12637011
12650966
12655289
12656791
12656932
12658814
12663426
12674249
12675496
12680070
12685819
12691242
12702793
12733766
12745475
12752126
12757592
12771833
12785043
12796538
12808696
12809771
12816868
12823261
12831193
12833345
12842393
12846609
12855333
12859219
12976335
13004386
13005558
13007440
13014716
13017653
13024213
13028567
13028580
13029246
13031856
13032082
13033383
13046270
13062100
13072970
13082150
13085669
13103337
13112152
13134203
13134373
13143364
13143895
13147712
13148639
13153433
13159892
13203287
13224163
13231030
13238909
13250323
13270696
13273278
13286099
13305385
13306431
13310261
13328620
13334203
13354608
13364623
13365993
13366832
13369637
13380425
13384707
13385826
13408825
13408945
13411797
13414618
13445409
13448830
13453716
13458805
13473429
13474017
13475590
13495810
13496196
13498731
13500956
13501226
13502624
13523613
13525372
13540354
13543961
13544715
13544903
13545899
13553694
13557768
13562452
13563203
13573237
13592929
13596463
13597371
13598995
13599514
13599954
13605392
13606554
13610695
13618913
13637992
13638598
13640986
13640995
13657482
13660388
13688776
13696350
13698078
13707723
13707770
13726739
13727091
13729667
13735083
13739836
13741366
13743282
13748303
13751108
13773973
13781575
13781877
13783457
13786859
13792527
13802244
13810632
13817766
13823066
13828837
13832296
13841932
13847687
13862434
13868745
13869929
13871321
13889125
13895709
13904625
13906912
13913296
13935451
13942896
13951331
13955733
13965249
13965292
13965600
13967793
13973894
13974224
13981399
13995304
14002388
14009429
14025338
14034112
14036644
14037590
14044564
14053197
14063558
14065365
14070350
14073165
14074523
14074808
14079772
14081440
14106818
14109712
14116321
14125696
14128241
14159961
14175468
14181597
14187526
14191980
14192882
14194223
14194280
14198113
14203158
14207660
14210387
14220148
14223123
14230820
14231527
14233270
14234166
14235294
14239557
14251777
14255387
14256785
14271504
14272999
14280068
14280331
14283800
14284478
14285122
14288075
14289957
14290482
14297736
14307120
14309064
14313789
14321263
14325055
14326123
14327000
14327757
14332787
14338052
14340348
14346119
14346606
14347235
14355161
14360703
14369157
14372528
14375434
14378933
14389932
14392571
14392690
14394714
14395066
14416881
14423522
14440571
14440587
14455507
14460040
14460731
14470084
14470228
14470976
14481418
14483680
14490724
14494092
14494692
14496847
14501311
14503733
14505379
14513984
14517726
14521621
14524138
14525074
14530050
14535165
14549440
14559116
14560461
14560938
14589238
14590601
14591318
14597016
14600742
14615536
14617233
14619403
14620349
14620770
14627245
14629664
14630996
14640898
14642965
14665550
14669691
14678101
14686404
14688506
14689653
14691839
14701427
14716777
14718222
14731797
14732598
14742168
14747961
14764052
14764325
14775525
14776379
14790969
14794406
14801500
14803136
14808732
14814182
14816809
14818593
14841718
14846305
14866565
14867074
14889527
14903661
14907535
14913111
14914528
14922872
14931876
14938193
14942202
14946475
14953414
14968202
14973618
14975871
14983147
14985713
14989144
15001848
15006884
15007887
15008264
15008823
15008857
15009429
15010843
15011832
15011842
15043465
15046343
15052466
15056606
15059421
15065387
15071746
15075688
15083363
15087476
15088157
15099536
15111317
15122498
15128404
15138112
15140848
15149607
15165689
15168171
15173059
15179465
15179747
15188943
15203454
15205772
15217465
15219570
15235288
15237392
15237851
15247040
15251495
15252032
15262202
15263028
15264244
15267250
15267828
15279958
15287733
15291550
15296608
15300048
15300381
15305223
15308078
15316017
15332102
15335049
15337226
15339036
15341706
15342284
15358963
15366245
15374796
15380241
15383756
15400711
15402263
15418782
15420356
15425235
15433962
15448862
15452362
15460932
15464822
15468595
15469006
15486678
15486794
15489075
15522420
15535184
15536934
15552997
15553057
15558180
15574605
15581384
15585120
15593165
15594937
15596897
15600463
15609948
15637242
15642648
15663462
15667882
15675462
15678893
15687363
15688902
15690140
15692892
15698418
15700520
15705091
15714154
15715266
15733299
15734823
15734926
15735589
15736020
15749683
15750597
15753195
15753807
15768585
15787341
15820617
15824653
15825957
15830582
15833340
15834521
15855768
15857848
15870496
15886775
15889081
15889772
15893316
15901425
15902043
15906897
15907466
15909027
15909096
15910648
15910680
15916696
15920177
15924732
15938869
15939787
15943000
15951483
15961508
15966833
15974011
15974046
15981224
15985029
15988227
15990555
16011126
16016416
16019065
16021540
16022923
16042096
16046585
16050286
16052146
16065479
16069292
16075023
16083785
16090866
16097479
16112826
16118807
16126243
16126331
16130227
16131493
16133214
16157100
16159224
16163440
16166927
16169117
16181183
16191233
16208713
16222348
16247135
16278347
16289911
16292726
16306313
16329005
16329096
16331964
16344879
16391243
16423183
16430761
16437930
16468991
16469509
16469572
16470653
16483160
16512618
16524098
16532432
16559626
16562095
16606433
16610432
16644820
16689440
16695977
16702188
16703080
16706778
16709621
16737088
16738313
16738851
16764816
16779101
16793156
16829146
16831820
16832360
16836821
16885453
16890307
16901083
16914632
16916209
16920545
16921638
16944606
16960116
17015440
17016734
17076858
17084841
17087373
17170320
17213690
17237701
17240620
17281112
17290021
17297143
17304765
17329329
17329907
17336341
17337516
17348153
17349199
17366855
17388523
17405654
17424733
17440648
17470512
17484511
17487162
17491975
17501479
17505415
17532715
17541556
17559152
17563132
17567474
17568548
17576138
17585387
17599088
17602229
17606986
17612682
17617985
17618308
17630042
17634566
17645712
17647365
17658319
17660958
17661499
17662316
17666324
17684699
17686267
17687134
17688092
17690386
17695453
17698284
17711522
17712072
17713351
17719464
17721717
17726991
17732514
17735599
17741440
17750484
17754452
17764706
17770402
17770716
17781074
17787093
17789044
17797439
17800090
17805641
17823065
17842819
17859033
17859554
17861986
17869940
17876937
17881498
17911004
17912446
17929587
17948625
17953607
17961050
17975206
17981834
17988146
18000646
18003747
18010511
18020523
18030771
18040145
18042693
18043705
18049545
18053098
18069943
18085133
18102952
18104586
18105465
18112814
18113992
18114410
18133454
18140036
18143909
18145860
18148468
18168806
18187587
18195946
18198124
18198353
18204331
18205638
18209502
18209848
18211312
18211500
18217268
18217360
18222116
18231754
18243183
18244402
18248015
18262061
18267735
18272548
18276842
18280653
18284338
18288608
18289824
18291259
18294479
18298293
18298739
18300125
18303882
18304781
18304909
18309791
18315980
18318657
18336043
18337836
18346580
18353896
18359306
18362127
18367556
18369664
18378844
18379529
18380634
18384841
18389289
18400169
18405670
18411136
18412302
18416543
18420869
18426536
18430463
18430828
18435568
18444101
18444889
18448923
18453472
18466906
18470522
18470572
18472548
18475683
18476773
18482029
18482073
18487668
18489710
18495815
18518893
18521302
18538408
18540931
18541764
18554861
18573176
18578005
18579152
18587612
18588086
18589641
18594351
18597941
18599874
18601972
18604253
18606210
18610024
18616339
18617309
18618136
18619210
18629891
18630605
18631437
18634557
18637969
18638418
18639816
18640325
18651226
18657051
18657073
18657563
18664144
18666730
18667701
18671068
18678043
18679441
18680135
18680248
18681520
18691633
18691636
18696452
18697888
18698843
18699625
18699666
18702296
18707495
18716028
18719270
18727281
18733215
18737199
18743196
18744698
18749888
18758216
18758728
18782117
18782306
18784068
18785975
18790059
18791592
18804683
18810175
18819003
18822465
18825632
18825635
18831374
18832204
18832835
18846529
18847318
18850777
18851754
18852027
18862156
18873503
18877650
18878479
18886220
18887285
18891285
18891438
18893298
18896575
18899362
18906971
18915202
18916499
18929065
18934481
18934745
18937523
18938305
18939373
18945923
18954905
18959190
18959771
18960695
18966032
18973893
18979997
18981012
18982548
18991040
18991756
18993738
18993845
18995020
19006427
19027419
19032395
19034403
19041192
19044575
19063123
19066909
19067157
19074003
19074169
19075281
19078244
19079026
19081423
19081649
19082381
19087304
19096811
19124476
19145380
19152662
19163142
19166193
19174779
19183927
19192887
19199927
19202139
19205095
19206273
19220926
19223957
19232474
19234252
19243778
19246897
19253152
19254085
19256014
19256913
19259162
19260177
19264713
19267801
19269561
19270302
19271263
19272495
19279111
19288420
19292997
19299588
19302918
19308526
19316220
19326430
19335534
19335562
19343884
19346677
19353451
19356690
19361267
19363117
19396789
19403977
19414262
19415821
19425647
19431246
19432213
19456473
19457667
19459539
19462225
19462363
19467277
19472294
19473594
19477942
19479658
19479780
19481335
19485259
19488200
19490242
19490886
19503754
19511306
19517966
19520916
19521488
19524495
19540912
19540960
19544095
19544909
19547205
19554933
19555694
19572900
19577465
19580239
19585297
19588951
19595017
19601467
19610335
19612557
19617168
19624331
19625823
19629584
19633467
19633721
19638892
19639238
19641337
19644239
19648427
19650306
19655383
19658845
19659753
19661173
19669055
19680173
19680616
19689478
19693698
19694649
19698259
19699777
19707307
19710992
19711803
19715566
19744365
19761104
19772376
19774383
19774440
19777829
19789466
19792252
19797197
19798454
19806022
19828296
19837042
19838783
19845726
19847541
19856922
19864019
19864057
19865137
19872325
19873299
19874949
19877638
19881144
19892542
19900339
19909249
19931720
19933046
19936122
19974025
19983544
19988187
19997182
20001508
20001690
20006286
20011875
20012978
20013317
20017288
20031466
20032327
20051487
20051805
20056162
20071637
20072241
20076752
20078031
20082649
20082756
20085831
20088926
20089466
20101794
20122786
20141331
20141428
20148013
20148317
20148635
20156486
20164415
20200053
20226380
20229276
20229418
20230703
20231001
20231579
20240253
20241664
20259118
20263306
20270547
20277616
20279781
20279828
20288436
20291492
20292809
20295133
20295825
20308360
20310113
20315057
20326355
20327844
20329738
20336376
20342776
20343724
20352339
20356592
20360689
20363699
20369112
20377204
20380387
20385090
20387258
20400814
20443577
20457676
20465970
20472794
20475112
20480472
20492903
20499642
20506798
20516914
20520094
20522924
20524847
20528808
20532867
20535362
20536942
20538227
20538918
20553869
20559627
20560491
20565976
20572033
20577060
20577456
20577999
20587198
20588291
20604844
20610772
20620398
20620826
20620979
20621347
20632396
20643787
20657859
20670884
20681911
20682036
20688169
20691848
20698643
20699827
20700204
20702215
20704602
20705466
20705696
20706000
20706459
20707166
20707898
20713411
20730140
20731061
20737451
20757020
20758785
20758870
20761245
20763074
20765662
20774933
20794436
20797135
20807040
20810355
20812098
20812560
20817785
20824225
20828061
20828067
20831586
20840514
20845603
20849392
20852273
20854818
20857708
20863749
20867481
20872395
20874022
20877707
20878213
20879353
20884487
20894204
20903135
20907135
20915557
20925095
20925698
20926729
20928903
20930508
20932396
20954488
20965754
20967048
20974751
20977220
20985731
20989611
20996362
21000946
21015359
21020486
21026568
21028774
21043144
21044846
21058214
21058858
21064092
21068515
21079300
21095655
21107559
21107650
21122249
21134988
21138268
21141576
21149471
21156951
21159590
21169869
21171424
21175829
21193023
21195869
21195878
21196092
21200814
21201518
21202435
21206843
21209670
21212937
21220018
21227257
21231850
21234228
21241846
21242848
21245390
21250470
21250954
21255446
21262568
21268038
21285571
21295809
21301860
21306808
21307122
21318762
21334316
21335475
21340115
21343822
21351676
21352195
21357278
21361440
21366360
21366608
21367563
21374594
21375530
21378229
21384324
21390029
21394103
21395765
21397647
21400990
21401125
21403110
21406975
21408448
21411982
21415868
21425438
21427379
21427477
21428479
21431350
21436041
21439572
21445622
21451500
21453769
21457183
21458679
21458732
21464199
21465851
21469385
21480076
21483425
21486052
21486777
21490783
21501269
21505184
21506283
21510562
21513138
21513475
21515403
21516311
21516654
21520609
21526060
21526770
21550728
21553112
21554780
21563888
21576482
21603151
21605008
21606698
21607433
21608263
21613248
21614203
21614989
21616233
21617596
21617892
21621611
21625463
21625821
21630568
21635183
21645503
21653476
21663394
21669219
21673784
21674886
21675166
21676523
21678132
21683504
21689331
21694688
21695165
21720578
21731253
21736631
21753316
21757385
21759059
21760850
21768584
21779759
21784503
21786372
21794983
21797983
21800446
21803648
21819993
21820738
21822720
21829098
21833920
21857806
21861679
21862876
21864412
21866659
21867567
21867783
21868955
21870325
21874104
21879222
21887962
21892106
21894066
21903224
21924288
21941199
21951152
21967265
21968886
21971905
21972694
21974466
21976033
21976372
21979081
21985515
21989432
21990205
21994986
21995825
22003742
22005859
22007031
22009576
22011257
22014191
22023207
22024128
22024357
22035934
22064906
22066436
22068481
22089668
22091857
22113010
22113318
22117172
22118897
22127785
22128495
22131467
22139691
22149141
22160162
22177994
22178509
22184390
22187956
22192693
22203833
22203843
22209325
22209868
22209925
22210050
22211794
22220138
22225369
22227646
22230355
22231762
22232535
22241312
22242654
22244112
22253411
22273687
22275468
22292772
22308169
22308568
22319117
22319802
22319934
22332283
22337549
22338667
22338909
22341561
22343031
22343904
22356703
22358500
22372933
22376338
22377538
22380513
22387004
22390293
22395213
22396768
22397541
22399922
22400623
22400940
22414436
22425777
22426654
22427087
22432601
22432984
22448636
22451705
22460929
22470162
22480893
22481299
22487953
22488732
22497855
22500959
22501763
22501892
22509818
22512419
22518596
22528784
22528844
22530314
22547536
22554196
22555600
22556797
22557580
22557834
22567337
22579244
22580881
22581368
22588707
22590730
22590965
22599033
22606651
22607697
22614955
22618734
22622048
22632054
22633710
22640018
22645855
22655531
22673190
22678999
22683614
22684396
22690048
22691832
22697820
22705555
22715790
22722648
22722812
22729142
22743235
22789652
22811279
22827037
22833019
22843725
22855359
22879766
22882973
22885933
22906092
22910937
22913095
22914358
22915303
22915426
22920977
22921272
22923032
22940681
22947024
22948991
22954950
22958183
22976411
22978459
22990535
23000079
23006089
23007189
23011543
23012784
23024310
23024873
23026176
23028153
23030147
23030713
23040901
23043820
23052717
23055098
23056059
23059908
23060860
23061202
23066690
23072452
23078889
23089643
23090262
23094547
23096193
23099137
23117525
23121505
23124081
23125875
23137138
23142588
23142635
23153719
23156160
23157702
23169929
23173473
23184302
23184368
23185110
23186338
23191346
23197588
23202985
23215514
23224568
23227691
23242758
23249534
23252409
23253097
23259345
23261988
23265575
23285015
23306394
23307280
23328347
23331423
23344153
23345846
23349761
23357746
23369889
23369999
23372361
23376096
23377604
23378698
23386985
23399253
23401817
23404936
23405122
23420996
23425555
23426510
23442868
23444467
23446757
23455447
23465390
23465846
23472493
23476552
23499244
23503205
23510497
23511210
23527308
23534009
23547558
23554014
23568827
23577670
23580573
23592169
23593441
23615011
23615275
23616268
23617261
23620924
23621659
23624552
23626444
23638944
23671771
23711741
23739060
23761102
23797290
23797422
23804104
23806840
23810459
23815219
23823453
23823934
23831470
23861303
23862113
23867900
23869839
23876379
23877693
23883228
23883866
23884975
23886715
23895106
23898983
23908766
23918599
23921188
23925932
23945319
23945912
23954894
23956471
23957759
23962261
23972719
23974884
23979452
23987925
23998594
24002907
24020264
24025778
24033789
24034090
24040251
24044524
24052086
24053653
24059371
24068180
24069612
24072204
24082364
24083536
24084309
24085421
24117242
24123865
24125313
24127810
24130098
24134643
24136877
24147505
24148171
24150502
24160521
24163945
24165949
24197120
24202175
24207409
24208581
24210639
24217151
24226375
24231448
24235715
24272980
24300026
24307126
24329758
24335985
24344486
24345649
24357728
24369028
24381623
24390806
24391575
24428561
24432843
24440327
24447160
24451847
24452566
24455541
24455991
24456289
24462396
24463851
24467102
24476003
24495920
24497158
24500341
24501189
24507133
24508465
24513513
24514361
24517000
24519344
24530852
24531936
24532074
24536337
24537609
24542209
24543245
24545699
24553298
24553518
24554313
24557816
24557998
24564275
24582983
24583788
24603159
24603432
24610865
24611675
24612291
24614892
24619124
24641360
24644134
24648778
24657505
24661778
24665039
24675645
24675937
24678010
24679141
24684595
24689128
24690501
24694475
24698308
24699873
24706021
24728477
24731835
24750556
24751888
24754869
24770474
24770882
24781274
24784237
24791689
24792707
24799364
24799879
24801123
24803975
24808402
24815898
24815998
24817208
24819190
24821012
24824952
24832627
24832862
24839818
24849305
24851885
24852020
24854288
24905342
24941345
24954021
24969179
24984868
24985450
24987488
24987715
24992091
24994868
25000718
25004692
25014249
25015502
25016328
25017516
25021660
25022310
25029598
25031571
25033283
25036218
25037355
25043560
25046764
25063355
25063411
25064366
25078302
25081428
25087190
25087620
25088393
25090247
25094466
25095628
25105653
25110541
25111773
25135360
25143120
25144640
25155265
25158470
25166732
25173983
25181315
25181601
25201717
25215816
25220950
25223727
25234581
25235731
25241659
25242435
25243264
25252466
25254345
25256189
25258523
25260578
25277476
25282453
25295182
25307384
25312847
25316991
25317384
25335385
25347355
25353644
25356506
25357361
25361957
25363741
25366572
25367009
25371755
25376619
25383112
25386420
25386436
25390715
25392336
25393348
25401877
25412562
25413385
25419483
25429630
25430777
25435662
25445834
25458102
25462390
25526287
25527698
25532715
25533692
25570571
25578381
25584052
25589901
25605144
25618619
25622178
25628031
25642894
25643082
25643271
25645319
25653632
25663688
25665274
25672758
25673461
25679525
25694680
25694997
25698019
25699304
25700847
25702260
25715106
25715904
25716837
25718490
25722813
25733193
25741028
25742718
25746711
25765155
25775098
25775416
25785186
25792487
25796084
25798415
25800966
25807227
25814663
25829947
25869443
25872569
25873942
25895779
25900847
25905386
25911302
25915505
25915904
25916457
25919476
25941251
25944446
25944553
25986571
25986798
25989170
25994331
26022492
26049231
26069459
26076295
26097724
26105251
26109756
26110397
26112851
26113709
26124010
26129863
26134449
26138219
26150930
26158790
26173125
26180571
26184096
26211117
26218412
26243975
26254559
26260600
26263943
26268866
26271712
26272604
26281664
26285836
26292198
26300175
26304029
26305195
26315330
26355749
26383373
26413394
26427535
26427987
26428487
26432791
26435313
26435392
26442574
26443475
26443912
26453459
26453528
26470870
26478774
26482692
26485792
26485975
26495956
26505248
26555533
26562152
26574875
26579616
26581734
26595120
26602540
26612631
26619247
26619376
26630010
26661464
26662259
26663035
26670414
26690555
26690957
26700652
26705713
26708359
26710394
26712358
26739099
26739275
26743824
26801409
26816775
26824205
26886022
26892525
26892657
26905044
26922109
26932631
26957248
26975011
26990486
26991821
26994737
26994752
26997002
27001020
27004180
27007174
27011302
27020159
27027956
27029963
27053975
27055904
27071165
27081907
27087536
27105198
27130479
27134566
27153532
27164232
27196697
27202409
27218679
27229360
27231365
27231374
27241701
27246510
27253409
27256523
27260060
27265947
27271008
27275058
27276773
27278429
27279701
27286889
27291111
27291969
27303668
27310128
27327356
27332445
27332841
27336693
27344324
27356409
27361848
27381197
27391008
27391174
27391727
27393584
27403467
27407511
27407781
27418431
27420357
27433897
27434406
27447010
27448179
27454198
27474084
27479918
27488520
27491278
27498510
27507863
27512063
27512942
27519678
27521598
27542728
27552841
27577163
27582877
27586776
27589189
27594806
27603332
27617869
27646350
27653972
27655376
27677386
27704721
27705946
27715663
27720693
27723602
27739630
27750607
27754540
27760073
27761307
27774003
27776601
27779579
27793289
27794445
27795573
27797065
27804991
27820124
27823448
27829998
27830378
27830617
27839649
27842225
27845612
27865602
27884995
27992770
28005689
28014360
28028035
28057578
28057660
28062520
28071681
28075922
28079752
28082347
28092683
28121315
28124303
28134792
28170195
28175005
28219553
28237937
28241475
28244107
28244805
28246702
28249219
28250947
28251119
28261295
28262492
28263705
28264028
28275574
28282865
28288438
28289708
28309487
28318447
28324152
28334205
28336140
28338402
28347918
28357195
28357641
28359514
28363054
28366124
28402415
28414963
28419462
28421447
28425575
28425943
28433646
28440253
28450786
28455298
28462322
28462608
28467996
28473456
28476428
28483660
28484056
28485727
28491555
28492626
28496770
28498306
28499022
28509038
28509226
28530178
28547585
28561452
28567214
28581470
28590210
28592824
28599710
28606635
28608812
28609949
28610351
28624011
28625437
28626028
28638462
28646354
28646627
28668593
28668869
28669645
28678348
28678498
28681128
28683695
28686393
28693496
28696717
28700311
28702563
28704985
28721918
28729446
28739279
28753429
28757381
28766435
28770764
28791392
28795633
28805133
28822179
28825657
28827269
28830319
28835880
28841409
28845817
28845986
28847522
28848298
28853539
28859998
28868543
28896208
28924334
28927375
28938849
28959247
28963309
28963859
28964013
28968025
28971465
28979564
28983308
28989947
28990339
28994822
28996453
29011831
29018475
29020637
29044566
29045540
29053419
29059948
29067896
29070582
29072712
29086770
29088756
29089541
29098489
29100323
29100678
29101417
29103587
29105067
29109142
29110248
29114841
29126857
29138245
29144117
29144205
29145283
29146081
29146913
29156621
29158901
29169460
29169856
29173629
29175253
29177829
29199748
29200270
29202039
29207709
29215120
29215324
29223357
29223750
29232349
29234070
29239766
29248173
29252800
29253275
29258996
29262492
29268169
29275555
29279702
29293607
29304706
29316556
29317564
29334359
29339480
29346040
29353322
29365593
29368600
29375301
29379799
29390644
29401366
29424105
29429160
29429600
29432038
29433078
29433835
29441142
29441783
29456391
29478203
29478631
29485850
29492617
29504850
29520533
29524696
29528202
29529546
29535735
29544733
29547962
29550564
29552430
29568383
29573152
29590842
29596224
29601857
29605975
29609604
29621485
29627473
29642518
29642688
29650771
29663743
29674578
29689585
29697304
29706619
29729606
29731680
29731695
29740165
29748933
29754155
29760755
29767506
29785979
29828780
29840115
29842845
29850573
29861123
29862986
29865144
29869812
29877563
29884930
29886064
29901018
29903280
29912921
29922038
29924498
29933847
29952110
29957881
29961563
29969272
29973271
29981204
29982577
29983450
29986061
29986878
29992737
30001872
30002542
30018623
30024517
30029292
30034733
30040077
30047928
30048396
30051993
30066825
30078213
30082580
30096381
30107128
30109541
30126480
30128962
30143310
30143869
30144655
30144893
30153090
30173727
30176030
30179294
30185363
30197854
30200958
30211332
30213402
30213946
30226082
30237583
30245848
30247476
30252559
30262851
30268967
30273991
30285313
30293007
30298825
30303029
30305058
30316399
30324360
30331372
30359430
30367994
30405536
30406481
30409990
30413339
30418432
30420496
30426851
30431529
30431721
30432714
30436022
30445242
30462643
30463482
30469938
30494650
30494992
30502938
30503151
30532412
30538387
30546131
30552550
30579181
30582489
30587390
30590428
30595404
30596108
30602451
30604650
30606814
30613939
30618413
30631083
30635949
30645047
30649669
30669687
30673463
30677431
30679844
30686177
30712306
30716641
30718259
30721495
30726729
30734168
30749606
30753844
30754362
30762449
30763803
30765452
30769096
30787035
30798150
30798555
30813242
30826729
30829519
30829575
30830125
30830568
30831291
30834464
30843967
30847686
30848054
30861641
30863200
30869332
30871770
30879055
30879571
30911860
30914009
30914665
30925482
30929214
30931909
30940166
30942786
30945688
30949729
30956411
30979294
30981060
30985866
30990937
30992665
30997892
31003126
31003701
31020606
31030870
31042899
31045736
31051777
31063395
31070708
31096749
31113340
31117191
31121765
31124395
31143112
31168409
31178320
31183171
31186372
31189036
31195480
31204424
31207766
31212994
31213129
31237508
31241403
31248529
31278773
31285741
31294550
31295172
31296582
31298103
31300214
31306824
31309821
31313390
31321018
31322893
31331410
31337722
31338812
31345943
31350263
31350486
31365452
31366027
31366875
31367014
31369898
31371245
31371531
31383118
31394179
31396730
31405451
31411046
31413717
31418759
31424147
31426927
31429230
31429538
31431743
31433788
31441246
31453750
31470165
31475747
31480834
31502853
31515941
31542635
31543427
31544655
31557488
31557831
31559518
31560404
31569244
31574890
31599410
31601348
31602137
31606277
31606667
31613927
31617534
31620656
31626299
31626434
31627389
31628774
31641206
31644743
31652446
31655098
31658126
31663542
31670825
31673511
31675949
31689451
31694996
31696780
31700673
31702753
31713682
31715492
31718225
31724665
31738821
31748651
31748796
31761271
31761664
31763743
31773844
31774620
31779056
31782672
31784864
31786891
31787315
31799269
31803205
31806450
31810990
31811948
31814100
31816695
31819997
31837960
31845582
31859603
31867523
31869351
31878789
31880243
31884016
31892008
31903843
31913836
31917971
31920060
31945843
31954394
31957350
31968201
31969091
31972018
31979546
31988791
32005769
32005913
32009228
32013770
32017974
32020911
32024119
32029447
32030270
32032422
32038064
32050188
32067102
32075763
32077984
32079612
32087692
32091647
32111530
32130801
32135680
32137134
32140474
32144916
32159349
32181465
32188807
32189762
32205646
32207456
32209931
32209947
32214480
32216956
32217622
32218561
32221480
32229560
32229591
32234489
32239783
32241730
32243358
32246220
32261111
32266106
32268629
32270291
32284195
32285110
32287679
32291286
32311135
32322466
32324647
32324772
32341630
32355861
32358645
32362829
32374849
32378129
32391396
32403824
32406133
32406708
32415090
32424301
32430741
32433785
32435205
32438812
32442324
32464353
32478707
32478892
32486618
32490306
32513767
32517380
32522334
32524678
32543848
32544401
32574884
32577146
32587133
32606724
32607220
32617694
32618125
32625658
32625881
32628426
32641737
32652173
32671460
32676464
32680256
32685974
32690510
32700042
32700510
32705662
32712922
32715338
32717820
32717996
32718668
32720189
32731018
32736245
32736271
32736855
32747637
32750807
32750866
32759591
32759920
32764378
32772034
32784324
32786464
32800277
32800617
32805386
32812797
32815231
32816124
32821386
32836692
32854476
32861523
32867027
32869955
32871570
32874623
32877479
32881861
32882864
32883033
32885126
32889675
32890529
32907918
32921782
32933032
32944520
32949490
32950559
32975836
32975842
32978079
32991230
32992650
33007478
33018518
33033685
33041787
33091242
33095461
33097529
33098744
33106539
33124176
33151174
33156151
33156531
33162091
33174915
33182034
33207594
33215665
33217484
33224493
33240367
33251398
33252290
33257285
33263662
33265431
33269069
33273989
33279260
33285550
33301069
33307268
33315059
33319944
33326142
33333409
33340038
33356898
33358507
33359660
33369597
33370775
33373690
33374975
33389147
33392081
33403758
33410742
33421992
33423277
33426350
33427983
33430427
33433327
33434678
33445611
33451941
33464055
33492351
33494450
33501886
33510101
33511902
33525523
33526265
33527660
33543211
33553704
33570451
33574350
33579873
33581246
33582666
33602115
33614833
33637088
33638926
33652837
33662173
33671520
33675509
33693165
33696140
33705455
33712747
33717286
33727041
33736211
33741194
33747477
33767040
33770232
33772537
33779440
33791340
33794444
33797111
33804057
33809209
33825813
33847091
33856280
33857420
33858975
33867209
33896637
33899964
33905257
33915483
33916982
33932052
33936277
33991522
33992606
33993731
33994274
34012210
34018662
34022888
34034741
34042978
34052504
34053939
34065874
34066443
34080765
34081931
34091896
34093005
34098151
34107192
34107576
34108829
34112659
34116501
34130751
34131188
34136117
34147150
34160191
34160289
34193860
34196775
34203451
34215876
34236755
34263757
34264348
34274068
34276150
34283075
34287762
34288123
34292361
34298745
34299659
34304026
34310476
34311993
34314560
34317981
34324930
34325524
34325593
34330538
34336981
34338279
34338671
34342174
34342388
34352843
34356453
34380583
34384595
34385748
34391419
34403184
34408789
34447279
34450657
34452120
34456412
34461250
34470185
34474643
34487074
34488258
34492795
34503426
34507714
34510915
34513360
34520918
34525207
34557653
34568334
34571897
34588940
34601425
34607969
34608204
34620152
34634446
34648567
34649054
34652664
34653154
34658906
34679173
34681212
34681667
34682082
34698214
34699910
34702141
34712967
34718735
34718923
34719825
34720962
34739083
34750396
34753292
34764291
34767876
34776650
34781595
34790285
34792022
34792977
34819285
34819784
34820466
34822392
34830978
34841053
34842300
34845313
34848596
34849497
34853264
34854345
34869293
34872528
34882990
34884121
34918741
34936391
34938499
34940943
34943145
34970062
34981670
34992138
34997206
34998833
35004023
35012860
35017708
35020570
35035332
35040890
35047173
35047468
35056783
35059167
35059953
35061611
35066107
35069858
35074630
35075202
35085051
35104629
35104855
35116335
35125379
35139727
35141706
35141791
35147050
35148674
35150685
35152187
35154229
35158611
35159331
35162720
35171027
35185422
35191705
35205578
35222939
35224905
35226966
35244352
35256620
35259582
35259827
35264068
35274844
35282315
35299097
35307381
35307658
35312757
35312819
35321415
35323419
35334091
35335728
35337186
35348263
35350283
35377357
35382374
35391158
35399527
35401208
35410294
35418085
35418534
35435552
35440667
35458423
35480800
35493643
35506065
35509072
35510278
35517086
35520626
35521230
35532948
35535049
35559378
35570392
35575036
35576965
35578916
35613087
35613206
35634836
35636209
35648807
35653770
35666173
35700385
35701211
35702613
35704303
35704777
35709113
35717400
35717523
35719034
35734007
35743783
35747321
35748712
35749089
35752831
35753173
35753491
35764515
35771080
35773509
35800109
35804033
35811905
35818701
35823206
35833507
35842244
35847830
35854713
35867364
35871536
35897379
35898720
35907309
35910306
35912088
35912207
35917485
35929910
35931226
35938807
35978064
35981599
35990891
35995387
36004403
36039212
36039533
36048540
36055643
36060707
36062281
36067967
36068244
36069425
36075988
36078561
36087401
36092758
36093383
36097297
36097762
36102503
36104520
36113929
36121208
36121767
36134811
36143334
36149460
36151182
36158068
36178228
36196942
36201890
36204909
36209022
36217133
36219876
36236020
36236055
36240519
36250635
36262696
36263971
36272029
36278988
36288447
36296085
36303599
36316872
36335373
36339552
36345439
36380402
36412138
36414054
36416203
36419043
36440045
36442574
36447465
36451518
36455059
36458618
36471106
36487945
36488249
36490712
36494193
36497495
36503053
36515311
36518123
36539530
36558037
36560632
36575589
36575850
36578922
36581652
36589585
36597106
36597338
36600797
36615478
36621836
36627611
36630306
36634667
36634946
36637786
36641829
36647214
36649168
36651738
36659099
36660937
36664735
36666868
36669001
36678061
36678454
36680144
36687656
36688454
36690232
36707800
36713709
36724365
36734148
36741022
36742078
36747736
36748417
36748797
36751009
36758913
36762781
36769589
36778897
36781816
36782252
36789406
36789723
36791793
36799625
36845015
36845204
36847739
36857261
36859771
36862294
36868511
36868835
36877370
36879884
36880634
36882378
36882962
36890543
36891561
36894816
36908196
36925449
36930579
36930972
36930991
36939442
36950821
36965511
36966095
36966978
36978743
36981473
36983339
36992142
36994593
36996408
37008541
37010049
37013631
37019970
37036988
37038553
37042316
37050893
37071106
37072661
37117407
37123652
37124730
37134924
37144729
37147978
37153601
37156259
37167889
37172407
37174490
37179343
37180644
37185856
37195397
37197178
37210533
37212094
37219358
37240667
37253152
37264016
37267993
37269711
37276786
37278753
37281901
37282353
37290012
37295834
37304658
37306603
37314143
37325145
37339238
37340586
37343614
37344198
37347233
37348795
37363673
37375690
37400445
37405830
37406656
37428660
37433175
37435801
37439976
37445618
37452147
37454173
37476098
37479284
37482243
37485224
37489249
37491756
37494791
37508014
37514272
37516069
37521309
37523822
37529411
37532835
37533574
37539480
37545047
37546269
37553249
37556149
37602233
37631827
37635726
37644349
37645220
37646250
37655389
37657604
37662134
37663943
37680597
37682331
37682633
37692400
37693949
37694354
37703361
37715396
37715491
37736766
37741990
37755804
37759363
37767544
37773315
37785024
37787493
37791109
37796515
37803952
37813549
37814093
37819371
37820162
37836832
37837419
37847620
37855279
37859256
37863576
37864974
37879607
37887794
37891291
37897797
37902104
37908127
37917778
37926524
37940658
37943099
37956580
37962297
37967883
37977713
37991011
38001388
38020781
38026766
38029556
38035038
38035924
38040378
38054845
38059570
38099321
38112569
38113395
38114790
38119565
38119867
38120143
38127762
38136429
38137865
38142518
38149134
38152235
38157795
38162272
38169089
38181433
38181791
38195460
38199519
38207175
38220590
38253988
38258823
38261785
38270403
38288533
38299654
38303405
38305010
38307574
38310163
38312484
38316556
38321450
38332427
38334956
38335072
38340206
38357978
38385536
38410662
38449995
38465131
38473981
38495718
38495903
38505243
38520379
38530055
38535619
38538214
38538377
38551110
38557833
38562093
38572957
38573551
38576862
38577311
38588451
38589557
38603946
38608922
38609852
38657990
38662759
38663146
38665873
38693952
38712456
38715607
38744164
38762037
38799786
38801125
38803013
38816342
38829345
38835186
38835993
38849596
38852581
38857494
38857570
38871958
38872693
38883588
38889721
38914404
38922189
38928381
38939505
38942660
38956853
38965370
39017671
39020992
39021567
39048578
39050526
39074939
39074949
39087028
39089117
39091464
39099909
39109035
39117992
39132946
39135170
39148057
39158594
39167899
39171302
39172951
39174402
39176070
39192369
39198357
39199384
39200210
39208137
39211197
39259222
39264978
39289592
39291634
39300726
39310254
39318667
39320445
39322937
39323634
39323854
39330144
39330429
39338302
39347369
39356033
39359461
39369822
39370632
39376413
39377447
39385165
39386142
39390952
39392460
39403387
39405806
39423546
39432858
39435918
39449056
39457409
39471657
39472269
39481813
39483224
39494100
39494750
39499394
39512563
39515752
39536336
39548890
39553128
39575646
39579187
39601932
39644086
39663778
39670689
39683538
39694179
39707772
39710908
39725670
39730628
39730866
39731674
39738142
39745560
39750712
39762223
39771710
39782567
39792024
39804345
39805096
39820172
39823069
39823974
39836477
39841001
39860341
39869272
39870073
39871220
39880560
39882410
39891094
39893777
39896714
39911257
39913644
39915878
39921322
39923458
39931165
39940423
39946669
39958607
39978238
39992910
39996202
39999168
40005928
40006833
40008636
40009284
40012991
40021146
40025607
40044429
40044498
40053938
40068638
40072251
40079743
40089576
40092878
40115444
40135824
40145758
40146411
40176284
40193755
40199476
40199950
40200396
40210833
40220917
40223628
40223990
40224483
40225472
40237326
40240307
40242434
40257705
40259628
40263036
40278788
40291678
40303799
40306387
40314200
40327514
40334385
40350863
40352188
40358267
40359471
40360278
40372665
40388838
40403101
40406189
40410606
40420923
40421941
40443882
40449066
40481798
40511854
40514244
40523220
40524671
40528627
40543744
40563935
40573121
40574151
40574434
40579508
40589363
40621015
40635460
40638739
40648648
40653426
40664774
40673247
40673712
40681767
40681905
40703937
40704490
40718369
40727090
40732067
40733964
40740081
40754293
40758962
40762414
40770246
40772622
40773083
40780400
40781302
40782819
40782970
40798119
40801056
40809651
40811948
40815724
40819287
40819475
40823085
40829808
40837964
40839321
40840656
40844529
40847680
40848139
40859122
40864023
40870488
40872615
40888282
40892901
40893287
40899225
40906340
40910047
40911945
40934703
40947775
40948566
40949003
40960837
40969816
40970099
40995458
40998383
41000569
41005269
41009513
41017411
41028225
41036465
41039434
41041975
41045928
41058714
41063181
41070686
41074767
41085622
41092835
41093520
41104509
41109422
41112658
41133273
41133647
41147985
41151394
41181173
41181393
41197223
41209221
41212174
41214194
41253920
41260988
41262980
41267752
41272942
41277761
41281669
41295907
41301578
41308225
41312903
41317644
41317861
41324948
41329792
41330861
41336223
41344140
41349572
41376059
41378883
41380303
41397070
41406529
41408216
41409579
41420575
41429387
41454482
41473740
41483803
41490579
41491214
41495370
41496793
41509696
41517292
41523123
41524653
41528828
41535548
41535733
41542199
41544533
41547206
41547640
41550907
41568827
41575113
41589495
41590139
41601744
41603994
41604041
41605464
41613745
41633302
41643034
41652000
41667441
41673238
41696850
41699668
41757856
41760992
41776411
41785854
41789455
41797415
41798474
41805279
41807459
41808109
41810915
41810974
41813422
41815197
41826962
41830600
41837995
41840424
41842384
41858381
41873118
41880460
41889034
41893645
41947360
42046669
42079694
42082628
42090639
42104804
42104811
42108411
42115740
42118847
42120582
42125262
42126720
42139076
42143785
42154693
42159660
42168940
42186580
42187466
42187664
42189181
42209715
42221442
42223984
42227546
42251438
42256625
42260521
42264002
42296099
42301430
42302191
42320594
42321493
42328904
42374557
42385009
42386049
42408530
42410629
42411414
42415134
42423503
42432605
42436396
42442629
42443735
42446955
42456053
42457703
42472588
42475233
42484098
42485823
42492832
42500510
42508584
42516014
42522878
42530830
42534015
42556396
42561535
42569339
42571548
42591117
42593994
42611424
42613614
42616020
42634980
42635834
42652042
42670787
42689015
42694456
42703777
42707695
42708612
42721706
42726717
42731323
42746500
42747731
42749981
42750358
42763889
42765478
42766072
42769631
42771607
42778629
42780369
42781522
42791035
42794950
42808681
42815910
42816507
42817801
42819177
42822489
42823491
42826394
42836299
42838938
42844458
42851162
42859773
42860870
42861856
42868519
42879930
42898289
42903416
42929934
42929997
42948209
42962302
42963578
42973810
42979430
42979458
42979901
42987416
42990253
42990928
42992559
42998145
43021490
43038379
43038954
43058410
43060568
43065551
43072798
43074721
43076047
43080178
43087485
43091290
43099700
43106115
43110036
43115766
43124908
43133902
43143833
43144668
43146333
43149843
43158699
43173301
43174121
43174416
43180203
43181689
43183297
43184061
43188073
43191170
43192694
43192926
43201937
43232309
43238093
43246327
43261972
43267015
43270496
43272585
43276257
43287564
43299819
43300758
43313828
43323884
43324462
43334009
43336177
43343465
43345231
43350729
43351935
43352117
43353550
43353939
43357166
43357449
43372657
43376562
43376675
43437782
43503391
43503900
43513473
43528452
43539717
43541398
43550374
43552523
43561341
43571162
43573339
43590137
43599474
43616985
43617937
43628285
43645338
43646045
43650050
43651024
43663191
43667634
43674784
43681161
43681450
43685905
43686760
43690706
43700033
43701547
43708364
43716303
43731728
43735153
43737939
43762877
43765837
43766804
43768787
43771925
43784426
43787888
43810029
43825536
43827293
43830114
43838382
43839215
43839988
43843007
43844427
43845771
43848021
43858910
43863757
43872827
43893137
43898745
43901073
43902449
43910008
43912401
43913793
43918826
43922115
43929599
43931194
43946287
43950035
43953603
43981020
43994915
44010309
44011657
44026294
44026394
44029237
44033139
44041282
44041527
44046783
44069308
44071281
44075497
44077897
44082908
44085956
44089509
44094061
44098469
44103143
44105229
44110422
44116294
44123240
44131537
44138153
44145894
44147003
44147996
44148882
44149001
44152919
44160550
44161671
44168605
44168633
44170970
44192192
44204299
44204701
44230884
44264979
44277282
44292138
44293825
44293960
44294878
44295440
44298280
44303718
44308421
44311016
44330827
44340553
44348495
44353899
44361256
44366236
44367634
44370295
44376075
44380467
44391764
44392820
44394149
44397872
44403715
44403853
44410507
44410649
44471093
44486125
44494061
44497372
44498277
44498553
44502883
44509675
44512622
44526690
44528260
44546840
44549956
44554100
44554141
44561024
44562249
44567851
44585654
44590106
44592195
44603784
44613621
44621468
44626099
44628091
44631028
44633331
44639111
44640726
44646054
44648596
44651181
44652118
44654515
44656984
44659079
44662296
44662425
44673060
44679173
44679475
44681614
44682667
44684636
44688859
44699807
44710149
44715578
44722254
44725970
44726080
44728568
44733381
44735829
44738779
44751826
44758068
44758649
44763044
44764404
44764540
44769764
44770970
44774388
44779943
44791397
44801962
44820614
44825238
44836655
44864062
44911406
44932027
44954578
44974813
45001504
45004325
45026501
45028848
45031264
45057355
45066371
45072840
45110046
45118974
45212999
45301205
45360182
45374973
45376742
45417199
45419687
45419983
45423954
45428964
45433982
45440447
45455926
45462149
45469057
45473013
45482123
45486933
45488463
45517859
45522622
45524805
45525113
45527469
45529389
45538575
45552526
45560993
45563481
45564160
45571596
45579161
45581046
45586305
45593515
45610947
45628330
45631603
45653456
45743381
45745119
45747054
45750469
45770996
45783323
45792057
45809964
45824167
45829703
45833234
45833265
45840494
45840997
45856098
45856573
45861634
45869325
45869915
45871335
45875306
45917294
45930545
45932892
45964807
45979676
45983358
45997077
46001256
46004093
46008459
46012697
46022587
46023520
46023539
46024570
46026125
46030579
46035722
46041421
46041980
46049354
46070723
46078583
46110819
46122326
46136608
46137491
46142037
46144311
46146256
46150824
46151081
46151320
46170321
46178388
46178900
46181473
46185991
46188268
46209798
46220288
46221924
46223216
46225550
46232895
46240859
46247469
46254653
46268630
46278558
46280361
46283151
46284473
46309481
46314865
46317284
46319725
46333998
46335330
46347243
46347327
46351754
46355373
46376026
46390056
46390553
46392503
46399914
46405494
46405927
46411303
46422361
46423162
46424790
46435738
46438135
46447048
46452313
46463214
46467110
46474138
46479862
46487430
46489550
46491800
46494904
46496041
46501115
46509314
46517586
46521673
46526668
46541751
46544915
46549313
46550450
46550689
46556268
46560227
46560538
46562102
46564936
46572928
46581784
46582843
46584131
46588859
46591049
46595438
46603128
46612522
46681389
46681621
46693509
46699384
46699638
46701771
46705503
46708466
46726056
46734456
46735038
46739769
46745581
46752071
46762822
46763127
46770330
46804379
46814033
46826860
46830787
46847299
46848465
46849998
46856413
46867911
46869196
46872074
46876588
46885711
46885809
46885906
46889632
46914269
46919330
46919942
46928984
46933297
46936436
46943140
46950413
46952012
46952354
46961678
46965282
46967842
46970315
46997690
47008865
47009905
47018340
47019207
47033388
47039097
47044051
47049985
47050406
47051204
47053611
47058188
47063742
47065668
47079743
47088765
47094414
47097203
47100549
47104850
47112622
47151509
47171144
47171490
47173463
47176274
47272174
47274531
47282746
47291231
47308158
47311278
47313596
47313700
47329059
47330853
47337447
47347444
47348537
47357249
47358188
47367054
47375916
47376987
47408341
47416559
47418054
47418460
47418758
47423747
47429358
47429571
47436049
47436863
47459768
47460045
47485529
47486324
47490873
47509776
47537118
47551069
47566561
47567732
47574898
47583312
47584329
47584647
47593990
47597398
47598998
47602271
47610461
47621711
47622481
47635358
47636543
47638974
47646338
47673422
47677487
47683572
47712516
47783296
47790917
47792526
47793764
47797430
47797801
47802142
47810998
47823307
47834165
47836131
47851462
47852200
47853605
47859068
47864490
47866193
47868926
47871374
47872027
47881200
47898781
47902500
47905139
48184515
48292605
48621790
48649593
48800716
48859719
49102693
49292011
49413355
49505219
49547423
49764959
49771933
49772370
49793328
49795678
49827756
49830769
49853693
49855440
49859587
49860727
49866624
49870623
49878543
49880582
49882235
49886020
49903092
49907638
49911832
49913095
49913283
49930713
49935636
49939252
49944112
49945912
49952258
49969533
49979068
49994371
50044599
50044730
50048321
50049038
50062770
50066533
50073595
50078006
50080130
50080623
50094434
50101012
50111857
50112649
50115721
50118043
50127298
50140383
50140574
50143254
50144162
50146386
50152638
50155362
50155390
50167853
50170165
50175320
50186143
50186935
50187076
50188898
50189018
50193183
50193318
50196092
50202049
50203120
50207022
50219645
50220386
50239556
50275103
50315841
50349518
50351205
50351727
50356578
50358883
50361243
50370931
50373913
50391886
50392012
50398647
50407207
50409369
50417179
50419001
50423333
50427961
50428130
50428866
50430851
50441281
50449101
50452798
50454727
50457438
50482461
50486740
50492630
50494764
50496052
50502712
50504528
50534357
50540166
50546543
50553383
50559766
50568104
50586225
50592860
50595480
50597481
50601615
50623902
50625108
50628181
50629368
50643063
50643135
50643367
50643534
50645925
50652271
50653917
50663665
50667005
50670721
50675493
50682954
50697896
50701116
50707537
50723839
50729657
50735868
50738290
50742133
50750646
50751441
50757285
50785320
50787491
50806498
50819959
50823506
50829579
50833346
50834005
50838413
50839302
50851055
50856314
50864149
50875575
50915410
50920861
50921439
50922438
50926199
50927022
50943540
50944046
50968155
50971214
50973071
50974698
50976140
50990278
50991459
50995087
51002662
51004057
51015046
51024512
51027260
51030132
51031084
51034122
51037392
51039123
51040292
51048366
51064620
51070231
51080086
51087551
51089744
51106435
51108791
51108838
51110063
51121200
51124163
51125891
51126356
51135457
51151451
51155092
51166050
51176640
51186605
51191695
51199492
51201858
51207032
51212074
51215203
51216111
51219325
51220739
51233911
51247819
51249996
51268651
51287051
51288066
51288471
51297774
51313359
51318005
51332985
51359317
51361410
51364787
51364862
51365230
51389081
51396724
51397770
51398411
51400054
51435661
51439224
51443396
51456612
51457087
51463285
51464831
51464865
51472468
51478013
51478355
51484994
51494406
51494701
51498763
51500940
51502580
51503410
51504930
51513645
51515860
51517192
51523981
51527481
51538888
51542711
51547024
51548064
51548557
51581582
51593118
51599568
51617566
51626676
51636846
51659286
51660722
51678613
51680420
51695546
51700453
51707365
51709077
51719218
51724238
51729375
51730525
51735545
51736670
51745095
51749334
51762767
51763788
51769082
51792235
51795430
51801047
51805194
51822781
51842284
51848052
51862933
51869430
51892867
51911173
51914226
51926447
51943877
51947923
51949440
51955821
51971328
52003843
52011364
52061269
52067348
52074919
52098424
52105933
52121848
52123635
52125326
52134380
52159003
52179870
52197658
52210303
52215335
52217000
52221333
52222140
52239381
52244992
52281306
52286417
52287444
52296709
52339397
52342428
52350418
52351228
52358209
52358419
52388349
52395603
53034911
53388887
53524000
53575912
53615515
53623900
53632099
53644191
53671046
53686559
53715637
53738753
53793791
54372145
55632279
55709195
55826348
