4587224
4588097
4604038
4607622
4608803
4612611
4613265
4615423
4616698
4617075
4618671
4631640
4652990
4654482
4668626
4673750
4677174
4696724
4706667
4714528
4726767
4727003
4727691
4746022
4754492
4759044
4764347
4770247
4771123
4776203
4776225
4777026
4781104
4790268
4792982
4793083
4801085
4805235
4811003
4814163
4825888
4826654
4829676
4830820
4833578
4842114
4848482
4857429
4863734
4868242
4873206
4873278
4875660
4877871
4878010
4884610
4886168
4893136
4895744
4917509
4927367
4928401
4933575
4956908
4974928
4976288
4989269
4989445
4994575
5018627
5027870
5034527
5039843
5052868
5056154
5056207
5068899
5085016
5097378
5112658
5118882
5121172
5121848
5121851
5123839
5129450
5132070
5138988
5140603
5140615
5146754
5149695
5154193
5168434
5184155
5190485
5190680
5205854
5207346
5212127
5230399
5230594
5259289
5260348
5280423
5283149
5288867
5294198
5298195
5301522
5316262
5320801
5322099
5323001
5326152
5332557
5337530
5348049
5353901
5354596
5363028
5365236
5368994
5382791
5399153
5409174
5421986
5422567
5430917
5433591
5447219
5450455
5450958
5452990
5454677
5457580
5467508
5475908
5476672
5489137
5495860
5505006
5514258
5515266
5515806
5518323
5519960
5536541
5554316
5556226
5556477
5563760
5564800
5564853
5573043
5578695
5586156
5587290
5592823
5597123
5597708
5604311
5606187
5607242
5611773
5615762
5617025
5638875
5640697
5650424
5656041
5656930
5669060
5671450
5675996
5678428
5690482
5692989
5693391
5693561
5698261
5704117
5705219
5714267
5730120
5732868
5754966
5761187
5765557
5768937
5773838
5791305
5795204
5801189
5812052
5814632
5815587
5817007
5822206
5829394
5832338
5833578
5833751
5841747
5853465
5861187
5868909
5871947
5874824
5893448
5898003
5900608
5901396
5917845
5926431
5933246
5935910
5939774
5945419
5946553
5948947
5954178
5962164
5967894
5972798
5977573
5980014
5993809
5995760
6003064
6005405
6013790
6021835
6022146
6026510
6045312
6047870
6063138
6072955
6073907
6077416
6089266
6097102
6101387
6110566
6115813
6118254
6131392
6132668
6134826
6141891
6150553
6157254
6167417
6170153
6179575
6181557
6189021
6209753
6216554
6222514
6224663
6235407
6236258
6237672
6283662
6290096
6296370
6298497
6301478
6303982
6312093
6326099
6328555
6330318
6336139
6336855
6346387
6347040
6356113
6360725
6371787
6377008
6386373
6402420
6402731
6406504
6407394
6407786
6411204
6416614
6417095
6419404
6423522
6424977
6434088
6436139
6442718
6444540
6450201
6458246
6467404
6485723
6501767
6507431
6510124
6510139
6523218
6528769
6535124
6544160
6544367
6547439
6547728
6548052
6548291
6553996
6558265
6560229
6563006
6565620
6578604
6580831
6581362
6587878
6596310
6596816
6598013
6599244
6599866
6602675
6603696
6604510
6608983
6611113
6637820
6638640
6641087
6641524
6642894
6645803
6654480
6656038
6660593
6665824
6667543
6678475
6680762
6682952
6691811
6704199
6705681
6706552
6709436
6710890
6717912
6723347
6726378
6732803
6734691
6735621
6741427
6745256
6745457
6746192
6747204
6763666
6777828
6778013
6781070
6785145
6786499
6789958
6797397
6804792
6810959
6819263
6829014
6838288
6850107
6857100
6862139
6864213
6866641
6880294
6889031
6893084
6902738
6907350
6911864
6925895
6935140
6940864
6941232
6949519
6949931
6951985
6957103
6961203
6963261
6977514
6988783
6995588
7014836
7016844
7019615
7019885
7020510
7022725
7023821
7031009
7034955
7040823
7046130
7051178
7062755
7066676
7068513
7069468
7070191
7074325
7074366
7080580
7094482
7099681
7105166
7106574
7110391
7110790
7111808
7113633
7118537
7130550
7136350
7146243
7165447
7178642
7189100
7195198
7212549
7216555
7222294
7223944
7227271
7230309
7232225
7232549
7234999
7243406
7245910
7253729
7260977
7272305
7276380
7281303
7284331
7289411
7301064
7324101
7328333
7336997
7358055
7360336
7363286
7371426
7372365
7374124
7378507
7380348
7381815
7385733
7394837
7405170
7411305
7415050
7427161
7431691
7434107
7444747
7456016
7468353
7476254
7484696
7485293
7485701
7487432
7495924
7505776
7517064
7530739
7534811
7535841
7537374
7544970
7559491
7564197
7567964
7572158
7592440
7597913
7604205
7610799
7625323
7626156
7626344
7639542
7649673
7650481
7653048
7658464
7661756
7672268
7674489
7677442
7687033
7697124
7702807
7715581
7720447
7724660
7726850
7727261
7731286
7737911
7738474
7743444
7749692
7753437
7768624
7769079
7771256
7773405
7783628
7786656
7802609
7803392
7804890
7808669
7809854
7812480
7813470
7815625
7815760
7833576
7834531
7834600
7841842
7843764
7847123
7851351
7851954
7852115
7852476
7857531
7857719
7871175
7872934
7887957
7889286
7908714
7908808
7918509
7936718
7938643
7940381
7941974
7943733
7952347
7955668
7965284
7966754
7983301
7987633
7992660
7994215
8003395
8005616
8007482
8012810
8032662
8047355
8052228
8053057
8054565
8063264
8064282
8069491
8070298
8083826
8085013
8091617
8101475
8110680
8112440
8116291
8121044
8123696
8126008
8130491
8136828
8138267
8161816
8161986
8162476
8166202
8174203
8184781
8185026
8186744
8190106
8192299
8202402
8204410
8205845
8222229
8225160
8225647
8238317
8242530
8249934
8251829
8264609
8267295
8284803
8285601
8286814
8291875
8293420
8302924
8304950
8336137
8337019
8341766
8347814
8353915
8356183
8364691
8370876
8388761
8401133
8404661
8406226
8411444
8413662
8415631
8428069
8445046
8449897
8450688
8452347
8453673
8458756
8460151
8462960
8471618
8479368
8482042
8493687
8500112
8507159
8514928
8522995
8531446
8541873
8546975
8549366
8553906
8554440
8559837
8563110
8570031
8572120
8580640
8583923
8585378
8587037
8603404
8609524
8619904
8620049
8624130
8631962
8639046
8643893
8646237
8650824
8650861
8660729
8662419
8666459
8667069
8668234
8688042
8688733
8714849
8721777
8733071
8735125
8738418
8741898
8744993
8756120
8759067
8770025
8772472
8773148
8780317
8784539
8787210
8792368
8803021
8804429
8809967
8815421
8815459
8816291
8837271
8837450
8841917
8847497
8848279
8851798
8855838
8863208
8863707
8880499
8902625
8907718
8911061
8919182
8922330
8923181
8934362
8937670
8941848
8945244
8950902
8951669
8962935
8964323
8970025
8971552
8973387
8988592
8996235
8998978
9000593
9000828
9003499
9008324
9017256
9020112
9023420
9024742
9035267
9040391
9046281
9048157
9056874
9059394
9061571
9070993
9072658
9074037
9083440
9085350
9099148
9109707
9114827
9116744
9127972
9132574
9138634
9145725
9147230
9155869
9157965
9165859
9169152
9205032
9313929
9513499
9725148
9820275
10352653
10402481
10523791
10601137
10828802
10895840
10950045
11030275
12026176
12139308
12357828
12396852
12400242
12401072
12405416
12411822
12413550
12428196
12430920
12435890
12437461
12438604
12444275
12455028
12457985
12461962
12467036
12470190
12474293
12519968
12525620
12531674
12539163
12544432
12564623
12569524
12571918
12584735
12588034
12591342
12594565
12607861
12609871
12612158
12614078
12621256
12631671
12632789
12633857
12637011
12642047
12642226
12650966
12655289
12656791
12658814
12661733
12674249
12675496
12680070
12685819
12702793
12733766
12745475
12752126
12757077
12764142
12771833
12785043
12796538
12808696
12816868
12822450
12831193
12833345
12835029
12842393
12851953
12855333
12859219
12977906
12999322
13005558
13012039
13014716
13017653
13024213
13028567
13028580
13029246
13031856
13032082
13033383
13044963
13046270
13062100
13072970
13082150
13085669
13103337
13128256
13134203
13134373
13139732
13142861
13143364
13143750
13143895
13147712
13148639
13159892
13179131
13203287
13210666
13214021
13216060
13224163
13231030
13250323
13270696
13273278
13286099
13306431
13310261
13328620
13332048
13334203
13335312
13336698
13358620
13365993
13369637
13372656
13380425
13384707
13385826
13399869
13408825
13408945
13411797
13414618
13433892
13442079
13448830
13453716
13458805
13473429
13474017
13475590
13481789
13496196
13498731
13500956
13501226
13502624
13523613
13525372
13525934
13536267
13536427
13540354
13543961
13545899
13553694
13557768
13562452
13563627
13571544
13573237
13575459
13592929
13596463
13598995
13599514
13599954
13606554
13608298
13610695
13635130
13637992
13638598
13640995
13644863
13657482
13660388
13661413
13662170
13675138
13688776
13696350
13698078
13705963
13707723
13707983
13708593
13718093
13721053
13726739
13727091
13729667
13739836
13741366
13743370
13745799
13748303
13751108
13752852
13773973
13781575
13781877
13783457
13786859
13792527
13801311
13802244
13802659
13805140
13810632
13817766
13823066
13826211
13832296
13841932
13847687
13850888
13868745
13869929
13871321
13895709
13897949
13903152
13904625
13906912
13913296
13935451
13951331
13964152
13965249
13965292
13965308
13965318
13967793
13973894
13974224
13981399
13986128
14009429
14025338
14025583
14028947
14030565
14034112
14036644
14037590
14044564
14049182
14053197
14065365
14067159
14069285
14070350
14073165
14074523
14081440
14081569
14083979
14088770
14103849
14106818
14109712
14116321
14125696
14128241
14166169
14175468
14181597
14182508
14187526
14191980
14192882
14194223
14194280
14198113
14203158
14207660
14220148
14223123
14224546
14226324
14230820
14231527
14233270
14235294
14239557
14241391
14250298
14251777
14255387
14256785
14257929
14271504
14272587
14276986
14278060
14280068
14280331
14283800
14284478
14285122
14285493
14289957
14290482
14297736
14307120
14309064
14323060
14325055
14326123
14327000
14327757
14332787
14338052
14340348
14344279
14346119
14346606
14347235
14355161
14360703
14369157
14389932
14392571
14392709
14394714
14395066
14416881
14422630
14423522
14423814
14426761
14429573
14431373
14440571
14440587
14448400
14453097
14460040
14460731
14470659
14470976
14472754
14480950
14481418
14490724
14494092
14494692
14496847
14501311
14505379
14513984
14517726
14521621
14522341
14524138
14525074
14530050
14536443
14541539
14549440
14559116
14559716
14560461
14560938
14564174
14567872
14589238
14590601
14597016
14599627
14600742
14615536
14617035
14617233
14618706
14619234
14620349
14620770
14625187
14627245
14640898
14642965
14644810
14646324
14652296
14658658
14665550
14669691
14686404
14688506
14689653
14691839
14705976
14710076
14716777
14718222
14731797
14732598
14742168
14747961
14755783
14761300
14764052
14764325
14772123
14775525
14776379
14790969
14798122
14803136
14806947
14808732
14814182
14818593
14834703
14839079
14841718
14846305
14851379
14861319
14866565
14867074
14885631
14889527
14903661
14907535
14913111
14914528
14922872
14930013
14931876
14938193
14942202
14946475
14968202
14973618
14975871
14979901
14983944
14985713
14989144
15001848
15004425
15006884
15007302
15007887
15008823
15008857
15009429
15010843
15011832
15026943
15033544
15033993
15034474
15043465
15046343
15052466
15056606
15059421
15065387
15071746
15075688
15083363
15087476
15088157
15095543
15098207
15099536
15103234
15111317
15128404
15140848
15149607
15149695
15152048
15159591
15165689
15168171
15171177
15173059
15177614
15179465
15179747
15200937
15203454
15205772
15213991
15219570
15235288
15237851
15247040
15252032
15259814
15259902
15262202
15263028
15264244
15267882
15269773
15279958
15287733
15291550
15296608
15297274
15300048
15300381
15306416
15308078
15316017
15317230
15332102
15337226
15341706
15342284
15358963
15366245
15367828
15374429
15374796
15392132
15398286
15402263
15418782
15425772
15448862
15449704
15452362
15464822
15468595
15469006
15486678
15486794
15489075
15508829
15522420
15552312
15552997
15553057
15581384
15585120
15593165
15596897
15600463
15609948
15614745
15637242
15642648
15655117
15656795
15663462
15667882
15675462
15678893
15680099
15687363
15688902
15690140
15698418
15700520
15705091
15714154
15715266
15722348
15733299
15734383
15734823
15734926
15735589
15736020
15745916
15749683
15750597
15753195
15753807
15768585
15787341
15791573
15796153
15799251
15803985
15805817
15820617
15824653
15830582
15833340
15834521
15847421
15847791
15848806
15855768
15857464
15860832
15865026
15870496
15889772
15893316
15901425
15902043
15906897
15907293
15907466
15909027
15909096
15910680
15911701
15916696
15919806
15920177
15924732
15938869
15939787
15943000
15951483
15957794
15960009
15961508
15966833
15974046
15981224
15983656
15985029
15990555
15995449
16004177
16011126
16011666
16016416
16019065
16021540
16022923
16045699
16046585
16050286
16057342
16065479
16069292
16083785
16087639
16090866
16097479
16103844
16109150
16112826
16126243
16126331
16130227
16133214
16157100
16164552
16166927
16169117
16181183
16189537
16191233
16208713
16247135
16260549
16278347
16281388
16289911
16292726
16304202
16310796
16329005
16329096
16331964
16344879
16359730
16367087
16380558
16381743
16391243
16402323
16423183
16430761
16437930
16468991
16469509
16469572
16483160
16512618
16524098
16532432
16559626
16562095
16578705
16606433
16610432
16626649
16634097
16644820
16689440
16695977
16698041
16702188
16706778
16709621
16738313
16779101
16781752
16782151
16793156
16821905
16829146
16831820
16832360
16836821
16848571
16875497
16883219
16890307
16892569
16901083
16908497
16914632
16916209
16920215
16921638
16960116
17015440
17016734
17026269
17070967
17076858
17084841
17087373
17121095
17122562
17170320
17197548
17218723
17228009
17281112
17290021
17292845
17299600
17304765
17315631
17316706
17329329
17329907
17336341
17340510
17340821
17348153
17349199
17351841
17352674
17366855
17373317
17384093
17388523
17424733
17431035
17440648
17444682
17464882
17470512
17474583
17484511
17487162
17491975
17501479
17502075
17505415
17508396
17514438
17516499
17532715
17541556
17563132
17567474
17584677
17585387
17588504
17602229
17606986
17612682
17616574
17617985
17628314
17634566
17645712
17658319
17660958
17661499
17662316
17681479
17681721
17684699
17686267
17687134
17688092
17695453
17703753
17712072
17713351
17719464
17721717
17726991
17732514
17735599
17739297
17741440
17754452
17764706
17770716
17786754
17787093
17797439
17800090
17806398
17808308
17822267
17822801
17823065
17842420
17842819
17861929
17872394
17876937
17879506
17881498
17905930
17911004
17912446
17945521
17948625
17953607
17961050
17970663
17971301
17975206
17981834
17988146
18000646
18010511
18020523
18027636
18040145
18042693
18043705
18049545
18053098
18069943
18080440
18085133
18102952
18113992
18114177
18114410
18118512
18133454
18138851
18140036
18143909
18148468
18168806
18170795
18187948
18195946
18204331
18205638
18209502
18209848
18211500
18212613
18214592
18217268
18217360
18219486
18226533
18230542
18231754
18243183
18244402
18248015
18262061
18267735
18269425
18272548
18276293
18276842
18280653
18284338
18288608
18289824
18291259
18294479
18298293
18298739
18300125
18302641
18303882
18304909
18306411
18309791
18314064
18317699
18332402
18336043
18337836
18346580
18353896
18359306
18363023
18367556
18375671
18378844
18380634
18384841
18387995
18394618
18399820
18400169
18405670
18411136
18412302
18420869
18423652
18426536
18430463
18430828
18435568
18444889
18448923
18453472
18466906
18470522
18475683
18482029
18482073
18487668
18489710
18495815
18518893
18520712
18521302
18531582
18538408
18540931
18541764
18544965
18554861
18579152
18582981
18587612
18588086
18589641
18597941
18599874
18601972
18606210
18609905
18610024
18616339
18618136
18624796
18629891
18631437
18637969
18638418
18639816
18651226
18657051
18657073
18657563
18658310
18664144
18666730
18667701
18667745
18671068
18674772
18678043
18679441
18680135
18680248
18680440
18681520
18691633
18691636
18697888
18698843
18699625
18699666
18702296
18716028
18719270
18733215
18737199
18743196
18744698
18749888
18756592
18758216
18758728
18766136
18771606
18782117
18784068
18785975
18790059
18798422
18804683
18810175
18817438
18819003
18822465
18824350
18825635
18831315
18831374
18832204
18832835
18842046
18847318
18850777
18851289
18852027
18858967
18861022
18862156
18877650
18878479
18886220
18886283
18887285
18891285
18891438
18896575
18906521
18906971
18915202
18919279
18928393
18929065
18934481
18934745
18936187
18938305
18939373
18954905
18954924
18959190
18959771
18960695
18966032
18973893
18979997
18982548
18991756
18995020
19006427
19021177
19027419
19034403
19041192
19044575
19062863
19066909
19067157
19074003
19074169
19075281
19078244
19079026
19082381
19087304
19087358
19094668
19096811
19116320
19123169
19128962
19133875
19145380
19148952
19163142
19166001
19166193
19170770
19174779
19177886
19183927
19192887
19199927
19202139
19205095
19206273
19218139
19220926
19227982
19228968
19232474
19234252
19243778
19246897
19253152
19254085
19256014
19259162
19260177
19260821
19261804
19264682
19264713
19267801
19269696
19270302
19272495
19277273
19279111
19286129
19288420
19289390
19292997
19294568
19299588
19302918
19308526
19312516
19314199
19316220
19326430
19326621
19327297
19335534
19335562
19343884
19353451
19356690
19361267
19363117
19364333
19384401
19403977
19415821
19424928
19425647
19428751
19431246
19432213
19433410
19443046
19448735
19456473
19457667
19459539
19462225
19462363
19467277
19472294
19472636
19473594
19473949
19477942
19479658
19479780
19481335
19484709
19488200
19490242
19502038
19503754
19511306
19517966
19520916
19521488
19524495
19540960
19544095
19544909
19547205
19554933
19563538
19572900
19577465
19580239
19585297
19588951
19594568
19594662
19594989
19595017
19597606
19598554
19601467
19612557
19616801
19617168
19624331
19625823
19629584
19633467
19633721
19636480
19639238
19639263
19641337
19644239
19646709
19648427
19650306
19658845
19659753
19661173
19669055
19680173
19680616
19692366
19693698
19695290
19698259
19698699
19699777
19701219
19707307
19711803
19714680
19724146
19744365
19766664
19769262
19772376
19774383
19774440
19777829
19781219
19792252
19797197
19798454
19801806
19805303
19806022
19806330
19828296
19833260
19837042
19838783
19845575
19845726
19856922
19864019
19864057
19865137
19871826
19872325
19900339
19904681
19931720
19933046
19936122
19940935
19944975
19947026
19974025
19980211
19983544
19985762
19988187
19995353
19997182
20001690
20007577
20011875
20012978
20013188
20013317
20017288
20027976
20031466
20032327
20040963
20051487
20051805
20071637
20072241
20076752
20078031
20082649
20082756
20088926
20089466
20101794
20133467
20141331
20148317
20148635
20156486
20157334
20160780
20162398
20164415
20170252
20200053
20202868
20213276
20229276
20229418
20231001
20231579
20240253
20241664
20253982
20263187
20263306
20271468
20273422
20276124
20277616
20279781
20287283
20291574
20292809
20308360
20310113
20315057
20326355
20327844
20328010
20329738
20336376
20343724
20349778
20349797
20356592
20360689
20363699
20369112
20380387
20385090
20387258
20400814
20440957
20443577
20457676
20475112
20480472
20492903
20499642
20516914
20519223
20520094
20522924
20524847
20528808
20531029
20532867
20535362
20536942
20538227
20538918
20559627
20560491
20565976
20571622
20572033
20577060
20577456
20580689
20581254
20587198
20588291
20604847
20606082
20610772
20615950
20620398
20620826
20620979
20621347
20625667
20632396
20636596
20641510
20643787
20648575
20657859
20681911
20682036
20684342
20688169
20691848
20698624
20698643
20699827
20700204
20702215
20704602
20705466
20705696
20706459
20707898
20731061
20736552
20749546
20752333
20757020
20758785
20758870
20761245
20770259
20780843
20794436
20806927
20807040
20810210
20810355
20811960
20812560
20816751
20817785
20828061
20828067
20840514
20845142
20845603
20852273
20855707
20857708
20863749
20872395
20874022
20877707
20878213
20879353
20884487
20892708
20894204
20903135
20907135
20915557
20917621
20921206
20925698
20926729
20930508
20932396
20948701
20954488
20967048
20967569
20977220
20996362
21000946
21001533
21002187
21020486
21023509
21024772
21026568
21028774
21043144
21044846
21058214
21058858
21064092
21065399
21068515
21080101
21084358
21086893
21092143
21095655
21106987
21107559
21107650
21112623
21123722
21128812
21133263
21134988
21137749
21138268
21141576
21141708
21149471
21159590
21169869
21175829
21200814
21201518
21202435
21206843
21209670
21215290
21216314
21221372
21231850
21234228
21241846
21242848
21245390
21250954
21255446
21262568
21266709
21268038
21268160
21284886
21285571
21287157
21295809
21301860
21306808
21307122
21308351
21309306
21311247
21318762
21319817
21333358
21334316
21335475
21341862
21343822
21348626
21350190
21351676
21352195
21357278
21361440
21366608
21367563
21372018
21374594
21378229
21384324
21390029
21395765
21397647
21400990
21401125
21403110
21404678
21406975
21408649
21427477
21428479
21431922
21433323
21436041
21439572
21445622
21451500
21453769
21455116
21457183
21458051
21458732
21464199
21465851
21469385
21480076
21483425
21486052
21486777
21490783
21505184
21506283
21513138
21513475
21515403
21516654
21517254
21520609
21526060
21526770
21549565
21550728
21553112
21553659
21554780
21576482
21603151
21604700
21605008
21606698
21607433
21608263
21614989
21616233
21617892
21621611
21625463
21625821
21630568
21635183
21645503
21653476
21663394
21668091
21669219
21673209
21673784
21674886
21675166
21676523
21678132
21683504
21689331
21694688
21695165
21709161
21720578
21724282
21727646
21731253
21736631
21741570
21747005
21753316
21757385
21759059
21760850
21768584
21773702
21779759
21781540
21784503
21786372
21788725
21794983
21800446
21803648
21812271
21818520
21822720
21829098
21857806
21861679
21862876
21866659
21867783
21868955
21870325
21870435
21874104
21879222
21884204
21887915
21887962
21888194
21892106
21894066
21903224
21913123
21924288
21934467
21941199
21943948
21951152
21952421
21967265
21968886
21971905
21974180
21974466
21974689
21974874
21976033
21976372
21979081
21989432
21990205
21994986
21995825
22003742
22005859
22007031
22009576
22014191
22023207
22023320
22024128
22024357
22025070
22035934
22039324
22043838
22064906
22066436
22068481
22091857
22113010
22113318
22117172
22127785
22128495
22131467
22133512
22139691
22149141
22160162
22169697
22177274
22177994
22178509
22187956
22190180
22192693
22203833
22206965
22209325
22209868
22210050
22211794
22225369
22227646
22228159
22230355
22231762
22233788
22238488
22241312
22244112
22249047
22253411
22273687
22275468
22285320
22308568
22319117
22319802
22319934
22332283
22337549
22338667
22338909
22339198
22341561
22343031
22358500
22360800
22368415
22369662
22372933
22376338
22377538
22380513
22387004
22396768
22399922
22400623
22400940
22414436
22425777
22426654
22432601
22432984
22448636
22449880
22451705
22459128
22460929
22463677
22470162
22471073
22480893
22481299
22487953
22488732
22501763
22501892
22502731
22509818
22512419
22515426
22518596
22521483
22523431
22527722
22528784
22528844
22530314
22547536
22548120
22554196
22555600
22556797
22557580
22558249
22567337
22571315
22573570
22579244
22580881
22586212
22588707
22590730
22599033
22606651
22607697
22614955
22618734
22622048
22630047
22633710
22640018
22645855
22655531
22683614
22684396
22688157
22690048
22691832
22697820
22698179
22705555
22709476
22715790
22722086
22722648
22728190
22729142
22740691
22743235
22749751
22783460
22789652
22790196
22811279
22811719
22827037
22840625
22843725
22845588
22855359
22879766
22882973
22886655
22904411
22905740
22906092
22907776
22910937
22913095
22914358
22915303
22919507
22920977
22921272
22940681
22947024
22948991
22954950
22958183
22959653
22971381
22976411
22978459
22984795
22990535
22992122
23000079
23006089
23007189
23011543
23012784
23013481
23017474
23024873
23025532
23026176
23028153
23029029
23030147
23030713
23040901
23052717
23056059
23059908
23060860
23061202
23066690
23072452
23078889
23081293
23089643
23090262
23094324
23094547
23096193
23099137
23108470
23117525
23117955
23137138
23142588
23142635
23153719
23156160
23157702
23169929
23171158
23173473
23181000
23184302
23184368
23185110
23186338
23191346
23197588
23201191
23210670
23215514
23221263
23222419
23241426
23242758
23247797
23249534
23252409
23259345
23261988
23265575
23285015
23295097
23306394
23307280
23328347
23331423
23337131
23339409
23344153
23345846
23353276
23357746
23369889
23369999
23372075
23372361
23373819
23376096
23377604
23378698
23386985
23396639
23401817
23404936
23405122
23413946
23425555
23426510
23444467
23446757
23448752
23455447
23465390
23465846
23472493
23488625
23499244
23503205
23510497
23511210
23527308
23534009
23540264
23547558
23554014
23563543
23566292
23576455
23577670
23580573
23592169
23593441
23595069
23600334
23610660
23615011
23615275
23616268
23618162
23618860
23620924
23621659
23626444
23638944
23646440
23671771
23700384
23711741
23713243
23752462
23761102
23766100
23766631
23785440
23795515
23797290
23797422
23801220
23803702
23804104
23806840
23810459
23823453
23823934
23827729
23831470
23845454
23846277
23861303
23862113
23867900
23869839
23876379
23877693
23883866
23884975
23886715
23888239
23888666
23898983
23900856
23908766
23911301
23921188
23925932
23942281
23954894
23957759
23961988
23962261
23972719
23974884
23980545
23987925
23998594
24002907
24005166
24020264
24023598
24033789
24034090
24044524
24052086
24053653
24055416
24069612
24082364
24083536
24084309
24085421
24086169
24094510
24095700
24117242
24123865
24125313
24127810
24128888
24130098
24134643
24136177
24136877
24147505
24150502
24160521
24163945
24165949
24202175
24204877
24207409
24208581
24210639
24217151
24226375
24228772
24235715
24272980
24300026
24307126
24312976
24322957
24335985
24344486
24349871
24355507
24369028
24371758
24381186
24381623
24390806
24391575
24391934
24428561
24432843
24440327
24447160
24451159
24451847
24452566
24455541
24455991
24456289
24462396
24463851
24467102
24467790
24472094
24476003
24476276
24495920
24497158
24507133
24508465
24513513
24514361
24517000
24519344
24522841
24530852
24531936
24532074
24537609
24544452
24545699
24550226
24553298
24553518
24554313
24557816
24557998
24561800
24582983
24583788
24603432
24611675
24612291
24614892
24616482
24618025
24619124
24641360
24644134
24648778
24662462
24665039
24675645
24675937
24678010
24679141
24684595
24686229
24689128
24690501
24690611
24694475
24698308
24699373
24699873
24716441
24720909
24721066
24728477
24750556
24751888
24763779
24770474
24770882
24779949
24781274
24784237
24792707
24794758
24799364
24799879
24801123
24805207
24808402
24815898
24815998
24817208
24819190
24821012
24824952
24832627
24832862
24845617
24849305
24850694
24851885
24852020
24854288
24905342
24917864
24922734
24941345
24942944
24954021
24969179
24983772
24985450
24987715
24992091
24994868
24999357
25000718
25003322
25004692
25011955
25013868
25014249
25016328
25017516
25021660
25022310
25026733
25029598
25031571
25033283
25036218
25037355
25043560
25046764
25049884
25062296
25063355
25063411
25067134
25072996
25074064
25078302
25088393
25094466
25095628
25108214
25110541
25111773
25127088
25136573
25142378
25143120
25149915
25155265
25158470
25165975
25166732
25171237
25173983
25181315
25181601
25189964
25215816
25220950
25223727
25232306
25234581
25235731
25237663
25241430
25241659
25242435
25243264
25252466
25258523
25260578
25271001
25277476
25282453
25292038
25295182
25307384
25312847
25314421
25317384
25335385
25347355
25353644
25356506
25357361
25361957
25363741
25366625
25367009
25370028
25371755
25372946
25376619
25383112
25386420
25386436
25390715
25392336
25393348
25398286
25398984
25401877
25408930
25410083
25412562
25413385
25419483
25429630
25430777
25435662
25445834
25456616
25458102
25458426
25460565
25462390
25484825
25488488
25526287
25527469
25527698
25532715
25533692
25537748
25550980
25570571
25571099
25573524
25578381
25592289
25594353
25602669
25605144
25618619
25622178
25628031
25629284
25629303
25638734
25642894
25643271
25645319
25663688
25665274
25673461
25679525
25687652
25694680
25694997
25697576
25698019
25699304
25700847
25702260
25715106
25715904
25716837
25718490
25722813
25728785
25733193
25741028
25742718
25746711
25761775
25765155
25775416
25784887
25785186
25796084
25798415
25800966
25807227
25814663
25869443
25872569
25873942
25891918
25898208
25905386
25915505
25916457
25919476
25922653
25925973
25927214
25941251
25944553
25975683
25986571
25986798
25989170
25994331
26022492
26027045
26030262
26034343
26047151
26049231
26049686
26053000
26069459
26076295
26097724
26100699
26101626
26105251
26109756
26110397
26112188
26112851
26113709
26117516
26124010
26134449
26138219
26150930
26157242
26173125
26176584
26180571
26184096
26202430
26203181
26211117
26218412
26243975
26260600
26263943
26268866
26271712
26281664
26292198
26298742
26300175
26304029
26305195
26315330
26351216
26355749
26383373
26393722
26413394
26427535
26427987
26432791
26435313
26435392
26442574
26443475
26443912
26450707
26453459
26453528
26460534
26478774
26480505
26482692
26485792
26485975
26495956
26505248
26547921
26555533
26556054
26562152
26579475
26579616
26581039
26581734
26595120
26596116
26602540
26612631
26619247
26619376
26630010
26657672
26661464
26662259
26662463
26663035
26671263
26690555
26691636
26700652
26702682
26705713
26710394
26720567
26739099
26739275
26743824
26778683
26793860
26801409
26816775
26824205
26846667
26886022
26892657
26922109
26932631
26957248
26964841
26975011
26986236
26991821
26994052
26994737
26994752
26995092
26997002
27001020
27004092
27004180
27007174
27010190
27011302
27016832
27020159
27022304
27023058
27027956
27029583
27029963
27034748
27053975
27055904
27071165
27083879
27087536
27092842
27093631
27105198
27130479
27134566
27137016
27153532
27164232
27179532
27184282
27196063
27196697
27202409
27203241
27206631
27218679
27223775
27229360
27231365
27231374
27241701
27246510
27253409
27256523
27260060
27263013
27265947
27271008
27275058
27276773
27278429
27279701
27286889
27291111
27291969
27296283
27308695
27310128
27327356
27329700
27332445
27336693
27344324
27356048
27356409
27361848
27375903
27381197
27391008
27391727
27393584
27405880
27407781
27418431
27420357
27426649
27433897
27434406
27447010
27448179
27454198
27464754
27468857
27474084
27479918
27481062
27488520
27489000
27491278
27494991
27498510
27501812
27507863
27512063
27519678
27521598
27524629
27528145
27542728
27552841
27558100
27582877
27586776
27589189
27603332
27617869
27621657
27634403
27635807
27646350
27653972
27655376
27671819
27677386
27684662
27685743
27705362
27710706
27715663
27720693
27723602
27739630
27747145
27754540
27757550
27760073
27761311
27774998
27779579
27794445
27795573
27796628
27797065
27800816
27804991
27806656
27820124
27820231
27830378
27830617
27839649
27842225
27845612
27848106
27865602
27898526
27916753
27920696
27992770
28005689
28009057
28014360
28028035
28057578
28057660
28062520
28071681
28075922
28079752
28082347
28092683
28101680
28117250
28121315
28124303
28130237
28134792
28162479
28175005
28219553
28237937
28241475
28244107
28244805
28246702
28249219
28251119
28258628
28261295
28262492
28263516
28263705
28264028
28274584
28275574
28282865
28288910
28289708
28291552
28316530
28318447
28324152
28334205
28336140
28339294
28357195
28357641
28361754
28363054
28408177
28419462
28425575
28425943
28433646
28440253
28450786
28455298
28462322
28462608
28469802
28470522
28472655
28473456
28476428
28483660
28485727
28487615
28491555
28492626
28500125
28509038
28509226
28524843
28529282
28530178
28543184
28547585
28561452
28567214
28581470
28590210
28592824
28599710
28606635
28607948
28609949
28610351
28625437
28626028
28646354
28646627
28655612
28668593
28668869
28669645
28678498
28681128
28683695
28693496
28698733
28700311
28702563
28704985
28716160
28729446
28753429
28757381
28766435
28770764
28791392
28795633
28801096
28805133
28809855
28820341
28822179
28825349
28825657
28830319
28841409
28845817
28845986
28848298
28852489
28853539
28859998
28868543
28884826
28895513
28896208
28924334
28927375
28930680
28938849
28959247
28963309
28964013
28971465
28978203
28979564
28983308
28984948
28989947
28990339
29011831
29018475
29020637
29035339
29044566
29045540
29055955
29059948
29062313
29067896
29067918
29070582
29072712
29089541
29098489
29100323
29101417
29103587
29109142
29110248
29126857
29127492
29136483
29144117
29144205
29145283
29146913
29156621
29156913
29158901
29159253
29169460
29169856
29175253
29199748
29200270
29202039
29206299
29207709
29208375
29215120
29215324
29223357
29223750
29232349
29234070
29239766
29246313
29248173
29252800
29253275
29258996
29260664
29262492
29268169
29275555
29279702
29293607
29304706
29306789
29306921
29312663
29316556
29317564
29334359
29339480
29346040
29353322
29365593
29390644
29391948
29401366
29415463
29424105
29429160
29429600
29433078
29435035
29441142
29441783
29456391
29470708
29477864
29478203
29478631
29484970
29485850
29491222
29498470
29504850
29506239
29520533
29524696
29528202
29529546
29535735
29541054
29542923
29544733
29547962
29549329
29550564
29552430
29553193
29563802
29568383
29573152
29590842
29592011
29592014
29596224
29598646
29601857
29609604
29621485
29627473
29634875
29641042
29642688
29643907
29650771
29660284
29674578
29677515
29682680
29685021
29689585
29697304
29706619
29725321
29725887
29725893
29729606
29731695
29740165
29748933
29754155
29758751
29760755
29767506
29771411
29785979
29789739
29823069
29828780
29830828
29840115
29841805
29842845
29846087
29850573
29857576
29861123
29862986
29869812
29876180
29877563
29884930
29886064
29894248
29901018
29911907
29922038
29932669
29933847
29936665
29946219
29952110
29957881
29961563
29962631
29969272
29973271
29983450
29986061
29986878
29988373
29988517
29992737
29994854
30001872
30002542
30017071
30018623
30025921
30029292
30036769
30040077
30047928
30048396
30051993
30066825
30082580
30096111
30106198
30107128
30126480
30128962
30143310
30143869
30144655
30144893
30153090
30173727
30176030
30179294
30185363
30191204
30197823
30197854
30211332
30213402
30213946
30226082
30230062
30233172
30247476
30262851
30273991
30274286
30280076
30285313
30293007
30294754
30297773
30298825
30303029
30305058
30316399
30324360
30331372
30359430
30366077
30387874
30403380
30406481
30406908
30409990
30418432
30420496
30426851
30431529
30431721
30432714
30436022
30445242
30446420
30469938
30471764
30474679
30486246
30494650
30494992
30502938
30503151
30503861
30532412
30538387
30543423
30546131
30552550
30552669
30558437
30565370
30579181
30582489
30587390
30590428
30591942
30595404
30596108
30596510
30602451
30606814
30613622
30613939
30618413
30627015
30631083
30635949
30644840
30645047
30649669
30662845
30669439
30669687
30673463
30679844
30685728
30686177
30707710
30712306
30716641
30718259
30726729
30733351
30734168
30749606
30753844
30762449
30763803
30766866
30769096
30787035
30789146
30791348
30791892
30794590
30798150
30798555
30798901
30813242
30826729
30829519
30829575
30830125
30832849
30833681
30834464
30843967
30847686
30861641
30863200
30869332
30870746
30879055
30879571
30914009
30914665
30925482
30929214
30931909
30940166
30942786
30956411
30978107
30979294
30985866
30990937
30995612
30997892
31003701
31015243
31016371
31020606
31030870
31031790
31032283
31045736
31051777
31065132
31070708
31086941
31096749
31112042
31113340
31121765
31124395
31130398
31143112
31168409
31172703
31183171
31183215
31186372
31187846
31189036
31195480
31204424
31207766
31211200
31212994
31213129
31226713
31228875
31237508
31248529
31278773
31285741
31291641
31294550
31295172
31296582
31298103
31304128
31309821
31313390
31321018
31322893
31331410
31337722
31338812
31345943
31350486
31351098
31366875
31367014
31369898
31371245
31383118
31394179
31396730
31401980
31405511
31406010
31413717
31426691
31429538
31441246
31444664
31450794
31453750
31465320
31470165
31471330
31475747
31480834
31499957
31515941
31543427
31544655
31548777
31559518
31560404
31565581
31565999
31567363
31569244
31574890
31584368
31586620
31591389
31599410
31601348
31602137
31602963
31606277
31606667
31608549
31613927
31613996
31620656
31621451
31626299
31626434
31627389
31639914
31648284
31652446
31663542
31670825
31673511
31675949
31689451
31692615
31694996
31696780
31702753
31713682
31715492
31718225
31720465
31738821
31747131
31748651
31748796
31761271
31761664
31763743
31773844
31779056
31782672
31784864
31786891
31799269
31800500
31801386
31803205
31803868
31806450
31810990
31811948
31814100
31816695
31819997
31834426
31839239
31843804
31845670
31847728
31850093
31854652
31859603
31867523
31869351
31878789
31880243
31882009
31884016
31903843
31917374
31920060
31921137
31927703
31938319
31954394
31957350
31968201
31972018
31979546
31983536
31988791
32005769
32009228
32011615
32013770
32017974
32020911
32022171
32024119
32029447
32032422
32038064
32047753
32050188
32054416
32067102
32077984
32087692
32091647
32095505
32111530
32122485
32123795
32130801
32135680
32137134
32140474
32156681
32159349
32207456
32209561
32209931
32209947
32209960
32214480
32216956
32217528
32218561
32221480
32229560
32229591
32234489
32239783
32241730
32243358
32244734
32246691
32261111
32266106
32268629
32268641
32270291
32284195
32286759
32287679
32313912
32322466
32324647
32327741
32334313
32355861
32358645
32360370
32361742
32362829
32374849
32378129
32401245
32403824
32406133
32415090
32424301
32428640
32430741
32433785
32438812
32442324
32464353
32478707
32480947
32486618
32490306
32493548
32494626
32513767
32517380
32522334
32524678
32543848
32574884
32577146
32587133
32607220
32617694
32618125
32625881
32628426
32629695
32640955
32641737
32651482
32652890
32671460
32676464
32680256
32684029
32685974
32689015
32690510
32690875
32700042
32700510
32705662
32712922
32715338
32716589
32717820
32717996
32718668
32720189
32731018
32736245
32736271
32736855
32745340
32747637
32750807
32759591
32759920
32763549
32765230
32772034
32784324
32786464
32800277
32800617
32805386
32812797
32815231
32816124
32821386
32827553
32835850
32839915
32854476
32861523
32867027
32869955
32871570
32874623
32877479
32879493
32881861
32882864
32883033
32885126
32889675
32890529
32898616
32899973
32921782
32949490
32950559
32960888
32969276
32970596
32975836
32978079
32985798
32991230
32992650
32999662
33007478
33018518
33029409
33033685
33039472
33039840
33046182
33062384
33091242
33092354
33095461
33097529
33098744
33106539
33124176
33151174
33156531
33160970
33162091
33174642
33174915
33182034
33196935
33207594
33215665
33217484
33232105
33240367
33250345
33251398
33252290
33260650
33263662
33265431
33269069
33276577
33279260
33285550
33298584
33307268
33308864
33315059
33319944
33326142
33327826
33333409
33344194
33356898
33357345
33358507
33359660
33369597
33370775
33373690
33374975
33375450
33389147
33392081
33394855
33402983
33403758
33406950
33410742
33417955
33421992
33422288
33423277
33426350
33429454
33430427
33431379
33433327
33434678
33451941
33464055
33483498
33492351
33494450
33501151
33501886
33502766
33508678
33510101
33511902
33520795
33525523
33526265
33527660
33553100
33558636
33570451
33574350
33579873
33581246
33582666
33595490
33599279
33599602
33602115
33603906
33614833
33622263
33625106
33628052
33638926
33662173
33666022
33671520
33675509
33679920
33692826
33693165
33705455
33708361
33712747
33717286
33727041
33736211
33741194
33759666
33763578
33767040
33772537
33772811
33778667
33779440
33791293
33791340
33794444
33797111
33804057
33809209
33825813
33847091
33856280
33858975
33867209
33894793
33896637
33899964
33905257
33908452
33915483
33916982
33928335
33932052
33936277
33940220
33954018
33987746
33992606
33993307
33994274
33996973
34009027
34012210
34018662
34022888
34034741
34039014
34048687
34051611
34052504
34053939
34060078
34065874
34080765
34081931
34089408
34091896
34093005
34098151
34107192
34107576
34108829
34112659
34117183
34130751
34131188
34136117
34170976
34181633
34193860
34203451
34215876
34236755
34263757
34264348
34265406
34267253
34271812
34274068
34276150
34279506
34283075
34287762
34288123
34292361
34298745
34299659
34301899
34304026
34311993
34314560
34317981
34324930
34325524
34336981
34338671
34342174
34342388
34352843
34356453
34360210
34360298
34380583
34384595
34385748
34399804
34403184
34408789
34447279
34450657
34452120
34456412
34461250
34470185
34474643
34487074
34488258
34492795
34493558
34495138
34495299
34503426
34507714
34510915
34513360
34520918
34525207
34557653
34568334
34571897
34588940
34601425
34607969
34608204
34611025
34611914
34611977
34620152
34632806
34634446
34639249
34648567
34649054
34649950
34653154
34658906
34679173
34681212
34681667
34682082
34698214
34699910
34702141
34712967
34718735
34718923
34720962
34734949
34739083
34739180
34742212
34753292
34764291
34767876
34776022
34776650
34781595
34790285
34792022
34799502
34811908
34812251
34819285
34819784
34820466
34822392
34830978
34842300
34842372
34845313
34848596
34849497
34853264
34854345
34858806
34869293
34872528
34884121
34916671
34918741
34936391
34938499
34940943
34943145
34960091
34970062
34981670
34984529
34996307
34997206
34998833
35012860
35014506
35020570
35023180
35035332
35036139
35040890
35043997
35045200
35047173
35047468
35056783
35059048
35059167
35061611
35067320
35069421
35071844
35074630
35075202
35085051
35088525
35104629
35104855
35116335
35125379
35131333
35135389
35135643
35139727
35141706
35141791
35147050
35148674
35150685
35152187
35153073
35154229
35156739
35158611
35159331
35162720
35164989
35168988
35172051
35189148
35191705
35205578
35222939
35224905
35241009
35244352
35256620
35259582
35259827
35261162
35264068
35270119
35282315
35288441
35299097
35306263
35307381
35307658
35311399
35312757
35312819
35318060
35323419
35334091
35337186
35348263
35350283
35366990
35377357
35381187
35382374
35391158
35399527
35401208
35417868
35418085
35418534
35435552
35440667
35453296
35458423
35459067
35493643
35494677
35506065
35507469
35509072
35510278
35512936
35517086
35520626
35526916
35532948
35535049
35559378
35570392
35574018
35575036
35576965
35577411
35578916
35590015
35613087
35613206
35629998
35631116
35634836
35636209
35653770
35656007
35666173
35700385
35701211
35702613
35704303
35704777
35709113
35710957
35717400
35717523
35719034
35734007
35735731
35742995
35743783
35747321
35748712
35749089
35751546
35752831
35753173
35753491
35756048
35759051
35764515
35773509
35780713
35804033
35811905
35818701
35822876
35823206
35831248
35833507
35847830
35854713
35859205
35865746
35867364
35871536
35894206
35899594
35910306
35910492
35912207
35917485
35923737
35929910
35931226
35938807
35950506
35978064
35981599
35990891
36004403
36020369
36023608
36038289
36039212
36039533
36048540
36055643
36060707
36062281
36067967
36068244
36069186
36069353
36069425
36073179
36075988
36078561
36087238
36087401
36090291
36092758
36097297
36097762
36102503
36104520
36113929
36121208
36121767
36138439
36143334
36149460
36151182
36158068
36196942
36201890
36204909
36209022
36217133
36217887
36219876
36229206
36236020
36236055
36240519
36260189
36263971
36272029
36278988
36303599
36335373
36339552
36380402
36381448
36412138
36422951
36424551
36440045
36442574
36447465
36451518
36455059
36458618
36471106
36483100
36488249
36490712
36497495
36503053
36515311
36518123
36539530
36541644
36544088
36547861
36558037
36559677
36560632
36575589
36575850
36577706
36578922
36581652
36589585
36590785
36591825
36593276
36597106
36597338
36600495
36602896
36615478
36627611
36630306
36634667
36634946
36637786
36641829
36645285
36647214
36649168
36649533
36651738
36660937
36664735
36666868
36669001
36678061
36678454
36680144
36687571
36687656
36688454
36690232
36707800
36713709
36721287
36724365
36734148
36741022
36742078
36747597
36748417
36751009
36758031
36758329
36758420
36758913
36762781
36766192
36778897
36781816
36782252
36784052
36789406
36789723
36791793
36799625
36810319
36811092
36816703
36822729
36845015
36845204
36847739
36857261
36859771
36868835
36877370
36879884
36880634
36882378
36882962
36890543
36891561
36894816
36900992
36908196
36916602
36921500
36925449
36930972
36930982
36930991
36936721
36943061
36946039
36950821
36965511
36966095
36966978
36978743
36981473
36983339
36992142
36994593
36996408
37006634
37008541
37010049
37013631
37014730
37016436
37038553
37042316
37050893
37068414
37071106
37072661
37117407
37123652
37124730
37125346
37144729
37147978
37153601
37156259
37167889
37172570
37174490
37176723
37180644
37185856
37195397
37210533
37212094
37218959
37240667
37261559
37264016
37267459
37267993
37269444
37269711
37273874
37278753
37281901
37282353
37290012
37295834
37304658
37306603
37314143
37325145
37325242
37340586
37343614
37344198
37353215
37354764
37356033
37363673
37375690
37385130
37395934
37396302
37400445
37405830
37406656
37424312
37425368
37428660
37435801
37439976
37445618
37452147
37454173
37475407
37476098
37479284
37481103
37485224
37489249
37491005
37494791
37508014
37514272
37516069
37523822
37527206
37529411
37532835
37533574
37539247
37539480
37545047
37546269
37553249
37556149
37602233
37631827
37635726
37644349
37645220
37646250
37655389
37657604
37662134
37663943
37680597
37682331
37682633
37692981
37693949
37703361
37715396
37715491
37736766
37741990
37746438
37751902
37767544
37773315
37787493
37793119
37796515
37799852
37803952
37808727
37813549
37814093
37819371
37820162
37836832
37837419
37847620
37855279
37859256
37863576
37864974
37870934
37876607
37879607
37887794
37891291
37897797
37902104
37908127
37917778
37926524
37933194
37940658
37943099
37956580
37967883
37977713
38001388
38020781
38026766
38029556
38035038
38035924
38040378
38052002
38054845
38059570
38074100
38099321
38106936
38112569
38112579
38113395
38114790
38119565
38120143
38136429
38137865
38142518
38147394
38149134
38152235
38157795
38162272
38164610
38169089
38171970
38181433
38195403
38195460
38199519
38207175
38207276
38218397
38220590
38222936
38253988
38258823
38288533
38299654
38302579
38305010
38307574
38310163
38312484
38316556
38321450
38322000
38332427
38334956
38335072
38340206
38357978
38371389
38385536
38410662
38449995
38461072
38465131
38469090
38473981
38481722
38482372
38495689
38495718
38505243
38506314
38518871
38520379
38535619
38538214
38538377
38539763
38551110
38554384
38557833
38562093
38572322
38572957
38573551
38575831
38576862
38588451
38593365
38603946
38608922
38623659
38633313
38644252
38662759
38663146
38665873
38666312
38693952
38712456
38715607
38744164
38762037
38799786
38801125
38803013
38809374
38814112
38814875
38816342
38829345
38835993
38849596
38871958
38872693
38886485
38889721
38892887
38904571
38914404
38922189
38928381
38939505
38942660
38949665
38956853
38989218
38997974
38998234
39007087
39017671
39020992
39021567
39024649
39046046
39048578
39049807
39050526
39058741
39067893
39074949
39087028
39089117
39091464
39108539
39109035
39117992
39132946
39139028
39139100
39148057
39164613
39171302
39172951
39174402
39175235
39176070
39192369
39198357
39200210
39200591
39208137
39211197
39229295
39252531
39259222
39264978
39289592
39291634
39300726
39308049
39310254
39320445
39321181
39323634
39323854
39330429
39338302
39347369
39356033
39359461
39369822
39370632
39376413
39385165
39386142
39388477
39390952
39392460
39422004
39423546
39435918
39449056
39457409
39472269
39480981
39481813
39483224
39494100
39494750
39499394
39509469
39536336
39536534
39553128
39556099
39579187
39590670
39601932
39623207
39644086
39663778
39683538
39694179
39697933
39706623
39707772
39710405
39710908
39725670
39730628
39731674
39738142
39740238
39745560
39750712
39762223
39770413
39771710
39782567
39792024
39804345
39805096
39820172
39823974
39836477
39841001
39841984
39870073
39871220
39881983
39890145
39893777
39896714
39901288
39911257
39911370
39913644
39916619
39921322
39922884
39923458
39925796
39931165
39946669
39958607
39978238
39982602
39989756
39992910
39996202
40005928
40006833
40008636
40012991
40021146
40025607
40038943
40044429
40044498
40053938
40068638
40072251
40089576
40097983
40115444
40125633
40135824
40144093
40145758
40164736
40170592
40176284
40185847
40193755
40199950
40200396
40210782
40220546
40220917
40223628
40224483
40225472
40233838
40237326
40240307
40242434
40250985
40257705
40259628
40262207
40263036
40278788
40291678
40295721
40301028
40303799
40306387
40314200
40318589
40342673
40347479
40350863
40359471
40360278
40360950
40372665
40386517
40403101
40406189
40410606
40415765
40418630
40420923
40421941
40438727
40449066
40481798
40511854
40514244
40514948
40520704
40523220
40528627
40537888
40543744
40573121
40574151
40579508
40580237
40589363
40593868
40621015
40621109
40638739
40646320
40648648
40662163
40667799
40673247
40673712
40681905
40703937
40704490
40727090
40731932
40732067
40733964
40740081
40742632
40754293
40756838
40762414
40770246
40772622
40773083
40780400
40781302
40782819
40782970
40794943
40796846
40798119
40801056
40803340
40809651
40815724
40819475
40823085
40829808
40834602
40837964
40839321
40840656
40843867
40848139
40864023
40872615
40892901
40893287
40899225
40906340
40911945
40929616
40932252
40934703
40947775
40949003
40949820
40959656
40960156
40963502
40969816
40970099
40990959
40994855
40995458
40998383
41000569
41002149
41005269
41017411
41022284
41036465
41039434
41041975
41044966
41045928
41055726
41058714
41063181
41070686
41070730
41074767
41085622
41088160
41092835
41093520
41094848
41104509
41112658
41120930
41138193
41138275
41147985
41151394
41181173
41181393
41197962
41209221
41212174
41240210
41253920
41260988
41267752
41272942
41277761
41281669
41282112
41295907
41301578
41303698
41305197
41308225
41312903
41317644
41317861
41324948
41329792
41330861
41336223
41344140
41349572
41370049
41370577
41376059
41376951
41378883
41381035
41397070
41403780
41406529
41408216
41409579
41420575
41429387
41449958
41454482
41473740
41483803
41490579
41491214
41495370
41496793
41509696
41523123
41524653
41525850
41528828
41535548
41535733
41539710
41542199
41544533
41547206
41547640
41550907
41555755
41568827
41573413
41575113
41577274
41582103
41589495
41594060
41601744
41604041
41605464
41613745
41624216
41629167
41633302
41640213
41643034
41652000
41667441
41673238
41696850
41757856
41760992
41776411
41781971
41785854
41789455
41797415
41798474
41804635
41805279
41807459
41808109
41810915
41810974
41811154
41815197
41826962
41829001
41837995
41840424
41842384
41858381
41873118
41890218
41947360
41967624
42026695
42082628
42090639
42104804
42104811
42115740
42118847
42125262
42126720
42139076
42143785
42145400
42150160
42154693
42168940
42186580
42187466
42187664
42227546
42234857
42256625
42260521
42262472
42264002
42280781
42291635
42292480
42296099
42298424
42299247
42301430
42302191
42320594
42321493
42328904
42332648
42344772
42374557
42385009
42386049
42396885
42408530
42411414
42414462
42415134
42415696
42418401
42423503
42432605
42436396
42442629
42443735
42446955
42456053
42457703
42472588
42484098
42485188
42485823
42490165
42492832
42500510
42500633
42508584
42516014
42522878
42534015
42535489
42556396
42569339
42571548
42586982
42591117
42593994
42599615
42611424
42613614
42616020
42634980
42635834
42647819
42652042
42670787
42689015
42694456
42703777
42707695
42708612
42718788
42721706
42726717
42731323
42746500
42747731
42749981
42750358
42763889
42765478
42766072
42769631
42771607
42778629
42780369
42783630
42784183
42785735
42790680
42791035
42791846
42794950
42795317
42800105
42808681
42815910
42816507
42819177
42823491
42826394
42827826
42832039
42836299
42838938
42844458
42851162
42859773
42860870
42861856
42863835
42898289
42901443
42911286
42929934
42929997
42933849
42945806
42948209
42963578
42971758
42973810
42977831
42979458
42979901
42987416
42988079
42990253
42990928
42992336
42992559
42998145
43003570
43009998
43021490
43038379
43038954
43049151
43058410
43060511
43060568
43065551
43072798
43073782
43074721
43075057
43076047
43080178
43081510
43091290
43091516
43099700
43110036
43115766
43119712
43124908
43127603
43133902
43143833
43144668
43146333
43150276
43158655
43166405
43173301
43174121
43174416
43178909
43180203
43181689
43183297
43184061
43191170
43192694
43192926
43194199
43202084
43232309
43236343
43238093
43244722
43261972
43267015
43269038
43272585
43276257
43287564
43295311
43300758
43312084
43323884
43324462
43336177
43343465
43348350
43350729
43351935
43352117
43353550
43353939
43354153
43357166
43357449
43362629
43368906
43372657
43373552
43381303
43381730
43397045
43422172
43449353
43503391
43503900
43513473
43528452
43532831
43539717
43541398
43550374
43561341
43569695
43571162
43577508
43590137
43616985
43617937
43628285
43645338
43646045
43650050
43651024
43663191
43664913
43670156
43681161
43684196
43690706
43701547
43708364
43714494
43716303
43722775
43731728
43735153
43737939
43748369
43753179
43762877
43765837
43766490
43766804
43768787
43771925
43784426
43787888
43790768
43791221
43810029
43825536
43827293
43830114
43835542
43838382
43839215
43839988
43843007
43844427
43845771
43848021
43854829
43858910
43863757
43870329
43872827
43893137
43901073
43909894
43912401
43913793
43924760
43929599
43950035
43990844
44010309
44013030
44026294
44026394
44029237
44041282
44041527
44045596
44046783
44069308
44071281
44073050
44073952
44075497
44077049
44077897
44082908
44085956
44089509
44094061
44096470
44098469
44105229
44106454
44107359
44110422
44116294
44123240
44131537
44138153
44145894
44147003
44147996
44148882
44152919
44156063
44160550
44161671
44168605
44168633
44170970
44172390
44204299
44230884
44264979
44277282
44294878
44298280
44299135
44303718
44308421
44311016
44313944
44331295
44337864
44340553
44348495
44352916
44353899
44361256
44367634
44370295
44376075
44380467
44384686
44391764
44392820
44394149
44403715
44403853
44410507
44471093
44486125
44494061
44498277
44502883
44504636
44512622
44526690
44528260
44546840
44549956
44554100
44554141
44561024
44562249
44570502
44576452
44579647
44583050
44592195
44596757
44598513
44603784
44612031
44613621
44621468
44626099
44628091
44631028
44631716
44633331
44640726
44642775
44646054
44648596
44651401
44652118
44654515
44659079
44673060
44679173
44679475
44681228
44681614
44682667
44684636
44684963
44688859
44699807
44710149
44722254
44725970
44726080
44726702
44733381
44734559
44735829
44738779
44743943
44750085
44751826
44758649
44760961
44763044
44764404
44770970
44774388
44779943
44780992
44795861
44808129
44820614
44825238
44836655
44864062
44903832
44911406
44932027
44946607
44954578
44989343
45004325
45026501
45057355
45066371
45091586
45110046
45118974
45147817
45212999
45287678
45301205
45350798
45360182
45372677
45374973
45376560
45397957
45400011
45416385
45417199
45419687
45422596
45423954
45428964
45433982
45440447
45454336
45455926
45463280
45469057
45473013
45480119
45481457
45482123
45488463
45508428
45510193
45517859
45522622
45524805
45525085
45525113
45527469
45529389
45532888
45538575
45552526
45563481
45564160
45564785
45568222
45571596
45579161
45581046
45586305
45593515
45603323
45610947
45631603
45653456
45740397
45743381
45747054
45750469
45770996
45783323
45787065
45788281
45792057
45809964
45815591
45824167
45833234
45833265
45840494
45840997
45856098
45856573
45861634
45869325
45869915
45871335
45930545
45964807
45983358
45997077
46001256
46004093
46008459
46012697
46022587
46023520
46023539
46024570
46026125
46030579
46035722
46041421
46041980
46070723
46078438
46078583
46103156
46110819
46111227
46118720
46122326
46137491
46142037
46144311
46146256
46150824
46151081
46151320
46170321
46178388
46178900
46181473
46183298
46185991
46209798
46217498
46221924
46222820
46225550
46232895
46240859
46244371
46247469
46250170
46254132
46254653
46268630
46278558
46280276
46280361
46283151
46284351
46284473
46286296
46309481
46314865
46317284
46322666
46326175
46333998
46335330
46337698
46347243
46347327
46351754
46355373
46365209
46369651
46376026
46390056
46390553
46392503
46398919
46404401
46405494
46408588
46411303
46422361
46423162
46424790
46435738
46438135
46447048
46452313
46463214
46467110
46468568
46470390
46479862
46487430
46489550
46491800
46496041
46501115
46509314
46517586
46521673
46526668
46537306
46541751
46544915
46549313
46549404
46550689
46556268
46560538
46562102
46572928
46581784
46582843
46584131
46588859
46591049
46603128
46612522
46615487
46681389
46693509
46697675
46699384
46699638
46701771
46705503
46708466
46712044
46725949
46726056
46730822
46735038
46736985
46739769
46745581
46762822
46768920
46770330
46777766
46790411
46791577
46804379
46813279
46814033
46826860
46830787
46835408
46837058
46847299
46848465
46849998
46854406
46856413
46867911
46872074
46874512
46876588
46885711
46885809
46889632
46908067
46914269
46919330
46919942
46922754
46928984
46933297
46936436
46943140
46950413
46952012
46952354
46952989
46965282
46967842
46970315
46972765
46997690
47008865
47009905
47019207
47024341
47033388
47039097
47044051
47049985
47050406
47051204
47053985
47058188
47065668
47079743
47088765
47094414
47097203
47099214
47100549
47104850
47110338
47110436
47112434
47112622
47137670
47151509
47171144
47171490
47172658
47173463
47176274
47183264
47274531
47282746
47291231
47308158
47313596
47313700
47321325
47327985
47329059
47329176
47337447
47347444
47348537
47357249
47358188
47367054
47376987
47392274
47405450
47408341
47416559
47418054
47418460
47418758
47419038
47429025
47429358
47436049
47436863
47459768
47460045
47466473
47481229
47485529
47486324
47490873
47527482
47534840
47537118
47551069
47551597
47554651
47574898
47575778
47583312
47584329
47593990
47597398
47598998
47610461
47622481
47632421
47635358
47636543
47638974
47646338
47677487
47683572
47686236
47712516
47790917
47792526
47797430
47797801
47810998
47823307
47834165
47836131
47842188
47851462
47852090
47853605
47857500
47859068
47864490
47866193
47871374
47872027
47881200
47898781
47905139
47911922
48184515
48621790
48638086
49292011
49305159
49413355
49525205
49547423
49737445
49764959
49771933
49772370
49793328
49795678
49827756
49830769
49853693
49855440
49859587
49860727
49866624
49870623
49878543
49880582
49882235
49886020
49903092
49907638
49911832
49913283
49924857
49927310
49928372
49930713
49935636
49937216
49939252
49944112
49945019
49945912
49952258
49969533
49972499
49979068
49979618
49988631
49988920
49994371
50044599
50044730
50048321
50049038
50066533
50066634
50079784
50080623
50093309
50094434
50111857
50115721
50116268
50118043
50125256
50126792
50127298
50128482
50140383
50140574
50143254
50144162
50146386
50152638
50153492
50154155
50155362
50155390
50156609
50164142
50167853
50170165
50183781
50186143
50186935
50187076
50188898
50189018
50189501
50193183
50202049
50203120
50207022
50214590
50219645
50220386
50228137
50239556
50275103
50302014
50315841
50351205
50351727
50356578
50358883
50370931
50373913
50391886
50392012
50398647
50407207
50409369
50417179
50419001
50426321
50427961
50428130
50428866
50430851
50441281
50443694
50451240
50452798
50454727
50457438
50480001
50480246
50482461
50486740
50494764
50496052
50502712
50504528
50511738
50521942
50531106
50534357
50537357
50540188
50543631
50546543
50547715
50553383
50557724
50559766
50568104
50574739
50586225
50588173
50592860
50593114
50595480
50597481
50601615
50623902
50625108
50628181
50629368
50643135
50643367
50643534
50645925
50652271
50653917
50661190
50663665
50664036
50665226
50667005
50670721
50682954
50697896
50701116
50707537
50723839
50727904
50729657
50735868
50738290
50738859
50750646
50751441
50757285
50768839
50774246
50785320
50787491
50806498
50819959
50822114
50823506
50829579
50833346
50834005
50838413
50839302
50842233
50851055
50856314
50864149
50865877
50875575
50879863
50895376
50895474
50915410
50920861
50922438
50926199
50927022
50943540
50944046
50968155
50971214
50973071
50974698
50976140
50984195
50985581
50987130
50991459
50995087
50999096
51002662
51004057
51024512
51030132
51031084
51034122
51040292
51048366
51064620
51070231
51087551
51096083
51106435
51108791
51108838
51110500
51121200
51124163
51125891
51126356
51135457
51151451
51155092
51166050
51176640
51186605
51191695
51201858
51207032
51212074
51215203
51219325
51220739
51241473
51243452
51247819
51249996
51251328
51268651
51287051
51288066
51288471
51297774
51299800
51309159
51313359
51318005
51332985
51359317
51360709
51361278
51361410
51364787
51364862
51365230
51389081
51389543
51396724
51397770
51398411
51400054
51439224
51443396
51450276
51454768
51456612
51457087
51463285
51464865
51472468
51478013
51478355
51483822
51484994
51494406
51494701
51498383
51498763
51500940
51502580
51503410
51504930
51513645
51515860
51517192
51520729
51521386
51523352
51523981
51527481
51537741
51538888
51542711
51547024
51548064
51548557
51578114
51581582
51593118
51604475
51607484
51617566
51621675
51626676
51636764
51636846
51659286
51678613
51680420
51695546
51709077
51711920
51724238
51729375
51730525
51735545
51736670
51742092
51745095
51749334
51762767
51763788
51769082
51773200
51792235
51795430
51801047
51805194
51821647
51822781
51842284
51848052
51869430
51883998
51892867
51911173
51914226
51926447
51941018
51943877
51947923
51949440
51955821
51969889
51971328
52024399
52040113
52045583
52067348
52074919
52105933
52116199
52125326
52134380
52192794
52197658
52215335
52217000
52221333
52242812
52244992
52296709
52339397
52350418
52358209
52395603
53034911
53388887
53522788
53524000
53575912
53615515
53632099
53671046
53738753
53793791
55632279
55746146
