4566109
4570322
4574331
4577978
4587224
4595593
4599564
4599790
4600827
4605125
4611455
4618671
4618929
4625155
4628017
4644988
4646292
4651868
4658211
4664642
4676992
4676998
4677460
4679320
4682226
4692671
4695684
4704603
4704851
4706472
4723855
4727691
4728074
4740581
4756568
4756773
4759892
4771802
4778980
4781104
4781387
4786640
4795480
4802112
4802847
4810786
4811681
4813642
4814471
4819020
4823849
4830820
4835086
4842086
4845161
4849314
4853442
4854539
4855871
4856238
4861127
4863697
4868242
4871654
4872785
4873278
4877871
4878515
4881500
4890249
4898857
4905100
4905982
4907707
4912250
4912530
4913818
4917402
4917986
4920094
4920811
4921690
4931530
4935906
4942070
4948020
4951023
4951749
4954724
4956631
4962299
4974928
4983341
4985298
4986055
4989269
4991443
4992090
4992238
4996573
5007308
5017811
5019444
5020717
5029026
5030063
5033437
5036421
5038171
5039843
5046757
5049283
5054957
5055277
5063279
5070109
5077545
5079976
5080784
5082926
5087208
5088908
5090400
5099395
5103673
5104764
5105904
5111816
5118882
5121848
5129450
5130025
5138988
5140615
5145202
5146754
5149682
5152513
5156930
5157781
5170109
5172974
5175377
5176056
5178739
5185072
5188211
5189235
5203702
5206554
5212127
5226199
5227587
5230123
5245799
5250995
5255717
5263587
5271356
5274906
5279807
5280423
5284306
5288867
5302602
5313403
5314085
5316262
5324502
5327082
5335005
5342510
5344505
5352689
5354442
5360075
5363028
5365519
5376273
5379606
5382066
5388839
5400576
5402081
5403755
5406856
5406906
5410365
5413478
5421392
5422567
5438247
5442918
5444093
5444800
5445146
5453911
5457580
5457875
5467508
5471570
5487805
5488902
5509008
5510064
5515806
5519831
5519960
5521797
5532579
5542796
5544326
5564853
5577790
5585336
5588446
5596398
5597123
5597639
5599172
5599634
5599652
5609322
5609718
5611480
5615096
5615762
5631131
5631379
5632281
5640697
5647653
5647819
5657389
5657693
5661727
5669060
5670916
5671450
5671557
5671573
5672987
5684083
5689904
5691654
5692989
5699260
5704117
5708772
5722187
5729695
5733387
5744662
5745218
5747241
5747301
5752990
5754966
5761187
5763084
5766282
5768086
5768937
5778312
5784431
5791321
5805125
5807453
5816231
5818904
5822206
5829394
5838319
5841033
5850842
5852547
5863065
5866314
5880137
5882361
5885349
5891459
5905643
5910114
5911861
5912787
5924751
5925172
5930984
5936331
5939522
5945419
5948947
5961127
5962164
5967894
5977573
5978510
5978513
5979097
5993809
5998572
6003608
6008977
6014754
6018194
6021619
6022140
6026510
6027531
6027569
6033340
6037757
6045639
6046528
6047885
6056339
6056720
6060747
6063832
6073511
6073907
6089266
6100297
6101387
6104007
6110566
6112200
6113494
6128147
6130047
6141530
6146597
6148966
6167831
6175890
6178818
6189021
6196059
6199976
6227270
6231656
6243836
6247929
6273914
6274664
6286040
6291956
6303982
6311801
6312662
6315420
6319888
6321427
6321763
6324606
6331766
6336139
6338875
6360191
6371787
6375563
6381309
6382867
6389339
6402731
6404390
6407786
6415778
6417095
6417170
6419325
6424129
6425056
6432875
6432976
6434088
6442196
6448498
6452658
6454385
6457087
6458052
6461181
6473282
6474834
6492044
6498076
6508685
6509363
6510139
6512178
6513642
6518835
6519313
6524842
6528769
6529567
6540720
6544367
6547439
6548291
6548869
6550911
6553996
6555542
6559820
6565563
6566320
6573442
6576496
6578604
6580967
6596310
6597758
6598013
6598186
6599898
6601076
6637820
6638451
6641913
6644917
6646839
6647056
6654888
6659864
6660593
6676886
6681102
6682952
6686775
6688459
6692449
6696850
6697441
6712257
6712722
6724732
6732683
6733617
6734157
6739516
6743425
6744593
6759843
6760279
6770125
6775463
6778013
6789958
6791890
6798506
6810959
6813721
6814415
6819263
6820171
6828106
6837899
6839636
6846978
6848351
6850107
6853072
6854913
6856798
6862723
6863349
6864213
6866641
6874014
6880294
6893084
6908930
6910381
6912376
6939601
6946990
6949931
6955485
6960075
6962161
6962478
6964875
6965431
6977514
6988902
7002273
7004683
7008104
7009059
7014591
7019486
7021349
7022725
7035762
7043777
7047766
7051178
7069468
7075978
7076556
7077985
7082117
7096989
7101943
7104774
7106574
7109175
7110328
7118537
7121663
7126627
7144248
7145482
7148574
7153377
7153971
7155130
7161891
7164078
7164571
7167470
7173257
7174743
7176788
7178642
7180772
7185509
7193297
7195198
7204403
7205176
7216225
7234339
7240490
7241480
7242831
7245687
7259349
7260977
7269044
7276236
7282578
7285019
7292264
7293844
7295924
7296511
7300866
7301195
7307164
7308211
7319677
7328333
7329316
7339818
7341229
7344267
7348159
7356151
7356346
7358055
7360336
7360955
7362114
7363770
7364527
7369836
7370326
7373967
7380348
7381916
7383866
7393568
7406235
7412895
7415502
7423209
7424085
7434669
7435263
7452545
7456016
7462513
7466110
7468353
7472020
7479603
7479685
7488846
7489553
7494319
7495333
7508745
7510605
7512590
7514635
7523243
7530739
7533117
7537374
7539303
7540334
7544970
7550861
7552388
7553063
7556786
7559491
7563688
7567964
7570867
7571416
7576914
7577539
7577731
7593829
7608129
7610799
7610847
7616429
7617808
7622301
7626344
7630042
7636714
7654160
7654703
7656887
7657860
7658464
7660170
7666930
7674985
7677442
7683169
7687033
7687891
7690395
7695066
7701045
7702807
7703310
7704730
7705506
7708365
7715581
7716643
7720428
7727261
7729831
7731766
7739083
7741430
7749652
7761165
7769079
7774866
7776408
7776597
7786656
7791099
7795714
7800099
7802126
7805864
7811104
7819062
7821619
7829508
7831996
7834531
7841223
7842068
7842759
7848813
7851351
7857352
7858033
7860622
7860952
7861458
7870729
7871175
7873666
7874825
7876786
7880788
7884140
7887445
7887665
7887957
7895330
7901296
7911569
7916118
7921393
7921936
7923426
7925380
7926746
7939203
7941974
7947189
7949130
7952347
7955341
7958976
7963148
7983301
7994215
8002207
8004903
8010137
8016090
8018000
8020048
8036809
8038386
8040312
8052228
8053057
8054301
8055762
8061200
8064401
8080244
8091617
8091975
8092299
8096895
8111484
8112779
8112879
8113941
8121044
8123696
8125216
8128154
8143997
8151317
8151725
8152705
8161888
8166202
8168410
8187143
8192299
8192362
8193131
8195758
8204410
8209003
8218481
8228132
8233253
8238929
8240880
8242530
8247412
8250044
8250597
8253692
8254242
8255222
8267295
8270345
8274797
8280892
8285588
8295035
8295921
8304840
8315836
8324764
8340796
8346337
8364691
8370006
8371954
8376261
8380549
8380587
8387508
8388105
8393260
8401969
8406226
8408268
8413662
8443529
8445046
8450893
8453271
8461291
8462275
8496003
8501680
8509565
8514708
8524827
8525603
8527133
8527579
8531446
8537931
8540170
8577882
8582544
8587037
8588790
8590587
8600696
8603404
8606455
8612707
8619238
8620944
8629269
8635373
8636982
8639332
8650824
8652652
8666459
8677832
8687693
8691181
8696154
8696703
8698362
8706954
8707639
8711519
8713948
8714447
8714849
8733856
8740972
8752118
8772472
8784539
8797740
8804429
8813781
8824086
8824767
8829728
8832053
8841917
8847497
8851798
8855260
8855838
8855954
8860644
8863494
8864270
8868646
8871854
8891071
8897442
8908403
8912735
8917699
8922330
8934252
8934362
8937855
8941807
8951669
8955373
8979723
8992076
9000828
9001143
9017256
9024742
9029869
9034582
9035267
9036976
9040391
9056073
9056896
9058624
9061571
9066243
9069334
9070993
9074037
9076978
9098388
9099148
9099877
9103367
9107250
9108054
9109707
9111026
9116813
9118318
9127743
9132574
9132989
9135176
9138634
9141534
9148304
9152498
9155803
9169045
9174068
9190653
9313929
9820275
10133401
10154393
10155898
10330552
10938764
10950045
11199372
11645038
12077506
12087823
12139308
12207483
12389130
12396149
12401072
12401144
12408885
12413550
12418869
12420930
12426811
12427442
12427486
12430920
12432073
12438934
12439663
12448566
12455028
12457985
12462911
12470190
12486482
12489982
12491069
12520663
12521954
12524332
12547922
12557435
12571657
12571918
12573281
12589957
12594565
12595721
12598841
12607861
12609871
12612067
12615058
12615130
12615454
12616142
12624407
12628096
12632789
12636204
12637338
12637835
12642047
12649348
12650966
12651610
12658421
12674249
12675496
12675813
12685819
12690934
12691242
12701477
12702793
12705787
12733766
12738092
12744784
12745475
12764142
12771833
12777387
12784566
12786080
12786485
12786843
12789269
12789272
12791050
12796592
12816868
12817552
12820182
12828476
12832205
12851953
12860332
12862769
12976794
12987805
12988973
12990855
13000299
13006934
13014716
13017216
13018379
13024213
13028567
13032082
13032704
13033383
13049305
13051362
13052977
13060319
13061491
13068302
13072408
13075798
13085954
13090205
13090902
13093837
13098376
13100384
13101333
13123361
13126205
13130031
13137433
13138780
13148639
13148934
13149251
13178503
13183143
13184321
13196652
13201933
13210487
13210666
13255808
13257809
13261444
13278264
13278908
13288581
13291088
13302881
13304389
13307289
13312532
13312777
13323723
13340317
13351809
13354262
13354608
13358959
13359213
13360599
13370410
13372427
13383045
13396149
13401436
13401741
13401958
13408894
13415608
13436141
13445409
13447545
13453716
13462547
13466185
13474017
13481472
13483796
13488286
13489413
13495810
13500956
13502567
13502618
13504616
13508018
13509284
13510550
13525934
13532896
13539032
13539560
13540354
13547791
13551846
13559773
13565396
13565691
13571940
13572882
13576828
13582279
13586215
13586869
13597371
13599954
13605690
13607936
13610783
13615193
13616786
13627304
13627408
13628366
13632881
13635130
13639594
13645576
13658064
13667071
13695756
13705963
13707723
13710406
13727091
13731332
13739644
13743286
13745868
13748626
13756483
13762927
13764648
13768277
13774145
13774381
13781575
13782439
13783457
13786118
13790105
13797418
13813676
13815344
13815969
13823971
13826890
13828837
13851617
13859528
13862302
13862393
13865845
13869929
13871321
13892920
13896108
13896237
13897949
13904625
13908128
13911075
13912683
13915247
13926023
13929651
13934646
13935451
13935620
13941256
13951331
13954768
13965622
13967793
13972653
13981399
13990472
14009429
14015172
14017443
14018687
14022956
14024954
14025583
14028432
14029497
14036569
14040650
14044564
14045818
14047373
14064491
14065365
14069285
14073165
14083979
14084642
14084858
14103849
14109712
14117691
14125636
14132874
14138900
14141237
14145702
14148328
14157891
14166169
14166618
14167686
14171632
14175468
14178179
14192882
14197817
14198113
14203158
14204245
14212153
14217088
14219300
14224546
14235294
14246663
14249779
14250298
14268051
14268833
14271607
14272999
14280331
14283800
14284657
14292756
14298421
14300460
14323374
14325055
14327757
14329177
14332787
14333509
14335033
14347250
14351353
14352214
14354306
14357087
14359653
14359826
14371915
14372528
14378079
14378933
14383558
14392709
14393774
14396464
14398952
14399963
14401581
14417057
14420594
14422488
14422630
14423041
14423522
14426717
14437508
14438291
14440587
14440744
14440970
14442042
14446830
14447266
14450430
14452632
14456986
14462098
14474523
14475151
14483680
14484613
14490724
14494092
14496847
14503765
14504921
14505379
14513984
14513990
14522341
14523604
14525074
14525394
14528304
14549484
14550169
14551781
14556336
14556788
14560678
14562560
14564174
14569521
14575748
14580306
14596526
14599627
14600742
14607846
14615536
14617233
14620770
14625187
14627129
14627870
14629215
14640392
14645391
14652296
14659044
14661143
14663782
14664391
14665780
14667294
14675770
14677470
14679672
14686030
14686404
14693253
14695355
14705976
14709709
14712382
14716777
14719344
14738083
14740531
14743276
14747961
14772066
14772123
14775525
14791302
14794406
14795031
14795132
14796087
14796256
14800761
14811930
14814182
14814723
14816353
14821169
14825916
14826519
14842915
14848005
14848614
14871120
14875550
14882722
14888490
14890089
14896338
14897821
14913146
14914528
14922039
14925077
14925872
14939431
14975095
14977639
14983043
14985603
14985713
14992480
15004425
15007409
15007538
15008823
15009542
15010733
15011537
15014167
15014258
15018326
15020299
15020346
15027817
15028078
15038168
15038555
15039390
15040085
15041363
15043270
15044386
15046343
15052796
15052912
15056606
15063948
15067762
15075167
15083011
15089169
15096090
15098207
15099615
15100416
15100755
15103234
15119796
15120943
15123177
15125068
15138269
15149607
15155268
15155654
15156845
15161190
15168384
15177410
15177614
15179747
15193985
15205402
15205889
15207205
15214958
15215392
15216919
15235288
15246563
15252032
15252670
15258959
15264998
15269773
15270385
15275277
15282880
15287733
15288004
15290865
15293039
15297265
15302935
15307221
15315775
15316790
15337226
15337616
15338561
15350474
15356449
15365130
15365705
15366245
15369267
15374039
15375230
15392132
15409150
15409168
15415219
15417315
15432086
15433962
15440952
15444141
15446453
15447486
15469006
15471994
15485198
15492801
15502100
15505728
15514673
15515782
15524283
15532149
15533208
15546905
15552997
15565695
15579911
15584642
15585673
15590796
15590803
15598123
15600463
15601676
15602848
15612631
15617136
15625433
15648674
15649466
15652610
15656387
15656795
15663713
15666022
15667882
15698644
15700941
15703200
15704098
15709137
15715266
15723610
15731392
15733299
15734926
15746220
15750933
15759824
15760219
15764062
15764344
15769239
15772170
15778064
15782336
15782682
15788224
15796153
15801824
15803985
15807482
15813303
15814060
15825288
15838769
15847791
15848806
15855768
15858661
15869170
15873100
15884325
15888048
15902043
15905807
15906897
15907293
15908072
15908606
15911701
15916696
15920177
15921559
15924732
15928499
15936029
15939787
15963091
15963955
15964030
15967571
15974046
15979298
15981196
15986477
15987850
15988522
15991274
16003432
16004167
16007714
16008880
16011126
16015587
16016416
16017032
16021785
16022923
16038577
16046585
16059638
16069292
16076210
16078362
16081689
16085173
16086647
16093052
16094881
16096307
16096354
16101918
16105364
16109109
16109150
16112826
16114566
16121182
16126331
16128876
16130227
16137003
16142689
16144634
16148844
16159302
16162007
16163440
16166927
16169509
16215150
16225269
16232105
16234421
16262723
16279346
16281388
16289911
16302270
16361244
16367087
16375023
16381743
16393511
16398443
16406077
16416253
16417271
16445473
16468991
16469572
16470653
16474090
16494231
16544150
16562095
16568111
16578705
16579032
16584784
16609483
16617127
16631619
16636058
16658093
16658102
16684404
16696307
16708666
16735288
16746921
16764816
16776543
16779101
16791491
16793979
16799377
16814975
16821905
16825235
16833196
16844248
16847179
16877078
16882692
16883204
16883219
16891045
16894485
16914632
16916209
16922910
16925376
16933579
16942234
16944606
16963855
16983578
17007780
17008013
17016734
17020674
17022015
17070967
17076858
17087373
17091856
17122562
17162557
17173151
17210416
17240620
17257707
17265906
17267191
17305164
17305946
17329329
17340510
17353070
17359174
17360151
17376921
17390744
17396194
17406935
17410485
17412942
17419945
17424767
17426677
17434120
17462576
17470512
17477738
17480823
17480882
17484511
17485334
17487162
17503417
17505415
17506464
17508396
17514246
17514896
17531807
17544578
17558806
17559152
17563321
17563776
17567480
17576880
17578982
17580345
17580948
17585387
17591212
17606986
17608739
17609383
17613385
17617086
17621959
17624340
17634566
17648094
17656076
17660958
17661156
17661499
17667675
17673826
17674439
17681118
17681721
17693885
17695453
17707649
17707799
17713351
17715412
17722552
17723611
17726991
17727953
17730476
17735703
17737770
17740915
17744515
17749407
17750277
17769108
17770609
17771879
17780951
17782862
17789044
17796857
17797439
17806398
17821481
17822785
17842467
17860826
17874439
17874995
17879852
17894218
17907360
17913172
17928481
17934946
17935907
17938330
17939768
17945420
17948625
17955052
17961050
17968325
17973431
17976230
17979208
17980025
17985309
17986000
18011918
18012983
18023398
18030061
18030463
18030771
18053378
18053755
18071505
18085133
18100294
18101083
18104586
18109926
18110803
18117425
18120555
18127824
18130903
18139162
18150274
18153928
18154292
18158260
18161222
18162027
18165636
18167515
18169164
18174279
18175655
18187844
18201096
18202990
18204250
18205638
18206088
18209502
18211215
18213854
18214592
18217564
18218651
18221770
18225474
18227375
18228226
18240975
18244151
18244402
18245034
18257383
18259058
18262156
18262652
18267735
18275671
18276035
18276842
18278388
18280468
18280685
18281495
18282152
18284338
18288608
18290634
18290735
18294759
18298739
18300125
18302211
18303367
18303882
18304319
18306411
18308202
18312295
18315635
18315980
18317699
18318648
18318657
18324007
18327230
18329090
18335339
18338493
18344088
18344157
18351276
18354870
18357654
18358540
18359809
18361534
18369664
18370280
18377059
18380135
18382284
18386622
18389289
18394709
18399820
18402729
18406474
18409477
18411136
18412528
18413433
18425817
18429778
18430080
18430828
18432486
18435050
18440865
18442188
18457770
18469026
18470572
18475488
18482777
18492397
18492651
18500728
18500807
18505623
18510278
18516848
18516879
18530730
18532263
18540931
18541138
18541764
18542879
18543410
18554119
18558731
18568455
18569303
18570760
18571734
18573987
18575108
18586739
18588086
18588655
18599349
18604416
18605660
18607024
18610024
18610621
18612594
18614080
18626656
18637837
18637846
18638418
18639816
18643617
18647767
18651226
18652687
18653127
18656576
18657588
18658876
18660318
18664144
18665878
18667619
18667701
18667751
18670748
18671370
18677751
18680248
18686255
18688777
18690920
18695683
18696663
18698133
18699085
18699625
18699666
18701272
18702123
18702296
18702679
18707297
18712820
18713106
18719270
18730611
18731242
18732150
18745091
18749775
18749888
18756592
18758785
18775297
18776101
18782117
18786622
18791592
18792120
18792557
18794426
18796440
18798108
18804740
18810172
18812902
18816389
18816867
18817272
18822465
18830199
18830567
18831374
18832615
18832835
18840391
18844236
18849561
18850475
18850777
18853139
18853535
18858326
18858967
18859608
18870770
18876463
18876478
18877861
18878479
18884134
18884854
18886220
18887285
18888316
18895796
18896459
18897018
18902535
18903945
18914165
18921142
18924347
18933511
18934481
18934632
18934745
18934924
18935433
18944164
18945345
18947101
18952549
18959426
18960569
18960695
18960839
18969202
18969473
18976871
18977870
18979997
18982548
18982686
18983795
18983896
18984213
18995011
19000804
19001303
19005469
19011231
19027419
19029882
19031629
19032556
19033344
19035091
19043350
19044575
19045392
19050491
19052640
19067157
19072184
19073082
19080085
19085096
19087031
19089409
19091442
19095432
19095504
19103339
19104696
19106292
19110656
19111086
19113128
19116471
19116835
19120036
19123169
19125581
19130690
19139159
19149599
19163265
19166874
19169721
19173183
19174779
19177022
19184097
19186732
19190499
19199927
19201677
19202802
19204036
19218139
19218657
19219568
19220633
19220926
19223502
19223957
19227982
19228937
19231601
19235330
19238324
19242813
19243778
19244324
19251311
19253777
19254726
19259162
19261339
19261804
19264713
19264795
19268338
19268354
19269561
19271263
19271452
19276689
19280773
19284973
19288420
19291354
19291357
19292997
19299346
19301470
19305925
19312154
19316220
19319132
19320103
19326430
19329493
19330482
19333282
19335562
19338380
19342901
19343884
19348993
19351138
19362674
19366827
19367346
19369620
19377006
19379193
19384401
19390267
19396789
19417074
19420473
19424118
19424218
19429455
19431921
19432213
19433410
19447482
19455640
19459539
19461867
19474364
19475329
19475495
19478297
19484709
19484879
19485259
19486532
19488027
19489573
19495680
19502038
19503408
19511306
19519349
19532757
19534158
19534227
19541811
19543460
19543991
19544095
19546935
19549030
19549392
19549549
19549897
19552188
19555480
19556668
19562791
19562841
19563538
19566045
19566388
19572900
19578109
19581543
19582149
19585463
19589387
19592042
19594568
19597524
19597860
19601011
19601467
19603301
19604794
19605849
19616707
19619330
19619591
19630288
19631117
19632163
19637350
19650915
19655543
19658845
19663014
19666325
19673522
19675615
19676007
19680173
19682894
19695290
19696239
19707338
19708322
19709138
19709509
19712896
19714680
19715811
19718780
19722094
19726483
19736090
19746376
19748000
19751522
19756168
19758543
19766171
19766664
19768169
19772376
19774383
19774810
19775910
19778354
19786940
19789101
19792909
19794370
19797197
19801806
19806022
19807250
19815431
19822745
19838867
19851870
19855578
19856922
19868087
19871132
19874770
19884854
19904681
19908127
19908469
19910691
19921284
19924620
19925095
19925242
19940935
19942436
19946489
19950799
19956825
19958509
19960909
19966174
19969052
19979997
19980657
19984147
19994760
19995397
19996453
20000157
20002893
20006066
20006286
20006804
20009245
20011875
20012189
20014539
20025220
20031070
20039496
20051487
20051509
20062612
20074188
20087289
20096399
20100103
20107119
20131340
20143269
20148317
20148566
20152389
20152464
20156611
20157334
20158810
20160089
20160780
20164415
20165527
20183516
20185919
20187842
20202868
20211891
20212158
20213314
20215246
20215425
20229276
20229317
20231579
20237787
20240253
20241664
20267657
20272329
20276234
20277340
20279479
20286346
20292809
20295174
20295825
20297003
20303829
20309073
20315340
20319182
20319622
20324931
20328010
20336210
20340253
20342785
20349797
20351129
20352241
20353555
20359137
20359156
20360689
20360827
20365574
20374201
20377607
20378207
20379916
20383877
20385517
20386497
20387078
20390949
20392878
20400814
20417703
20426185
20426700
20429814
20452329
20452380
20456310
20457676
20463064
20467371
20489507
20493120
20499642
20525038
20531749
20536386
20538227
20545079
20549653
20552213
20558657
20559549
20561192
20568194
20569847
20573387
20575904
20577060
20581267
20581408
20587198
20588291
20593572
20594587
20596830
20600506
20605099
20608102
20610945
20611831
20615950
20618143
20618501
20619245
20621347
20623411
20631143
20632396
20641510
20642770
20642974
20657859
20672882
20678219
20683073
20683086
20686541
20687028
20691848
20694615
20698643
20701816
20702215
20718290
20724683
20725255
20729440
20731061
20741428
20742911
20749546
20754045
20755590
20759794
20761374
20763001
20764233
20777723
20789988
20792655
20794895
20799614
20808042
20810355
20810465
20812098
20813578
20814436
20814907
20815457
20817785
20826097
20831586
20836851
20844871
20854010
20855707
20863262
20863702
20863749
20866881
20869351
20871842
20874022
20884487
20884974
20885407
20893503
20902824
20907559
20915557
20926060
20927395
20928051
20937432
20939458
20948701
20952226
20955242
20956825
20967048
20973604
20976906
20978885
20981091
20982797
20984851
20985731
20993843
20998269
21005353
21011841
21024772
21026553
21038588
21039826
21044846
21064092
21079426
21095655
21098209
21101885
21109990
21117194
21132987
21143838
21153621
21159926
21169869
21170629
21176869
21179153
21181531
21182533
21187833
21188684
21193318
21194348
21195869
21195878
21196777
21197022
21202435
21205784
21212658
21214521
21216314
21221096
21221372
21224335
21227442
21231850
21234228
21238953
21241846
21243232
21243401
21247840
21249493
21262266
21262713
21267145
21277352
21280299
21285505
21286950
21301860
21303509
21305721
21307122
21307292
21312664
21313091
21316861
21321200
21340542
21343367
21351808
21353370
21362091
21366360
21366608
21367023
21367233
21372018
21375530
21380456
21384324
21385590
21387563
21388178
21388216
21393858
21396510
21396513
21403110
21408649
21409133
21415337
21416230
21416283
21416685
21421369
21425670
21426280
21428007
21431934
21434649
21440803
21451507
21451972
21455072
21456508
21457067
21458732
21474977
21476602
21478110
21483425
21487091
21489529
21490029
21490167
21498734
21504065
21507075
21511008
21519456
21536414
21539496
21548299
21549974
21576482
21579699
21595492
21596381
21602215
21602290
21603494
21604464
21607433
21608514
21615655
21616233
21620358
21621973
21626679
21634621
21641865
21648579
21654070
21654582
21663819
21667972
21670278
21672138
21672499
21673209
21674886
21694688
21695354
21695489
21697710
21698583
21704474
21717496
21722579
21724282
21725278
21735516
21736631
21748692
21759059
21761120
21767381
21776589
21778908
21778930
21779580
21783124
21785791
21786372
21786818
21794876
21801590
21802319
21818520
21819805
21829076
21830496
21832205
21833920
21837178
21839336
21840197
21844960
21847438
21860589
21861679
21865876
21866580
21866659
21872009
21873391
21880758
21885998
21887962
21889322
21892106
21894066
21894798
21896482
21898364
21903224
21913123
21913892
21916264
21924288
21926424
21928360
21928768
21931627
21934467
21945431
21948934
21956474
21967265
21971377
21974466
21976957
21979081
21981757
21990205
21990840
21995825
22005178
22007097
22008153
22014760
22017219
22017810
22035934
22047077
22049568
22055607
22058393
22068481
22076508
22076696
22077774
22082194
22084544
22091857
22099960
22103199
22105068
22105266
22117172
22125441
22131027
22140496
22150256
22167736
22178078
22178867
22182863
22184516
22188848
22189391
22189693
22193874
22195605
22196171
22203833
22203843
22209868
22215243
22218134
22222409
22228159
22228806
22235855
22240012
22241413
22243838
22247859
22248711
22251124
22261271
22261334
22285320
22287126
22303428
22307773
22308568
22312001
22312287
22317100
22319067
22319824
22319934
22326044
22327263
22329563
22332283
22343669
22345095
22346581
22356857
22357467
22376046
22392087
22395891
22399696
22405803
22411653
22422457
22423035
22427615
22438827
22442965
22448636
22459248
22462025
22475540
22477419
22480893
22484820
22488540
22488732
22490745
22506994
22507540
22512419
22518596
22522146
22527254
22532525
22532532
22535457
22542057
22543706
22546031
22547816
22548120
22550521
22555079
22555600
22555764
22556797
22558249
22562685
22565471
22567337
22567476
22568399
22572329
22574780
22578958
22580243
22588707
22598552
22598659
22603032
22612567
22629924
22632054
22635846
22639412
22651796
22658855
22662421
22668616
22673498
22689467
22690648
22691358
22697399
22698059
22698320
22716937
22718209
22718819
22733289
22751422
22756986
22792640
22805637
22823424
22827037
22832375
22832758
22833207
22833663
22840625
22845557
22853829
22855359
22858924
22860382
22866084
22872455
22879483
22880105
22882314
22889800
22894877
22911370
22914650
22929554
22931398
22937819
22937998
22938130
22940681
22940995
22942924
22948991
22954950
22959653
22968519
22971607
22977152
22988301
23000079
23000422
23001594
23011543
23011769
23012705
23014182
23017474
23017606
23018985
23025532
23030147
23032526
23033811
23041112
23043194
23046880
23047740
23053169
23057313
23062550
23063668
23066690
23068440
23069584
23069923
23072452
23077928
23083454
23083699
23086357
23087315
23097569
23098483
23099137
23101424
23110852
23111992
23117358
23117955
23118103
23132124
23138982
23139695
23142588
23145708
23145796
23152026
23171158
23173486
23181933
23184302
23184368
23188317
23195439
23204647
23218872
23223340
23242516
23242651
23256694
23257206
23265575
23271843
23272952
23279973
23284381
23285213
23296328
23311329
23323484
23331423
23340452
23342726
23352981
23353901
23361262
23368576
23378698
23378877
23392040
23401817
23405122
23406570
23408455
23410233
23425555
23426510
23436604
23441030
23451259
23451312
23458224
23462883
23478644
23478871
23482245
23488126
23499244
23506482
23512498
23531891
23535708
23536981
23540264
23549814
23552117
23554014
23558167
23565158
23567143
23576455
23588572
23592929
23596737
23606680
23615011
23616268
23618860
23644008
23685644
23688588
23709511
23710183
23713243
23744891
23753948
23766578
23782037
23795235
23802872
23804104
23807393
23807824
23810459
23810610
23812483
23817600
23819523
23836965
23843220
23845359
23854124
23871023
23877693
23884497
23891770
23895084
23895578
23900900
23904880
23908766
23914933
23917644
23921376
23921738
23929928
23949487
23955931
23961988
23969757
23979348
23980718
23986919
23993203
23996520
23996869
23998594
24013193
24015351
24016849
24017415
24020836
24022784
24026265
24027964
24032385
24033286
24042277
24054244
24056085
24082364
24083536
24084790
24085496
24085509
24087287
24089235
24094510
24101974
24106259
24109363
24115675
24130107
24131609
24132250
24134643
24139516
24139994
24147097
24148171
24150977
24151454
24159437
24160521
24163945
24164696
24170866
24174696
24180237
24202175
24206991
24208581
24211119
24217063
24218072
24218197
24232975
24264237
24265261
24267112
24286200
24294111
24312976
24336054
24337826
24354963
24369474
24369776
24373257
24387337
24387391
24389954
24390014
24390806
24391575
24392452
24392945
24394981
24397337
24401029
24417205
24441159
24442677
24443230
24449280
24453144
24455991
24456478
24463851
24471410
24476276
24477485
24503212
24505515
24509721
24510921
24514361
24519589
24549202
24551561
24555155
24563578
24571014
24574287
24582559
24584014
24607067
24617393
24618025
24618515
24619196
24619787
24628577
24631766
24637195
24641360
24645642
24649086
24655073
24658077
24661778
24663345
24665039
24668026
24672079
24672314
24672481
24673116
24684915
24685773
24686791
24690501
24694475
24695842
24696803
24700328
24702084
24705025
24717698
24719225
24721531
24724550
24728386
24728477
24734609
24751523
24760028
24763430
24771152
24773603
24778073
24779949
24781274
24793627
24797425
24797827
24798534
24801123
24811663
24817208
24818898
24821625
24828207
24830192
24831125
24831857
24838297
24849305
24854288
24856069
24887137
24896087
24897824
24903985
24905342
24907039
24919787
24920928
24926642
24932228
24934923
24935140
24946569
24947182
24947220
24956314
24956324
24958435
24963628
24976132
24976942
24978874
24986028
24999357
24999929
25000718
25001487
25002867
25003322
25006706
25008751
25016328
25016677
25021986
25022310
25025451
25026413
25027239
25029598
25033698
25034468
25037355
25045353
25045432
25046764
25048127
25052705
25052915
25063355
25077080
25081563
25090247
25095628
25097193
25126504
25134217
25135674
25149654
25155265
25158470
25160989
25166732
25168482
25170555
25171039
25172729
25173728
25174507
25175343
25177527
25182619
25194394
25208622
25211767
25216165
25221016
25230908
25235731
25238125
25242341
25242391
25244229
25248549
25257307
25260584
25265045
25268039
25269842
25271001
25277102
25282537
25295182
25297859
25298742
25299081
25307384
25309612
25314421
25329206
25332410
25342972
25344034
25352821
25360685
25363741
25366625
25370028
25371755
25377910
25378683
25385999
25386420
25386436
25392336
25397199
25398286
25403903
25407808
25415766
25415961
25420485
25424101
25429756
25437622
25445746
25445834
25446092
25452721
25453632
25458102
25458426
25499106
25518217
25518725
25541386
25543428
25594353
25596709
25598343
25604186
25606853
25610752
25615713
25624393
25627572
25629410
25640280
25653161
25663688
25666226
25671558
25684297
25687482
25693304
25698019
25701236
25706970
25713831
25715106
25715904
25716624
25718540
25723963
25728785
25733193
25746711
25749105
25758159
25761150
25768221
25768312
25770738
25785007
25785186
25785701
25787696
25792842
25798638
25803087
25804962
25827158
25843331
25846767
25846837
25850154
25855869
25858508
25864986
25872243
25878796
25891799
25898085
25898208
25902666
25911026
25915505
25927214
25932071
25937132
25941251
25941543
25944446
25944857
25950054
25955218
25975683
25980470
26000090
26000611
26022492
26027045
26030262
26034343
26036215
26036601
26039375
26041593
26045385
26045640
26051062
26053000
26057895
26059258
26061030
26086286
26090373
26101626
26102100
26105427
26112851
26113709
26118057
26129863
26150930
26155149
26157242
26161885
26166858
26167471
26169538
26170914
26180637
26182252
26190464
26204183
26212119
26221823
26223576
26225364
26228540
26230837
26234327
26237500
26240538
26245420
26275142
26281664
26283882
26292742
26298462
26300373
26322650
26333918
26336916
26378092
26382346
26383373
26396863
26404293
26409361
26426894
26427535
26435313
26453528
26454465
26473682
26480505
26491385
26500326
26505248
26551285
26558313
26566381
26579497
26584373
26625854
26630010
26655709
26656805
26661452
26661464
26662843
26676431
26687615
26688086
26691548
26692968
26696860
26698230
26715619
26718094
26740208
26750971
26767760
26770399
26770700
26771200
26772152
26775648
26778074
26782833
26787643
26796430
26798554
26799697
26801409
26806681
26808971
26816775
26819659
26835920
26837808
26873616
26904589
26916788
26932631
26948075
26959783
26973968
26994052
26994511
26999782
27003203
27007174
27007190
27016326
27029963
27050883
27069265
27083487
27084633
27118107
27139724
27149055
27161967
27196697
27207850
27211548
27218679
27223775
27230592
27238063
27239944
27243711
27245316
27259608
27263013
27271008
27278429
27283468
27291140
27291149
27291561
27292610
27293188
27310128
27321566
27326238
27337940
27344003
27344324
27346130
27349586
27360506
27363689
27364091
27375903
27381910
27391174
27393584
27394734
27409078
27420357
27423291
27427865
27431239
27437290
27443026
27445829
27445854
27447010
27448040
27458084
27459391
27463525
27468857
27477606
27478790
27479547
27481062
27491278
27491463
27491932
27507863
27519678
27520215
27521104
27521773
27522078
27523932
27525116
27531695
27532612
27538358
27559708
27573996
27576359
27576701
27586776
27601262
27603018
27603559
27607844
27608362
27609524
27621117
27628195
27629119
27629785
27634403
27639527
27663054
27663931
27674741
27677386
27679016
27683311
27685743
27693917
27699905
27703163
27704721
27708692
27715597
27720693
27723602
27725239
27745797
27751201
27754437
27755109
27757629
27761307
27765297
27769111
27780713
27792940
27794209
27797065
27797191
27800816
27804991
27808032
27810125
27825537
27830617
27848106
27848370
27853403
27858474
27861053
27909122
27921196
27953680
27975690
27980537
27992770
28005689
28035063
28040802
28043281
28054669
28069234
28072881
28073286
28079752
28097172
28101055
28107831
28108164
28114881
28119468
28119694
28122528
28128588
28133413
28134792
28141151
28167167
28175005
28219553
28241732
28244805
28245153
28253190
28262492
28264254
28266551
28270195
28275574
28282865
28292101
28297480
28303119
28313527
28318239
28319069
28322286
28323250
28332323
28338694
28339294
28347133
28347918
28348179
28352857
28357195
28360164
28361531
28362969
28366124
28367613
28369187
28374103
28375618
28408177
28420825
28425519
28429760
28433772
28435254
28435386
28439995
28456149
28467110
28473073
28482796
28482994
28489384
28492626
28495331
28501954
28503587
28512066
28517369
28519942
28528591
28529282
28538273
28543102
28544145
28548022
28548685
28555273
28560635
28568957
28580650
28592824
28594615
28595758
28606635
28609949
28611645
28619760
28627130
28631302
28635195
28636543
28638179
28640872
28645867
28646335
28657132
28659806
28661452
28670198
28672806
28673189
28676626
28678498
28681112
28682083
28682692
28684527
28699984
28700311
28702211
28702899
28734906
28739279
28741123
28750375
28751176
28752310
28755160
28766435
28767701
28770764
28771609
28773186
28775027
28791392
28796497
28802277
28804970
28805133
28809855
28841409
28852869
28857343
28859998
28865759
28870795
28876441
28883340
28885646
28888332
28915453
28920451
28922660
28933681
28938572
28953350
28960061
28963309
28966011
28966626
28971465
28979639
28984948
28995152
29018475
29022836
29030665
29040624
29047510
29047607
29049103
29054098
29054905
29060180
29064324
29066523
29070582
29075059
29079331
29084713
29086770
29094769
29100323
29107876
29108937
29109142
29127492
29130743
29134874
29135949
29139043
29151167
29158019
29167597
29169460
29170374
29172473
29173877
29185665
29185932
29187983
29193000
29195391
29199305
29202409
29215120
29223357
29226725
29227504
29239766
29244635
29244968
29245578
29252062
29252420
29252800
29253275
29255141
29257371
29265766
29268926
29270305
29273692
29274132
29274927
29277076
29293607
29298470
29299887
29303795
29304706
29306921
29310747
29312334
29316556
29321730
29324284
29326069
29328934
29332302
29339348
29339480
29339731
29342615
29356812
29364239
29372919
29373711
29381468
29382627
29389431
29391948
29400166
29414812
29429160
29433078
29437781
29441783
29442213
29443706
29448773
29460683
29468735
29478203
29479294
29488084
29510461
29522619
29529546
29530725
29531205
29541717
29546175
29551403
29553193
29573918
29575898
29579102
29592011
29593340
29596224
29597967
29601828
29605903
29609619
29611881
29616641
29623442
29623958
29627473
29634435
29641701
29642688
29649860
29650762
29650771
29655260
29658657
29666479
29667990
29694392
29700785
29703173
29706619
29727583
29730929
29731680
29731695
29732471
29733904
29743326
29747039
29755760
29758443
29769467
29775122
29785979
29788866
29789739
29805806
29807713
29811596
29812937
29821105
29833668
29836961
29842845
29850573
29850774
29855955
29857208
29858041
29861123
29873931
29876727
29895774
29901018
29904602
29911815
29915532
29928981
29930549
29936665
29937156
29941720
29941764
29946219
29948387
29954255
29983450
29988517
29988954
29992737
30008156
30011982
30012815
30015296
30015874
30025921
30034573
30045060
30048396
30051993
30056781
30063225
30072021
30084066
30086344
30089325
30094904
30096381
30100041
30105001
30120615
30121313
30134278
30140225
30148770
30163529
30166674
30173727
30176030
30182294
30197138
30207747
30208250
30211605
30227228
30227432
30241865
30243401
30248183
30259558
30265176
30271943
30285200
30289096
30292781
30300606
30309965
30327338
30329855
30330090
30334809
30339160
30343970
30348252
30385049
30400993
30409990
30415564
30421008
30427941
30432151
30447023
30447058
30459637
30461836
30462643
30463482
30465609
30465625
30471207
30491100
30503151
30518350
30519233
30542361
30543850
30546131
30550294
30552669
30555298
30560033
30566316
30574751
30580686
30588313
30589086
30596108
30607031
30612962
30613622
30613939
30614891
30618413
30624992
30626355
30640822
30647159
30649468
30662845
30669687
30676055
30679844
30683475
30686341
30687651
30691254
30705225
30716641
30732161
30734168
30744026
30753197
30782624
30791348
30798687
30813242
30817983
30826729
30828413
30830125
30830826
30831300
30832849
30848054
30850643
30851507
30852732
30854061
30855647
30863005
30863385
30866982
30877236
30879055
30879863
30891970
30892206
30898354
30904442
30905976
30911046
30914411
30916861
30919654
30920414
30925482
30929214
30942786
30955729
30977274
30980830
30997785
31003126
31008976
31011282
31012073
31012818
31012890
31015243
31016415
31018815
31030738
31031790
31032283
31045723
31045736
31050800
31053228
31061799
31071424
31076539
31078257
31078905
31081729
31085354
31086941
31088442
31089297
31089671
31094738
31107653
31108137
31112042
31121985
31130398
31137674
31156492
31158600
31168409
31172703
31176354
31183215
31187846
31189482
31211200
31213129
31224056
31228875
31228985
31233138
31235576
31235585
31243976
31248104
31269433
31276332
31285772
31287478
31296582
31298103
31304128
31317549
31320374
31320396
31321018
31323921
31330810
31337722
31345497
31351098
31359153
31364491
31367686
31384484
31386894
31388015
31393588
31399985
31401980
31404364
31413717
31414533
31422347
31423424
31429230
31437012
31439585
31441246
31450178
31462389
31467086
31469690
31470165
31472568
31472882
31475722
31478858
31479417
31486215
31490158
31505505
31509391
31510299
31531599
31531800
31543216
31550514
31554840
31557488
31560687
31566363
31582131
31584368
31586743
31597783
31598992
31599410
31601163
31601348
31601904
31602137
31608549
31618354
31620656
31638667
31640175
31644743
31648284
31651689
31652446
31653338
31654036
31662257
31662773
31663542
31666627
31669398
31670796
31679718
31692615
31702753
31720295
31726051
31726660
31738821
31741074
31743521
31744746
31746031
31747131
31748651
31748796
31749741
31753222
31753423
31756201
31769226
31786891
31788675
31789143
31792850
31799539
31800500
31801386
31803205
31803868
31804327
31804986
31809520
31820726
31831941
31839239
31840408
31844872
31847363
31852896
31855469
31856813
31867523
31867853
31882131
31882515
31884987
31903843
31942286
31950429
31954740
31963411
31963875
31965704
31969801
31972389
31976071
31976370
31978842
31981060
31982797
31988609
31988791
31998565
32001942
32006815
32007229
32014763
32020911
32023676
32024430
32029312
32038064
32050338
32053989
32058830
32061906
32067102
32067206
32079232
32087692
32089910
32107908
32109165
32114119
32114942
32119966
32128504
32129884
32133245
32137134
32140474
32146920
32147213
32160957
32167674
32187717
32202250
32205690
32216956
32227424
32229591
32234863
32252201
32257278
32264347
32268613
32270068
32270291
32274111
32283174
32286520
32288553
32289520
32291286
32295800
32299052
32302407
32302483
32302919
32314248
32318847
32325542
32330411
32334404
32344178
32360370
32363756
32383077
32387730
32402065
32408175
32419268
32419303
32424301
32428640
32444225
32451246
32454074
32479546
32483354
32486618
32493548
32504277
32508002
32508213
32509501
32522039
32527788
32534034
32543848
32549443
32555164
32573781
32574884
32607220
32633255
32643000
32647524
32650084
32650851
32651247
32653512
32654749
32656851
32665560
32674460
32674639
32677843
32677959
32679200
32682188
32686637
32686759
32690510
32718668
32720189
32724182
32731018
32733072
32747763
32752255
32759591
32759920
32762506
32772034
32787397
32789046
32795219
32803340
32803557
32811235
32820578
32827553
32834200
32836692
32840581
32844024
32854476
32865440
32867027
32880520
32883033
32884265
32891355
32919711
32925960
32927333
32931684
32933179
32937131
32940776
32947527
32953854
32965682
32967438
32974441
32975836
32979524
32981905
32992650
33003827
33003944
33009306
33011832
33012344
33015373
33025178
33030713
33031162
33038950
33039098
33041787
33065805
33068290
33073348
33073885
33081657
33085487
33111050
33112567
33124691
33129073
33140839
33144423
33150945
33156151
33159870
33164357
33168937
33171676
33174642
33174915
33183005
33188669
33201782
33202269
33204767
33206159
33208829
33218332
33222162
33225093
33228580
33234863
33240367
33240735
33255516
33273989
33287969
33302533
33313545
33319944
33320974
33321892
33323086
33329127
33338853
33348049
33351586
33357345
33375450
33386483
33388965
33392081
33413067
33419935
33430427
33433321
33433327
33440257
33442893
33451941
33461492
33463452
33464055
33469129
33469606
33475227
33488142
33492458
33494673
33504845
33505175
33519306
33522878
33536927
33544379
33556101
33557734
33558636
33559977
33561652
33565833
33577577
33584372
33587158
33592078
33596624
33597601
33607620
33608487
33623299
33625891
33637729
33638360
33639299
33640820
33660204
33663094
33666537
33673866
33675431
33678239
33679911
33691962
33692826
33693935
33695826
33698396
33701063
33704425
33709275
33712351
33712747
33728436
33730500
33735734
33738618
33741407
33744238
33745941
33759666
33760700
33763578
33764533
33777815
33779440
33786549
33798603
33798889
33803906
33811060
33836924
33846359
33852811
33854351
33856280
33858444
33858975
33867470
33868862
33883502
33893197
33905257
33913677
33915373
33915637
33916146
33934684
33935885
33940220
33942152
33942843
33945149
33954018
33996200
34003881
34012210
34031618
34036915
34052504
34053939
34067115
34068944
34078277
34083690
34089914
34094563
34096762
34100463
34102703
34109693
34111179
34111610
34112659
34112706
34120541
34121251
34129495
34136117
34150955
34157455
34162802
34165588
34168303
34169789
34171718
34175532
34190891
34209432
34234785
34247816
34263757
34267222
34279506
34281344
34288123
34299659
34300925
34301899
34311993
34315094
34321641
34323548
34326001
34327795
34335545
34338279
34338671
34341857
34353801
34353924
34360182
34360210
34374388
34383342
34384529
34385748
34395094
34403184
34408789
34409115
34439912
34447279
34448382
34455696
34469104
34471617
34473084
34475312
34484539
34489967
34492038
34492757
34493558
34500856
34510915
34513360
34529234
34550330
34561077
34571897
34584426
34595361
34607969
34623680
34630814
34634446
34644229
34650496
34653230
34659585
34661973
34662441
34682082
34688708
34695826
34695833
34698622
34708968
34710752
34716413
34718923
34739180
34743509
34749761
34756186
34758624
34782409
34795025
34805883
34809276
34809957
34812879
34818386
34819002
34819335
34822392
34827044
34842300
34842372
34842463
34846946
34857694
34859799
34866792
34869293
34897941
34936391
34966047
34981271
34981865
34987932
34991108
34996307
34998833
35014506
35021173
35024132
35024619
35034374
35036139
35040890
35041587
35055397
35075202
35088525
35096697
35108679
35111239
35112574
35115857
35122250
35128169
35131333
35134804
35135389
35135533
35139727
35141791
35147050
35147594
35150685
35152187
35156739
35158985
35161561
35171910
35199546
35203175
35205578
35214343
35222939
35226234
35239869
35241895
35243532
35246139
35248360
35256742
35288482
35288516
35293442
35293549
35306263
35307658
35307702
35311946
35317925
35347833
35368341
35371253
35374291
35376836
35377357
35382374
35398792
35413916
35418047
35418534
35422247
35424839
35429574
35434126
35434864
35439111
35440579
35444107
35454552
35457370
35459522
35460792
35469114
35475212
35480794
35481705
35481982
35490235
35493841
35501664
35506065
35507469
35524553
35535049
35537387
35554292
35570392
35571354
35576965
35578916
35592085
35602427
35605776
35618270
35626690
35635778
35637714
35646032
35656007
35664496
35700385
35701513
35704303
35704724
35709998
35712254
35730566
35734559
35735628
35736652
35736900
35741119
35743544
35753173
35753491
35754590
35758310
35759724
35763073
35763377
35778545
35779933
35783631
35793040
35811852
35811905
35821805
35825706
35829417
35833444
35842542
35857603
35861144
35863632
35864973
35865746
35868328
35871536
35879333
35880229
35882821
35884941
35887897
35888868
35903131
35905107
35906430
35924079
35966092
35966494
35975469
35981599
35986832
35990891
36012760
36020074
36037286
36041195
36048540
36049061
36054776
36058414
36058916
36068935
36078360
36079962
36080339
36081442
36093383
36095186
36102927
36104645
36106791
36109527
36110237
36115782
36117664
36118509
36143334
36144437
36153956
36154015
36158068
36163060
36167505
36178228
36200891
36205745
36206747
36208324
36209022
36217642
36229194
36231845
36236077
36236482
36261687
36275491
36296085
36313511
36315478
36316872
36319109
36339552
36361719
36370635
36412031
36418764
36419043
36424551
36434798
36438034
36440045
36451493
36454169
36458216
36461662
36463943
36483100
36491586
36497112
36515311
36518123
36520928
36540054
36542929
36543416
36544088
36547861
36548458
36557660
36566726
36585830
36591243
36593276
36596248
36597106
36597338
36609015
36614711
36625239
36626586
36627139
36634667
36636121
36642238
36645285
36653953
36654531
36655995
36659890
36659897
36662614
36667097
36670544
36677191
36677851
36677920
36678316
36686616
36691253
36699990
36701463
36704190
36709207
36712302
36712408
36717061
36723128
36724365
36726520
36727592
36732829
36733140
36734148
36737186
36737805
36747597
36748417
36758420
36762781
36781816
36794938
36799625
36799770
36804055
36806081
36810269
36810718
36814604
36818396
36834887
36848455
36857261
36862042
36864754
36866761
36868294
36878011
36879884
36882406
36884150
36886390
36888642
36891561
36891580
36908265
36920897
36930982
36932684
36932722
36939206
36939442
36946039
36948427
36949994
36950821
36953752
36966095
36969617
36982623
36994593
37006634
37007303
37011212
37025534
37034780
37038361
37042540
37049548
37053978
37059466
37071106
37072570
37072802
37083163
37141754
37152750
37155483
37157421
37159454
37159916
37164034
37167745
37172407
37172570
37174490
37179588
37190766
37193930
37212921
37218959
37220263
37236354
37244660
37261559
37267459
37272023
37272400
37276786
37279937
37282337
37292617
37311890
37314143
37315296
37320325
37332958
37333520
37334045
37335534
37348273
37348795
37351069
37353215
37356033
37367107
37369582
37378106
37383867
37384580
37397590
37402557
37417972
37427542
37428660
37431321
37436002
37437642
37439153
37441698
37449153
37452147
37460773
37462762
37471524
37472755
37475407
37477641
37478643
37482243
37491259
37495887
37505871
37516069
37540152
37546269
37547243
37548132
37561100
37580911
37586129
37590644
37590892
37602528
37610926
37631076
37631525
37631569
37645220
37650230
37657261
37667327
37673264
37680597
37693949
37696258
37701033
37703590
37708708
37714451
37715396
37715491
37735870
37737369
37755804
37758508
37768345
37773315
37798633
37801652
37813031
37819371
37827680
37837642
37853237
37863570
37868115
37876607
37878316
37879607
37892918
37917225
37918284
37918921
37922562
37933194
37942763
37958132
37959363
37963890
37966045
37966953
37971295
37975407
37977713
37994250
38001388
38007269
38026766
38042257
38052002
38054845
38058801
38059570
38062043
38072737
38072900
38077320
38079318
38099745
38113395
38125446
38137645
38142518
38157839
38160205
38160837
38171970
38172347
38176538
38178781
38192940
38193487
38195460
38197782
38206031
38207175
38213863
38221102
38222088
38225415
38226424
38227297
38233772
38238757
38270912
38278059
38284782
38286180
38299654
38300502
38306028
38316556
38318347
38334956
38352800
38392520
38424397
38431130
38445515
38464412
38468348
38485577
38487377
38504857
38519553
38519811
38527269
38543479
38555876
38556574
38562087
38571289
38571295
38571499
38572322
38572357
38576950
38588451
38588910
38596381
38613232
38615180
38630429
38637089
38639232
38642773
38655229
38662759
38665873
38672652
38700041
38715607
38744164
38759580
38760161
38763925
38770271
38775791
38782551
38788703
38791276
38796007
38805793
38814875
38816342
38821155
38834636
38835644
38850674
38852131
38862621
38868782
38869847
38884449
38888288
38909139
38920241
38946740
38956853
38969891
38971163
38994621
38997974
39012073
39017671
39039499
39049807
39053061
39053627
39063605
39064981
39074939
39074949
39082815
39083387
39087028
39091464
39117992
39139100
39146901
39148255
39153853
39155267
39157746
39162436
39164613
39165329
39172951
39175235
39177274
39179218
39195611
39200591
39202878
39204015
39206013
39208137
39208231
39236113
39240872
39258594
39264978
39266322
39272112
39277820
39289592
39293604
39304467
39318121
39318667
39322937
39329261
39335996
39347513
39348201
39348377
39359461
39362128
39369822
39373994
39390952
39396208
39396635
39401445
39402557
39406164
39422004
39423546
39427847
39435918
39464343
39468283
39471657
39472257
39487220
39490528
39491398
39499664
39508649
39525654
39535601
39547642
39551095
39597078
39631928
39683538
39691100
39694179
39702429
39713443
39718045
39722444
39723317
39724960
39734011
39734922
39765059
39779165
39781220
39783293
39783893
39792024
39797179
39805096
39824282
39842123
39861283
39863837
39865295
39874214
39884905
39885166
39886513
39888681
39890145
39893079
39895718
39898640
39910892
39915623
39915878
39916578
39919063
39931809
39956678
39965983
39967164
39971528
39972838
39979837
39990211
39999520
39999727
40005928
40008636
40009705
40010339
40012991
40018812
40044498
40048258
40057523
40059392
40063250
40069964
40071965
40093877
40109532
40115444
40125633
40130970
40136116
40144093
40146411
40198888
40200324
40207226
40219016
40223628
40227483
40230826
40233838
40245952
40247514
40248940
40300949
40305988
40307201
40309943
40318589
40326575
40350219
40352770
40359775
40389938
40390004
40390064
40393384
40403101
40411351
40418630
40421941
40422482
40435928
40438563
40439207
40442823
40444287
40449066
40462480
40464557
40471512
40481622
40487588
40500871
40501414
40504402
40511854
40514244
40519079
40528627
40535796
40539079
40544803
40560021
40581606
40590928
40591879
40595665
40600513
40605407
40613767
40614502
40619199
40622130
40624040
40629601
40630505
40638739
40646320
40659047
40665405
40669741
40672603
40674946
40675411
40679514
40689294
40691081
40709259
40709472
40718219
40718369
40719274
40733732
40734417
40734850
40738077
40740081
40742374
40752597
40755446
40756596
40756747
40758962
40759100
40761431
40763498
40767051
40772622
40773083
40776963
40779608
40780400
40783030
40785163
40789464
40797732
40798119
40802586
40803340
40808989
40810490
40811580
40816447
40823321
40825096
40825592
40825991
40828196
40836101
40837125
40839321
40840078
40840891
40854193
40857394
40861381
40861877
40862176
40878100
40880262
40883482
40888637
40891157
40904722
40912696
40916371
40917025
40918172
40918511
40929616
40951937
40956288
40957652
40960951
40978374
40992973
40994870
40995458
40998229
40998383
41000679
41003874
41005269
41005458
41006114
41006651
41015548
41017411
41028225
41033936
41036465
41039434
41039805
41041155
41044297
41044768
41045928
41055726
41058623
41069750
41072518
41072644
41083966
41085622
41090877
41093607
41093636
41112658
41117707
41128677
41133273
41149591
41151011
41157501
41167372
41171283
41178220
41178251
41209221
41253452
41260891
41269320
41269508
41277246
41285889
41287387
41289062
41296404
41304518
41308225
41311769
41312903
41319739
41323773
41333870
41358463
41360850
41365446
41366929
41369687
41386812
41394735
41408031
41414279
41428765
41429387
41438422
41458821
41494145
41496275
41496793
41513459
41519871
41520098
41523302
41524653
41526971
41535548
41538821
41541420
41543757
41547206
41550907
41551218
41562701
41578600
41582103
41596727
41604116
41604726
41605464
41607490
41612043
41627364
41627876
41635818
41638093
41649418
41650489
41652000
41652161
41659009
41663059
41663916
41723556
41748956
41761193
41767039
41787956
41789455
41792398
41804635
41826962
41830600
41830983
41835762
41844037
41846060
41850354
41855645
41860445
41862057
41862456
41867008
41873235
41875459
41878343
41880878
41889822
41894497
41894773
41903585
41904773
41973301
41998414
42014220
42075723
42095578
42095797
42095904
42104811
42115740
42119394
42125262
42129124
42129736
42130160
42154693
42156792
42165940
42178889
42201069
42211015
42213629
42223987
42235636
42240685
42242108
42251960
42262472
42268701
42279530
42285302
42285770
42288010
42291635
42292012
42320594
42322284
42327562
42396759
42396885
42403064
42444360
42457979
42472242
42473134
42474378
42489207
42489841
42493778
42495980
42500416
42506485
42509721
42517110
42519476
42520924
42521477
42522878
42533908
42534015
42548444
42585694
42591117
42593994
42599175
42605599
42611060
42616020
42625637
42641125
42642790
42670787
42694456
42696473
42717930
42720685
42721706
42725234
42725935
42726070
42726717
42730299
42731738
42749337
42752390
42754140
42756729
42764071
42766352
42777448
42781136
42785050
42791051
42793762
42795531
42799279
42803526
42804447
42804861
42808019
42808681
42814368
42814864
42817814
42819177
42825294
42832869
42834072
42840996
42847012
42847257
42850663
42851162
42860870
42864247
42882075
42883835
42898289
42912885
42919171
42933619
42937374
42947398
42950418
42953810
42955004
42959560
42967910
42970210
42970524
42973869
42976461
42992304
42999134
43003570
43009332
43009998
43017230
43023105
43038278
43038379
43042061
43043340
43060901
43065551
43072798
43074721
43081419
43091516
43098776
43109618
43111104
43111283
43111412
43119605
43126017
43131728
43134336
43134798
43136950
43145071
43146333
43149843
43151523
43172120
43174416
43178909
43187422
43189043
43196816
43201937
43203328
43218530
43259619
43260502
43276257
43283436
43295311
43301330
43301698
43301836
43305006
43306297
43311047
43320805
43324836
43329824
43336177
43351878
43352014
43352054
43357166
43357926
43365013
43366911
43382503
43397221
43415427
43473863
43479474
43488824
43503900
43528452
43539717
43569695
43577508
43586571
43599954
43604236
43606916
43611603
43616049
43616985
43617161
43630255
43635134
43639890
43662529
43664913
43670156
43671894
43681161
43686760
43690366
43696741
43697567
43700746
43701638
43734418
43735800
43736180
43750063
43757229
43758944
43761325
43769691
43770449
43770678
43775616
43778987
43783976
43785513
43785792
43795968
43797652
43800815
43813089
43814732
43826667
43827293
43839988
43844540
43845715
43846824
43856871
43858910
43858935
43861228
43863757
43863770
43870329
43871702
43910557
43910771
43911069
43913011
43914852
43914968
43915207
43919106
43919442
43925659
43933519
43933554
43947572
43948787
43952124
43961194
43963339
43963547
43968341
43975202
43986304
44000325
44007962
44010309
44010385
44012175
44020686
44029300
44030139
44045596
44046513
44047041
44053025
44062560
44063729
44069308
44072993
44073952
44075403
44077241
44083373
44087775
44091507
44093957
44096282
44096571
44103379
44106454
44111742
44113624
44114799
44116228
44116910
44126020
44131113
44132065
44136127
44139623
44140264
44145894
44146271
44148175
44156585
44160550
44162491
44170150
44170351
44172390
44173842
44177238
44177681
44182289
44194275
44199986
44236551
44264979
44266286
44266757
44271504
44282754
44295940
44296046
44306429
44306747
44306753
44314931
44322049
44330786
44331295
44333457
44337999
44341584
44356635
44358797
44361919
44362526
44373729
44374027
44377574
44381570
44383021
44386169
44387589
44392119
44394149
44400793
44403715
44404215
44410507
44414500
44420432
44455960
44465692
44488827
44489135
44493822
44497960
44498277
44505053
44507944
44509992
44512835
44524886
44527346
44528989
44533149
44537057
44542643
44546840
44547179
44548728
44554141
44561706
44563355
44568482
44568542
44570141
44580910
44588064
44594121
44596757
44597262
44598510
44603784
44605462
44605946
44608377
44616486
44621468
44631028
44632423
44637333
44640726
44643629
44646054
44648087
44648596
44649366
44649969
44651181
44652099
44654515
44666359
44669607
44676167
44678683
44679468
44682459
44687351
44700335
44700973
44707959
44709581
44710149
44713215
44714375
44726080
44734559
44737641
44741414
44743943
44745476
44749388
44750311
44756632
44763079
44764404
44764540
44770970
44774388
44779943
44820614
44841933
44876424
44901497
44912201
44919973
44926476
44932027
45066371
45070298
45147817
45161618
45210112
45212392
45225279
45234786
45238317
45271970
45287678
45350798
45371178
45372677
45376560
45376742
45386019
45389462
45423935
45423954
45424905
45428682
45433316
45435801
45436061
45445012
45445065
45446711
45452724
45454166
45455926
45460236
45460500
45462240
45463280
45464169
45473013
45475363
45478661
45478935
45482123
45486933
45495623
45501670
45503200
45503291
45517859
45522622
45523039
45524931
45527469
45529715
45532279
45534578
45534880
45539570
45541459
45545851
45562089
45562759
45564160
45566211
45567411
45568222
45571700
45581046
45586025
45587269
45593508
45598749
45610947
45629241
45632961
45633039
45634390
45634572
45636005
45637868
45638286
45644173
45653456
45657028
45725430
45732747
45745816
45747054
45782076
45784304
45792767
45805704
45812920
45823445
45824771
45831544
45833234
45840494
45845747
45846520
45847057
45856098
45856573
45857415
45864128
45870807
45871499
45872639
45878369
45884734
45902610
45925886
45925905
45930545
45940991
45963079
45967449
45968344
45981055
45992101
45995249
45995943
45996952
46003879
46004093
46004218
46009396
46009911
46011331
46014438
46022587
46026181
46031522
46034456
46036702
46040362
46040928
46041286
46041537
46041980
46043441
46051600
46057940
46066105
46071386
46076227
46097960
46107366
46110819
46116103
46120866
46130438
46131688
46136913
46142662
46159711
46160434
46175523
46177980
46181275
46188268
46189965
46206829
46209798
46217727
46218029
46224243
46224720
46232895
46242775
46248351
46252869
46279315
46282095
46292909
46296434
46298658
46299248
46313769
46317303
46319725
46321529
46324777
46332961
46337698
46346372
46358756
46364405
46367421
46392811
46398774
46399475
46402623
46408588
46425314
46435506
46435738
46436470
46446244
46451537
46459149
46460095
46460126
46462448
46470390
46475237
46475988
46484882
46489550
46501155
46502305
46513901
46516625
46526602
46537422
46539144
46542244
46550689
46553055
46559011
46559674
46566340
46568989
46573808
46582042
46587870
46587983
46595224
46596047
46598799
46607228
46681389
46685350
46690383
46692475
46693509
46695906
46703829
46735986
46750265
46751867
46765103
46768920
46773230
46777628
46813898
46818535
46828754
46847299
46854512
46855219
46856413
46857230
46861625
46863174
46864443
46872074
46874512
46876582
46885605
46885711
46900238
46901055
46914269
46915082
46924652
46933297
46935584
46939841
46939844
46940856
46950413
46953001
46958386
46959819
46979409
46984398
46988435
46996726
47003396
47004910
47008865
47029797
47031227
47039097
47051490
47059614
47064550
47064603
47065668
47068420
47094414
47098658
47112434
47119902
47121409
47142782
47144239
47154723
47183534
47283088
47284072
47284439
47290594
47300634
47301398
47311344
47314809
47318504
47321532
47329176
47338110
47343655
47348141
47351911
47352873
47357249
47358188
47358879
47361952
47367000
47398551
47400581
47415924
47418456
47418758
47419038
47434683
47435798
47457896
47463563
47482231
47487474
47520470
47526446
47530181
47536181
47538456
47539370
47540498
47547221
47551597
47561449
47563441
47567732
47579463
47593990
47597398
47598847
47603581
47606151
47610461
47621033
47622481
47623587
47624086
47634218
47636543
47650818
47652238
47658908
47673422
47686236
47705369
47791863
47797584
47800914
47807235
47810760
47812268
47832886
47834165
47835063
47837501
47846219
47852640
47853605
47859068
47866193
47866514
47872027
47878763
47889340
47895473
47897920
47905139
47905221
48032635
48088489
48148836
48496444
48704386
48787142
49361089
49480230
49547423
49737445
49771933
49828894
49828925
49830769
49838796
49855440
49862151
49863175
49872263
49882235
49884798
49887356
49888304
49903362
49908750
49912030
49914175
49918272
49921787
49931382
49939415
49944467
49945019
49946157
49957027
49966363
49967425
49970228
49975619
49980208
49985298
50044730
50058528
50069807
50070979
50080623
50093441
50096425
50104308
50111420
50113223
50115225
50116268
50119042
50127298
50134753
50135915
50140383
50143801
50146386
50150832
50155490
50173347
50185458
50193416
50193947
50202049
50206610
50214644
50217487
50219645
50220562
50224593
50236151
50238165
50246135
50278694
50362220
50363879
50364702
50371334
50372999
50377054
50386394
50399017
50403915
50406881
50407779
50419535
50424137
50429839
50432186
50435105
50437524
50447621
50454727
50457438
50458038
50468767
50473844
50487811
50494380
50500598
50504528
50510264
50510779
50517854
50524084
50546543
50550210
50588173
50595480
50597729
50599844
50601518
50602533
50626041
50626978
50628181
50643135
50643534
50650508
50655670
50657674
50663665
50671522
50674013
50675584
50696203
50703215
50715756
50717367
50719080
50721882
50735868
50742899
50748956
50754957
50761026
50770913
50806133
50865729
50880583
50881569
50884513
50922438
50937078
50940417
50983228
51001207
51020418
51023676
51045042
51050716
51056829
51063458
51064620
51079612
51094632
51108791
51147021
51153128
51154457
51166050
51173678
51199539
51201858
51209030
51212074
51213749
51233877
51235576
51251328
51285097
51287051
51318005
51430182
51451649
51462054
51464831
51493592
51494701
51506762
51515860
51537741
51593118
51601135
51671843
