4572019
4576863
4579197
4581534
4587224
4606375
4606909
4608803
4614377
4615423
4646292
4652531
4653452
4654482
4667492
4668626
4676731
4686319
4696724
4712253
4723855
4727691
4733990
4746022
4754492
4759044
4764347
4771123
4776203
4777026
4781104
4781387
4782084
4786640
4790268
4792982
4793083
4802112
4810786
4810795
4811003
4815194
4825888
4830820
4830870
4833578
4842114
4850794
4861127
4863697
4863734
4868242
4871434
4872785
4875660
4877871
4886168
4893136
4893328
4899545
4904430
4905982
4921690
4933808
4937188
4942324
4944583
4948595
4954806
4956279
4963703
4968946
4974928
4989269
4992090
4999592
5014477
5017811
5038306
5039843
5052868
5056207
5063062
5072151
5076153
5081591
5084836
5085016
5091076
5097378
5101374
5103454
5104292
5104764
5112658
5113079
5118882
5120340
5120877
5121848
5121851
5126868
5129450
5133022
5138705
5140615
5140697
5146754
5152513
5157781
5162010
5168101
5168434
5178739
5189235
5190485
5190680
5190762
5193400
5197777
5203702
5205194
5206554
5207346
5212127
5217641
5230594
5243870
5244382
5259289
5280423
5288867
5291641
5294198
5298195
5305137
5312002
5316262
5322099
5322586
5324037
5326152
5332469
5332994
5336406
5342510
5346054
5348049
5353901
5372569
5376741
5382066
5382791
5391688
5398239
5398989
5406906
5422567
5433591
5444093
5447219
5450455
5451944
5457580
5457875
5471497
5473558
5507041
5510064
5515175
5519960
5523274
5531323
5536541
5542796
5544326
5556477
5570668
5575296
5578695
5580639
5587290
5591223
5596423
5597123
5604019
5606187
5615659
5617025
5630292
5631131
5640697
5647819
5655667
5656041
5668626
5669060
5671067
5672553
5672987
5675996
5678927
5689904
5698261
5706504
5707742
5710786
5714267
5734628
5747301
5754966
5763257
5768937
5769443
5770203
5784105
5793551
5795204
5800215
5805876
5810136
5810482
5822206
5830101
5832338
5834537
5841033
5841357
5841747
5848800
5858454
5859654
5861187
5865742
5870756
5874824
5876474
5891459
5893448
5898003
5900608
5901735
5917845
5918364
5928546
5933246
5939774
5945419
5948947
5961127
5961595
5962164
5964275
5964994
5972798
5973279
5987994
5993809
5998251
6004082
6004110
6006900
6022140
6022146
6026510
6031122
6033258
6045312
6047857
6050081
6060336
6069138
6073907
6076593
6077834
6078265
6083184
6089266
6101387
6104968
6110566
6114792
6141891
6150553
6166430
6167417
6171991
6173568
6175890
6182999
6194987
6205493
6206288
6216554
6222514
6225373
6246798
6266320
6268076
6285179
6286040
6290096
6296668
6297918
6298497
6303982
6311801
6322344
6327446
6327899
6328555
6331766
6336139
6336855
6338875
6342045
6349981
6356113
6360725
6371787
6376527
6377008
6377740
6386712
6398858
6402731
6407786
6411204
6415436
6417095
6426897
6432976
6433751
6434521
6442196
6448498
6450201
6460970
6461181
6465262
6466845
6467404
6467800
6474771
6493231
6501767
6507431
6510124
6526777
6528769
6540343
6544367
6547439
6548052
6548291
6551121
6553996
6565563
6578604
6580831
6581287
6581362
6593376
6594874
6596310
6598186
6598597
6600718
6602675
6604510
6605392
6606432
6608258
6608983
6611113
6615819
6620199
6637820
6638640
6647056
6647820
6656038
6660609
6666314
6669487
6673213
6682952
6686182
6697441
6698613
6706442
6713347
6717912
6723347
6730041
6732803
6734157
6735926
6743425
6746192
6748369
6759670
6763666
6768158
6771099
6778013
6785145
6789958
6795408
6797397
6804792
6810328
6810959
6820915
6829014
6829554
6855661
6862139
6864213
6866641
6868711
6878039
6880294
6889634
6893084
6896662
6897485
6901723
6902738
6907350
6929674
6940173
6949931
6952045
6956704
6957034
6957103
6960996
6962874
6963261
6969164
6977514
6981812
6985139
6994689
6995588
7010677
7014591
7019615
7022103
7022725
7043777
7052752
7062755
7069468
7069893
7074325
7078199
7082117
7084991
7090583
7091485
7099681
7106574
7110391
7110790
7111402
7111808
7114588
7118537
7119008
7120601
7126627
7152117
7153971
7154125
7155862
7156808
7164078
7176788
7178642
7189892
7196606
7203721
7207529
7212549
7223944
7227283
7232225
7233076
7236083
7240556
7242831
7253729
7262353
7266453
7266512
7272305
7274894
7281256
7284331
7285019
7285041
7286518
7292264
7298883
7301519
7302628
7324101
7325898
7328483
7332703
7338778
7351599
7356346
7360336
7363286
7366380
7369836
7371426
7374124
7374259
7377674
7381815
7385481
7394837
7405170
7411305
7415050
7416652
7427161
7429300
7430805
7434107
7456016
7459133
7469387
7479041
7480895
7483885
7484696
7503197
7507102
7511000
7523243
7525779
7530739
7531609
7534811
7534848
7537374
7544970
7546277
7559491
7564304
7567964
7569949
7570999
7572158
7577618
7581108
7589298
7589939
7604205
7610799
7618704
7634939
7636714
7645426
7653227
7658464
7668878
7674489
7677442
7681171
7682635
7687033
7687300
7694243
7697124
7702807
7708365
7715581
7717522
7722822
7726850
7731286
7738326
7746387
7747358
7755501
7757647
7763355
7769079
7773405
7777269
7778168
7778636
7779946
7789254
7793213
7803392
7804457
7804890
7808025
7808669
7812480
7813470
7813938
7815760
7816753
7833576
7834531
7836099
7841223
7851351
7865124
7871175
7871341
7887957
7889286
7896760
7908808
7909612
7918509
7929077
7938643
7938851
7941974
7950459
7965284
7983301
7994215
7999540
8002204
8002207
8007429
8008852
8012326
8023155
8032662
8038065
8042687
8044553
8052228
8053057
8058194
8070298
8073056
8081642
8083826
8101475
8112440
8114639
8115157
8116291
8121044
8123696
8126008
8151659
8158492
8161816
8166202
8179990
8184781
8185026
8192362
8192908
8198208
8203090
8204410
8205113
8222791
8225160
8225647
8242530
8244003
8250044
8254295
8258366
8267295
8268765
8278083
8279183
8285588
8285689
8293420
8300549
8304950
8307715
8308934
8317400
8320366
8336137
8336466
8337019
8345791
8347814
8349809
8354867
8356183
8364691
8365445
8367760
8371087
8371954
8376198
8388102
8388378
8404240
8404661
8405663
8406226
8408268
8414790
8415631
8418346
8418833
8428069
8440136
8441839
8450688
8452347
8452366
8453673
8469610
8476013
8477741
8497445
8505415
8509527
8514708
8514928
8523174
8523498
8539244
8540170
8541873
8553906
8566296
8570031
8571357
8573311
8576597
8580640
8583923
8584944
8588256
8607341
8609524
8612707
8617762
8619904
8620944
8624130
8626800
8648722
8649363
8650824
8654016
8662375
8662419
8666459
8674929
8675730
8686138
8688042
8702572
8706954
8711199
8713125
8713948
8714849
8740972
8741942
8769111
8772472
8773148
8773456
8777175
8784539
8796229
8799556
8804429
8805579
8808183
8809502
8809967
8812490
8815459
8816291
8829728
8834274
8837271
8837450
8841917
8847924
8848279
8850751
8851798
8851967
8855260
8855379
8855838
8863208
8869768
8878633
8880499
8883496
8887514
8900096
8907718
8908070
8911061
8912735
8919182
8922330
8934362
8935662
8944016
8951669
8962935
8971552
8973387
8992076
9000593
9000828
9001143
9007470
9008324
9024742
9035267
9039693
9040391
9041101
9041638
9048157
9054342
9056874
9056896
9057120
9059394
9061571
9065602
9070993
9074037
9083440
9084910
9100634
9108893
9116555
9121670
9132574
9133501
9133734
9136954
9138634
9141534
9141961
9143743
9145725
9147230
9157965
9165859
9169045
9169152
9171326
9178863
9181822
9203577
9205032
9513499
9820275
10154393
10523791
10671725
10828802
10950045
11104872
11258085
11269429
11645038
12026176
12071566
12139308
12357828
12395904
12398376
12401072
12401144
12404003
12405416
12413550
12419265
12427442
12427486
12430920
12431115
12438604
12439663
12444275
12461962
12462911
12463815
12465810
12467036
12470190
12472134
12478785
12488345
12494060
12503208
12506026
12507015
12518476
12525695
12531674
12540954
12544432
12569524
12572753
12576580
12584098
12587044
12591967
12594565
12607861
12608146
12609871
12615130
12618545
12622950
12628096
12629808
12631671
12632789
12636204
12637011
12642047
12650966
12658767
12663476
12674167
12674249
12675496
12685819
12688081
12738092
12752126
12757592
12758060
12777387
12780460
12789272
12798345
12808696
12816868
12823261
12826355
12848346
12851953
12974909
12976536
12981641
13007440
13010770
13014716
13022249
13024213
13025089
13028567
13029246
13032082
13033383
13040489
13044727
13047589
13049336
13062100
13072508
13072970
13078289
13082150
13083501
13085669
13093290
13100381
13120104
13128256
13134203
13134495
13143364
13147712
13148639
13149251
13159892
13178503
13180293
13224163
13224973
13232337
13233958
13238909
13240043
13246989
13250907
13273278
13288581
13305385
13306431
13307289
13310261
13319101
13332048
13333496
13334203
13337876
13354262
13354608
13358620
13366134
13366169
13369637
13370410
13373589
13380425
13384707
13385826
13401741
13401958
13402599
13408945
13415608
13423421
13427135
13434945
13436141
13437188
13438705
13443044
13443788
13445224
13445409
13447891
13453716
13461331
13466722
13474017
13475590
13481123
13500956
13501226
13502618
13502624
13504616
13525934
13526516
13527084
13536267
13540354
13548573
13553694
13557768
13563203
13564278
13565632
13567821
13571544
13572882
13573395
13575993
13586869
13591974
13596463
13597371
13599514
13605392
13610695
13637992
13638598
13638850
13644863
13667071
13670668
13675138
13683316
13686658
13695634
13695756
13696350
13704088
13705963
13707723
13707770
13707983
13708847
13711266
13718093
13727091
13729456
13735083
13741253
13743282
13745799
13745868
13748303
13751108
13756421
13762927
13777752
13778566
13778877
13780180
13781877
13783457
13785443
13790105
13796049
13802244
13805998
13807446
13823066
13826211
13828837
13847687
13850888
13851617
13852845
13863414
13869929
13871321
13881016
13890604
13893199
13893664
13903856
13904625
13913296
13929623
13950964
13951331
13955199
13963172
13964152
13965249
13965292
13965308
13965399
13965600
13967793
13973932
13981399
13982876
13988443
13993234
13995797
13998248
14004110
14004496
14009429
14017273
14017443
14019953
14025338
14025583
14028947
14034112
14036644
14037590
14044564
14047373
14051224
14053197
14053442
14058906
14067159
14067768
14069169
14073165
14091965
14107544
14109137
14109712
14120113
14125636
14128241
14148139
14150552
14159949
14159961
14175468
14189021
14190686
14192882
14198113
14202643
14203158
14205621
14213544
14214829
14216237
14218147
14219300
14220148
14223123
14226324
14233270
14236707
14239557
14251777
14255387
14271504
14271607
14272999
14276986
14278060
14280068
14280331
14280341
14283800
14285122
14285779
14290482
14298421
14307120
14323374
14324970
14325055
14326123
14327125
14327757
14331747
14332787
14338052
14342302
14343597
14344279
14344860
14346119
14346606
14357037
14360703
14369867
14372361
14378079
14378933
14380545
14387256
14392571
14392709
14397927
14408738
14413152
14414097
14418159
14423522
14426761
14436937
14437508
14440571
14453097
14455507
14457467
14470659
14475151
14475650
14481418
14483680
14484613
14487413
14487896
14490724
14494092
14496847
14501311
14513984
14522341
14525074
14540339
14556788
14557049
14559116
14559716
14559829
14560640
14560800
14564514
14566144
14570882
14575748
14586967
14596526
14599627
14600742
14600746
14602756
14608625
14611672
14617035
14617233
14618706
14620770
14625065
14625187
14627129
14627245
14642965
14652296
14665550
14665780
14676628
14678550
14680555
14686404
14691839
14699426
14700510
14701427
14704795
14708270
14709709
14716777
14719385
14721109
14726035
14739510
14742208
14743276
14747015
14747961
14755783
14761300
14764052
14771595
14772123
14775525
14776543
14782138
14790184
14790969
14796256
14798430
14803136
14808732
14814182
14824653
14825916
14831753
14838724
14839079
14841021
14846305
14849158
14851379
14858837
14859974
14861721
14866565
14878952
14892034
14897821
14900271
14911534
14921750
14922872
14931876
14937970
14938193
14939683
14950713
14960772
14970835
14975095
14976285
14979901
14983944
14985713
14989144
14989147
15001848
15003790
15004051
15007422
15007887
15008521
15008823
15011832
15011842
15012659
15021480
15023013
15027408
15041728
15043465
15043757
15044386
15044794
15045410
15046343
15058840
15059421
15066433
15070423
15075688
15080910
15081884
15083630
15085446
15087476
15088157
15095543
15100859
15106200
15111402
15121471
15122498
15128404
15140848
15149607
15152048
15158702
15158994
15159742
15161787
15165689
15167228
15168171
15168519
15172503
15175327
15175836
15179465
15179747
15180322
15181331
15192678
15195697
15199301
15200937
15204977
15205772
15207469
15213991
15219008
15219570
15222061
15226997
15235288
15247040
15252032
15259814
15263028
15267250
15269773
15280181
15283555
15287733
15288613
15291550
15300048
15300381
15305223
15306815
15307221
15308078
15312156
15317230
15328612
15332102
15337226
15339036
15341706
15350474
15354099
15359924
15366245
15375230
15383756
15392132
15393266
15402263
15417315
15425235
15429900
15431964
15432086
15432281
15448225
15461105
15464822
15468595
15469006
15473169
15474966
15497765
15513413
15523010
15525429
15525929
15536934
15540339
15548077
15552997
15553057
15565695
15579911
15581026
15584900
15585120
15593165
15600463
15604547
15606259
15610714
15612631
15621986
15639808
15649519
15656795
15660973
15667882
15678893
15682239
15690140
15700520
15701880
15705091
15715266
15717180
15730327
15734383
15734823
15734926
15735589
15750597
15753807
15756252
15757618
15762261
15766047
15769239
15774331
15783957
15791547
15794287
15803985
15806341
15808795
15813391
15814085
15825957
15826410
15829799
15830528
15830582
15837861
15848231
15855768
15857464
15859783
15861784
15865026
15870496
15870722
15873097
15882911
15901425
15902043
15906897
15907466
15909027
15909096
15910648
15910680
15911701
15916696
15918681
15920177
15921446
15924732
15929375
15938436
15939787
15943000
15947537
15951483
15953726
15954238
15956908
15960009
15961508
15964847
15968196
15974011
15974046
15975375
15979223
15981196
15981224
15983492
15985029
15986116
15988227
15988522
15991387
15995449
16007981
16011126
16014164
16017598
16021540
16022923
16025957
16042096
16045859
16046585
16046830
16075748
16075918
16078057
16083785
16099763
16101428
16103187
16106417
16109150
16112826
16116718
16128876
16131493
16140861
16141229
16157100
16163440
16164552
16166927
16181183
16189537
16214651
16224760
16254436
16255061
16260549
16278347
16279346
16281388
16289911
16310714
16311974
16321949
16329005
16337987
16344879
16367087
16375023
16381743
16418766
16423183
16430761
16437930
16439501
16456616
16468991
16469509
16469572
16470653
16483160
16494494
16524098
16562095
16568111
16578705
16588447
16596854
16606433
16610432
16626649
16628069
16695336
16695977
16696307
16710633
16726419
16738313
16754034
16763129
16764118
16772378
16776543
16779101
16780043
16786418
16793967
16821905
16825235
16826646
16847179
16863503
16875497
16877078
16882692
16883219
16890018
16894114
16908497
16914632
16916209
16944606
16960116
17009951
17015440
17070967
17076858
17087373
17112728
17197548
17207699
17217300
17228009
17240620
17249030
17250710
17264637
17265906
17272667
17281112
17283669
17290021
17297143
17299600
17309295
17312323
17315631
17329329
17329907
17336498
17338480
17340821
17348153
17380917
17385139
17388523
17390744
17397109
17405654
17417962
17424733
17433692
17451785
17464882
17470512
17475985
17487162
17487420
17490816
17493951
17505415
17508396
17510702
17513834
17514438
17514896
17515465
17518955
17539055
17541587
17546824
17559152
17560349
17568548
17576138
17585387
17588504
17606986
17611199
17617108
17618732
17621959
17630164
17632159
17634566
17636752
17640287
17640953
17642649
17645803
17657179
17657512
17660958
17662316
17666324
17681118
17681479
17682393
17695453
17698284
17713351
17726991
17735599
17735703
17739297
17754452
17764706
17770609
17770716
17782862
17787093
17797439
17808308
17821886
17823065
17823938
17824874
17842819
17858153
17861929
17874439
17875403
17876563
17876786
17879833
17881498
17886522
17905930
17911004
17912078
17936256
17938330
17939768
17945863
17946749
17948625
17960776
17961050
17971301
17975206
17977954
17979208
17981834
17988677
17989321
18001447
18003747
18010517
18013904
18049545
18060519
18074097
18076465
18085133
18102952
18104586
18105465
18113992
18114177
18116690
18117425
18118512
18126414
18129693
18130903
18140843
18145860
18146843
18148468
18150554
18151867
18157509
18158260
18164399
18169837
18170368
18170795
18171835
18171894
18174279
18209848
18217564
18219486
18225474
18225496
18226533
18238053
18244402
18249759
18257069
18261675
18262061
18262652
18267735
18269611
18283047
18284338
18285821
18288608
18289381
18289824
18290590
18294759
18298293
18298739
18300125
18303882
18304319
18304909
18305211
18306411
18313788
18315980
18318657
18324007
18329090
18337780
18338493
18346580
18353896
18358540
18359306
18363023
18367556
18370280
18375671
18379529
18380028
18384841
18394618
18400169
18405374
18405670
18407731
18411136
18412302
18412528
18416543
18423652
18426784
18429778
18430828
18434855
18435050
18442188
18444889
18449617
18453472
18457971
18458869
18470613
18477395
18482029
18482073
18487668
18491284
18492397
18495723
18495815
18496738
18518893
18528208
18531836
18538122
18540931
18541760
18543564
18547959
18549451
18554861
18575108
18579152
18580584
18582981
18584144
18586940
18587612
18588086
18589327
18589641
18596493
18597941
18599079
18599874
18602412
18604253
18604416
18609905
18610024
18616339
18616665
18624566
18627604
18628874
18629631
18629891
18630605
18631437
18632254
18634557
18637969
18638415
18641142
18647974
18648801
18651226
18653124
18654179
18657051
18659039
18661474
18664144
18664330
18667701
18678734
18680248
18680440
18681520
18689019
18694517
18698843
18699625
18699666
18700119
18702296
18710005
18711469
18719270
18730492
18731242
18732958
18737199
18742998
18743202
18749888
18756592
18757013
18757402
18766136
18771606
18773553
18775297
18775784
18776211
18782306
18782454
18784068
18787844
18788818
18790059
18809550
18810172
18816389
18819697
18822465
18822672
18825528
18831315
18831374
18832835
18842046
18845590
18850475
18850777
18862156
18870770
18874034
18877650
18878479
18886220
18886283
18887285
18889409
18891285
18893298
18894087
18896575
18899362
18903945
18912836
18917196
18918990
18925855
18934481
18934745
18937523
18939373
18939926
18941688
18954924
18960695
18962149
18966032
18966642
18969473
18973893
18978517
18979997
18982548
18983896
18984885
18991756
18995020
19005469
19006427
19027419
19027570
19028440
19030759
19032395
19040997
19051782
19052640
19056407
19066909
19067157
19068059
19070981
19072281
19075737
19078244
19079026
19082689
19085752
19090050
19100662
19109179
19111218
19128739
19146784
19148952
19163142
19174779
19183927
19193000
19199927
19200530
19202139
19205095
19206273
19218139
19220633
19220926
19223502
19226015
19232003
19237475
19246897
19259162
19259357
19260293
19261342
19261804
19264682
19264713
19271263
19275457
19276233
19277273
19279111
19288511
19289390
19292997
19294568
19295039
19297335
19299588
19301470
19316220
19321629
19324881
19324934
19325095
19327165
19327297
19329493
19330077
19330156
19333282
19335534
19335562
19342301
19343884
19353451
19361267
19364333
19368455
19374424
19379193
19381329
19383509
19407668
19414262
19430853
19431246
19432213
19435393
19437290
19443404
19448735
19456074
19459539
19462225
19462363
19462370
19476969
19481335
19482887
19484172
19484879
19485259
19486689
19490886
19502038
19503754
19511306
19518830
19519496
19520916
19524495
19540960
19543234
19544909
19547205
19549030
19549392
19555480
19555694
19558719
19563997
19565122
19582781
19583070
19588951
19594662
19595648
19596277
19599007
19600304
19601467
19605563
19605849
19617168
19624331
19625823
19632034
19632163
19633721
19639263
19646709
19650306
19651167
19652656
19653030
19658845
19658945
19663312
19669055
19680173
19688379
19692180
19695033
19695290
19696619
19699777
19702563
19709509
19714680
19715648
19725057
19741795
19745261
19747183
19751522
19751556
19765496
19769554
19774383
19776513
19780798
19781219
19782331
19789466
19792372
19793823
19794367
19796767
19804250
19807250
19823957
19837042
19845396
19845726
19855578
19855731
19856922
19864019
19865137
19867032
19870085
19872325
19874770
19877638
19900339
19908127
19909249
19915214
19923376
19936122
19938390
19944975
19950799
19956825
19960909
19974025
19978596
19979784
19980211
19981879
19982401
19983544
19984147
19987989
19997182
20001508
20002711
20006066
20006286
20011875
20012971
20012978
20017288
20025698
20027976
20035585
20039232
20046008
20046492
20051487
20051651
20057516
20062612
20068647
20075181
20076752
20087289
20088926
20089466
20101794
20119811
20131375
20135971
20141114
20144940
20147463
20148317
20148635
20154984
20157334
20161820
20164415
20176136
20179319
20187477
20187842
20193965
20194401
20202868
20204822
20209754
20212035
20221048
20224800
20229317
20231579
20235047
20241664
20248453
20254076
20259590
20263306
20267136
20267657
20267695
20269743
20277607
20279828
20285564
20288436
20288967
20291574
20292004
20292589
20292809
20295174
20315039
20319182
20327278
20334429
20336376
20340947
20343724
20349778
20350114
20351308
20352241
20356759
20360689
20365587
20372828
20373356
20377204
20380387
20381731
20383689
20389108
20389893
20392253
20400814
20406635
20415802
20423713
20447608
20457676
20461748
20465970
20467371
20472794
20474226
20476912
20487723
20487873
20492096
20492903
20493120
20499642
20501800
20504002
20510194
20511844
20516914
20527467
20528808
20529675
20530417
20534850
20536942
20538227
20545650
20555399
20558657
20559627
20560491
20561192
20577060
20577999
20581254
20581408
20587198
20594587
20596318
20601291
20611831
20615950
20616286
20620398
20621347
20623411
20632396
20640668
20641510
20642063
20646876
20650313
20657859
20658886
20682863
20683086
20686397
20688169
20695561
20698643
20702215
20705325
20707590
20729440
20742911
20748013
20757350
20757918
20758785
20758870
20761490
20763074
20764233
20765662
20780843
20788018
20794436
20794571
20800616
20804508
20810355
20816751
20817785
20819984
20824225
20826964
20831586
20833734
20837542
20838064
20839735
20840461
20840514
20852273
20854010
20863749
20870579
20874022
20878213
20879353
20884487
20894204
20896544
20907559
20911313
20914882
20928903
20932396
20949417
20954488
20967048
20971864
20974987
20975750
20977220
20992335
20996362
21001533
21005353
21010619
21020486
21024772
21026267
21031947
21042141
21044846
21058214
21064092
21068515
21078549
21082574
21084358
21086893
21095121
21095655
21099497
21101885
21106987
21107559
21107650
21112623
21133986
21138268
21148026
21149254
21149471
21156143
21156951
21160890
21162241
21168650
21170730
21171424
21176253
21176843
21179322
21193359
21196092
21202231
21202435
21206387
21206843
21209067
21209670
21211542
21212488
21212937
21215290
21221244
21221372
21231850
21232026
21234228
21257881
21260350
21262411
21301860
21305721
21306808
21307122
21308351
21311247
21313091
21318762
21322607
21340357
21341862
21342255
21342943
21352195
21355760
21366608
21372018
21373680
21374594
21380456
21383658
21384324
21385590
21387563
21389250
21391754
21393265
21403110
21403927
21406975
21411982
21425670
21427477
21436041
21437369
21438815
21445622
21453769
21456508
21464199
21469385
21479228
21483425
21486023
21489319
21492316
21497138
21510562
21511077
21513138
21518699
21519456
21520609
21526060
21526770
21536524
21552116
21553112
21554780
21555873
21557118
21570768
21576482
21582184
21595514
21596670
21602290
21606698
21607433
21608263
21614203
21614989
21616233
21617892
21630568
21631595
21639635
21648579
21651007
21653476
21657799
21658208
21668091
21669219
21669989
21672499
21674886
21675166
21678132
21683504
21690839
21694688
21695165
21696290
21699422
21712315
21720578
21724282
21747489
21752389
21753316
21757385
21759059
21763715
21766941
21768584
21776784
21781540
21784503
21785147
21786372
21788163
21794876
21800604
21803648
21825686
21829098
21832205
21833920
21845723
21852861
21857806
21859474
21865876
21865989
21866580
21866659
21867783
21873963
21875053
21879222
21887915
21887962
21888194
21892106
21893551
21894066
21898364
21899875
21903224
21912859
21913123
21924288
21928360
21928768
21934467
21941199
21951152
21951969
21960476
21967265
21968886
21972694
21973837
21974466
21976033
21982841
21985515
21990007
21990016
21990205
21993020
21993733
21994986
21995825
22003742
22005859
22007097
22009576
22009768
22010833
22014562
22024128
22033845
22035934
22040386
22049568
22056967
22057071
22066436
22068481
22075439
22076508
22088358
22099108
22099960
22101204
22113010
22117172
22131027
22131467
22133512
22149141
22154906
22177274
22178509
22181610
22184390
22187780
22187956
22188848
22190180
22192693
22203833
22206965
22207924
22209868
22209925
22210050
22211794
22213170
22227646
22230355
22234153
22241413
22242654
22243823
22244112
22247859
22260665
22273687
22275468
22280966
22285320
22292860
22293073
22306702
22308568
22309739
22312912
22319067
22319802
22319934
22325985
22326462
22331288
22333201
22337549
22339198
22341561
22343031
22343075
22354746
22357108
22358500
22387004
22390296
22395213
22396768
22399922
22400940
22412517
22414436
22414568
22426654
22448636
22448877
22449880
22459128
22459248
22467696
22476866
22480893
22481299
22483812
22488732
22500959
22502850
22505542
22506994
22507540
22508489
22512419
22515426
22515511
22517232
22518596
22522812
22528844
22531677
22538834
22543706
22543920
22548259
22552327
22554196
22555600
22567337
22567476
22571604
22580881
22582624
22586212
22588707
22598552
22599033
22601647
22606651
22614955
22618734
22629924
22630047
22632054
22632381
22636097
22645855
22655531
22662421
22672710
22673190
22678999
22686454
22693146
22695291
22698179
22705555
22711879
22724295
22728190
22731834
22740691
22743776
22753128
22779483
22780840
22783460
22789652
22791660
22802941
22803013
22806369
22806808
22811279
22811719
22815856
22827037
22832375
22833019
22840625
22843725
22850580
22855359
22861089
22880601
22887001
22890714
22898103
22899687
22902489
22903742
22904411
22905740
22907776
22907792
22913095
22914867
22919507
22920977
22922099
22926236
22929554
22936500
22940681
22942368
22943769
22947024
22954950
22959653
22965204
22976411
22978459
22979398
22984795
22988144
22990535
22991741
22994264
23000422
23001594
23002489
23004993
23005514
23006089
23006246
23011543
23013481
23018901
23025532
23028153
23029029
23030147
23030713
23041112
23043820
23055334
23057313
23060489
23061202
23066690
23066879
23083762
23089643
23092700
23094547
23099137
23106476
23114515
23128476
23137138
23142588
23153719
23157772
23161925
23164451
23167542
23169929
23173473
23184243
23184302
23184368
23186338
23191346
23200328
23202985
23204647
23213780
23214829
23215514
23222419
23226792
23241426
23242516
23252057
23252409
23253097
23261988
23296583
23306394
23307280
23318115
23321354
23331423
23332240
23339409
23344153
23345708
23345846
23352981
23354784
23356465
23357696
23357746
23359449
23376096
23377604
23387079
23396445
23399253
23401817
23404936
23414386
23415819
23421335
23425555
23426510
23427138
23427571
23432686
23451312
23455447
23478871
23496605
23499244
23502948
23503205
23503771
23506790
23543235
23547558
23549406
23551121
23552117
23554014
23561011
23566292
23572298
23576455
23577670
23577912
23592169
23598078
23600073
23615979
23616268
23621659
23625847
23626444
23671749
23671771
23701041
23710679
23711741
23712753
23713243
23761102
23762550
23766100
23766631
23785440
23795235
23795257
23802392
23804104
23806840
23806991
23808078
23810459
23831470
23846277
23857973
23862113
23871042
23876379
23877693
23883866
23884497
23886715
23887903
23888666
23898983
23900856
23908766
23914079
23931791
23939381
23939654
23941797
23944838
23957759
23959295
23998594
24002907
24005166
24022712
24022784
24032771
24033789
24034090
24042277
24044524
24052086
24053653
24062148
24068180
24072204
24077636
24082364
24084309
24086068
24089068
24094510
24095700
24103165
24119774
24124590
24125077
24134643
24136177
24136258
24144373
24146198
24148171
24150502
24155585
24160521
24165887
24166389
24168548
24175867
24180237
24185295
24202175
24206350
24208581
24218072
24220893
24223714
24227851
24231555
24235636
24235715
24241401
24265261
24266132
24307126
24335985
24344486
24345649
24346195
24349528
24350317
24352676
24354963
24369028
24370439
24377922
24381186
24390014
24391575
24391934
24402254
24417205
24429319
24440327
24443399
24448608
24453144
24455991
24462396
24463851
24466226
24474473
24476003
24486518
24490580
24494843
24505515
24507133
24508465
24509721
24514600
24519344
24522841
24530852
24532074
24541985
24544452
24552387
24582195
24583788
24600570
24611675
24625841
24628992
24631851
24640566
24641360
24644134
24647980
24648778
24655073
24661778
24662462
24663345
24665039
24670376
24675937
24678010
24678802
24679141
24683376
24690146
24690501
24690611
24694475
24698308
24699373
24699873
24706272
24712307
24713048
24713187
24713959
24717698
24720909
24727192
24748319
24751888
24756525
24761608
24762431
24767156
24770474
24779949
24781274
24784237
24792707
24797425
24799364
24801123
24806680
24811242
24817208
24830541
24832862
24837820
24849305
24850694
24852020
24853949
24854288
24856069
24857917
24888044
24892348
24895283
24896087
24902116
24903130
24905342
24917616
24919683
24932228
24945328
24963352
24963628
24963729
24967564
24968670
24976942
24978874
24986028
24992091
24994868
24999357
25000718
25003322
25014249
25017516
25021986
25022310
25029598
25037355
25042294
25045328
25046764
25052633
25058972
25063257
25064545
25070342
25073659
25088393
25090442
25092198
25092666
25095848
25101277
25102452
25111773
25114004
25116696
25125386
25127088
25136573
25139878
25143120
25153701
25160895
25162453
25170555
25172594
25173653
25174118
25179880
25181601
25184850
25189449
25203193
25204805
25218267
25226787
25227949
25230481
25231719
25232306
25232847
25234581
25235731
25243264
25243729
25248234
25256189
25277476
25282453
25284070
25292038
25295182
25309612
25312847
25312860
25314421
25326096
25335385
25342994
25357361
25363735
25363741
25366625
25367009
25371755
25383112
25386420
25390715
25392336
25398984
25410083
25413385
25414098
25417095
25426784
25429630
25434371
25435662
25445834
25447176
25447848
25456616
25458102
25458426
25466365
25494793
25526287
25537748
25550980
25553393
25573524
25578299
25578381
25588312
25589901
25597404
25598158
25601733
25606470
25608569
25609084
25613155
25615163
25615593
25624393
25628031
25629303
25631989
25638734
25638873
25639048
25640280
25641480
25641722
25646975
25664706
25665274
25665362
25668746
25670870
25671558
25673461
25689147
25693766
25694680
25698019
25700847
25704035
25707296
25715904
25725998
25730607
25733193
25741028
25742718
25746563
25746711
25758159
25773795
25775416
25785007
25785186
25786417
25790545
25792437
25798638
25814663
25816376
25837028
25847798
25862937
25873942
25895779
25900847
25904541
25905386
25913771
25915505
25941251
25944446
25950054
25986571
25986798
25989170
26000611
26009433
26011575
26022492
26027045
26030262
26034343
26039240
26040965
26045640
26047151
26047946
26086286
26096951
26100699
26101626
26102870
26104749
26112188
26112851
26113709
26120158
26120626
26129863
26130258
26134449
26135495
26137167
26137858
26145812
26147129
26150167
26150481
26150930
26154540
26157242
26166858
26169538
26175023
26176647
26179877
26180637
26202430
26203181
26210366
26211117
26218412
26223576
26225204
26230837
26234823
26234889
26235558
26242693
26248433
26254559
26257361
26262617
26268866
26269981
26281664
26285836
26292198
26295666
26298742
26300175
26305195
26332954
26333278
26351216
26362909
26383373
26385095
26413394
26427535
26427987
26428289
26428487
26430560
26435313
26435392
26450707
26453528
26460534
26467986
26469572
26478774
26480505
26482692
26485792
26486034
26495956
26505248
26545194
26551018
26579475
26579616
26581039
26581734
26609955
26619376
26630010
26642530
26646378
26648596
26655294
26662259
26668357
26670414
26680370
26690555
26696860
26699675
26710394
26720567
26739099
26750971
26778683
26808971
26846667
26881058
26892657
26898504
26899006
26901645
26904589
26905044
26922109
26930416
26932631
26937547
26957248
26975011
26985604
26994222
26994737
26994752
26997002
27003483
27004092
27007174
27008751
27011302
27016326
27020159
27029963
27034748
27061159
27071165
27079296
27087536
27105198
27108638
27117491
27133975
27135015
27139985
27147651
27164232
27184282
27196697
27197800
27198435
27200137
27201567
27202409
27218679
27223775
27229360
27246510
27256523
27256664
27259608
27260060
27261138
27271370
27275058
27276773
27281112
27293188
27293279
27308695
27310128
27314252
27322421
27327356
27329700
27332445
27332574
27356409
27356567
27361848
27364091
27367427
27375903
27387222
27391174
27393584
27397401
27419329
27420357
27447010
27461285
27464081
27464754
27467418
27468857
27481062
27488520
27492425
27499641
27505864
27507863
27531695
27542728
27552841
27554622
27558203
27559410
27573594
27573996
27576359
27589189
27604451
27607844
27610212
27629785
27634403
27635807
27639153
27646350
27653972
27655376
27665495
27677386
27682007
27684662
27705456
27705946
27710081
27712094
27715663
27720693
27723602
27724394
27724918
27725889
27750814
27757550
27760073
27767251
27794209
27796628
27797065
27799707
27804991
27820124
27830378
27830617
27845612
27848106
27851333
27857629
27885444
27898526
27923143
27955323
27974643
27975288
27992770
28005689
28009057
28019477
28036677
28065043
28067126
28075922
28083377
28092620
28096710
28097172
28099915
28100455
28116314
28117250
28123244
28128883
28131651
28135349
28155496
28162479
28175005
28219553
28244805
28246702
28249219
28249734
28251119
28259479
28262492
28271251
28274584
28275891
28276092
28281948
28291552
28297458
28303119
28311447
28318120
28318447
28324152
28326511
28334205
28338694
28357195
28357497
28366124
28367261
28369187
28383406
28402415
28416182
28425519
28425943
28426386
28430215
28437758
28449866
28455298
28467110
28469802
28484056
28485727
28487615
28492626
28495743
28509226
28512245
28518723
28524843
28529282
28532405
28538273
28547585
28549037
28560909
28568188
28569281
28571543
28572253
28572812
28573126
28592824
28597725
28599710
28599877
28606635
28607948
28610351
28636543
28639866
28646335
28646354
28657132
28660554
28668869
28669645
28670198
28678498
28681257
28693496
28697182
28697445
28697876
28698733
28700311
28704985
28716160
28717834
28717897
28721918
28729446
28748317
28751176
28756661
28762888
28763692
28770764
28771609
28778816
28779984
28784241
28791392
28804778
28805133
28809855
28820341
28825349
28831890
28832016
28833662
28835880
28841010
28841126
28848298
28857186
28865219
28870795
28888332
28906006
28911096
28922660
28938849
28949354
28950344
28954679
28963309
28964013
28966595
28968025
28971465
28984948
28986142
28989739
28994345
28994543
28994822
28995061
28995152
29018475
29020637
29044566
29045540
29053419
29055999
29059948
29060180
29061207
29062461
29067918
29070582
29072583
29079331
29090119
29098489
29100292
29100323
29100678
29103518
29110248
29118365
29119478
29120329
29128604
29133008
29143690
29144117
29144205
29145283
29146913
29147274
29151167
29159253
29169460
29175514
29177006
29182872
29194222
29198247
29199748
29200650
29207709
29215120
29223357
29223750
29226986
29232349
29234070
29244635
29244968
29248173
29252062
29252420
29252800
29253275
29262492
29268169
29274132
29274389
29279702
29288721
29293607
29304706
29312663
29316556
29316823
29317564
29318758
29320386
29320662
29333810
29346040
29365593
29388492
29389431
29390644
29393603
29393839
29420957
29429600
29432038
29439653
29441783
29443706
29448773
29456391
29464431
29470708
29478631
29491222
29498470
29503151
29503427
29504250
29511891
29515032
29520533
29529826
29532220
29547161
29547962
29552430
29553193
29556495
29557001
29561088
29568383
29572344
29574842
29586183
29587437
29592011
29592014
29593340
29596224
29602802
29609604
29621485
29627473
29629459
29633662
29634875
29643907
29650771
29674578
29685021
29689576
29689585
29690930
29697304
29706619
29714137
29721023
29725321
29729606
29730929
29732471
29733895
29736939
29737881
29738352
29743326
29758751
29766636
29767506
29774016
29775637
29775989
29808589
29815874
29823069
29835157
29838048
29840115
29842845
29847771
29850573
29853536
29861123
29862986
29864877
29869052
29871421
29874789
29888100
29893233
29901018
29903280
29909993
29910169
29912921
29916917
29922038
29922073
29923169
29924498
29926543
29941720
29942119
29946219
29954255
29956574
29961563
29964519
29981992
29983450
29986878
29988373
29992532
29992737
30001872
30011096
30025921
30034733
30036769
30038462
30047928
30051035
30051993
30068970
30122195
30141953
30143310
30144655
30148626
30148770
30152801
30173727
30176030
30179294
30197823
30203277
30207747
30213402
30213946
30220257
30227432
30236483
30237583
30238321
30247476
30248183
30252559
30256153
30262851
30273350
30274286
30282335
30291656
30297531
30298825
30303029
30315274
30320581
30328906
30339257
30348252
30348858
30349977
30350947
30354695
30356508
30359430
30360730
30366077
30366790
30367994
30373026
30381063
30382385
30384936
30387874
30394688
30394945
30404084
30406481
30409720
30409990
30414964
30416292
30418432
30420496
30427706
30427941
30431721
30447058
30447853
30451164
30455553
30456945
30465625
30466957
30469938
30471764
30496035
30502215
30502938
30503151
30511319
30512714
30515146
30520015
30532412
30546131
30550294
30552550
30552669
30556285
30563649
30565370
30574751
30579181
30582489
30587390
30589985
30591942
30595404
30596108
30602451
30607031
30608228
30613939
30621800
30635949
30649669
30654588
30658717
30662845
30668383
30669687
30672137
30677431
30677673
30679844
30683475
30684305
30685728
30710606
30716641
30718259
30734149
30734168
30753502
30755006
30762449
30763803
30765452
30781242
30785640
30787035
30794590
30796017
30801222
30803136
30813242
30819456
30822610
30823242
30823870
30830125
30832849
30843967
30850643
30855776
30863200
30869332
30871528
30871773
30879055
30905831
30914665
30920166
30925482
30929214
30931909
30942786
30979294
30995612
31003126
31003701
31012890
31031790
31032283
31041746
31045736
31048968
31049575
31055465
31063395
31071424
31078257
31094738
31101609
31111634
31112859
31113487
31117191
31125268
31128762
31134482
31146493
31153803
31157111
31168409
31172703
31176175
31179549
31183215
31186372
31189036
31194424
31195480
31199539
31211031
31213129
31220952
31226713
31239971
31247363
31248529
31282184
31285741
31285772
31286400
31289988
31291641
31294550
31298103
31302369
31304128
31321018
31331215
31337722
31345943
31348579
31348705
31351098
31365452
31366875
31367014
31377431
31383118
31393588
31396730
31401584
31405451
31413717
31416934
31429230
31431366
31431743
31441246
31447341
31457627
31465565
31467086
31472882
31494286
31494701
31508577
31508813
31510999
31513955
31515941
31516063
31516327
31521734
31523446
31528300
31544655
31548394
31559518
31560278
31560404
31561158
31565581
31567363
31582656
31584368
31593139
31598992
31599410
31601163
31601348
31602137
31606667
31608074
31608549
31620656
31623836
31626299
31627389
31639914
31641206
31648284
31652446
31653338
31654045
31673511
31674582
31683133
31692615
31696118
31697038
31698461
31699972
31702753
31709736
31710720
31718919
31728473
31743521
31744746
31747131
31748651
31748796
31749456
31755104
31757291
31761271
31762182
31763743
31782672
31784557
31786891
31800500
31801386
31803205
31806136
31806450
31810990
31814100
31819997
31820726
31827037
31837455
31839239
31841909
31845582
31847728
31852896
31861070
31866505
31869351
31880243
31882009
31884016
31903843
31915322
31915633
31916638
31917374
31929186
31938319
31944919
31945843
31946421
31958667
31968201
31972018
31977180
31982062
31982797
31983536
32005769
32006815
32009133
32013770
32021313
32022281
32023968
32024119
32030270
32043807
32050338
32058830
32067102
32067114
32067206
32071711
32075763
32077984
32082292
32087692
32111530
32112247
32114942
32115027
32128504
32130801
32131413
32137134
32140474
32151281
32156681
32160410
32181465
32187717
32188807
32205508
32209947
32210440
32216318
32216956
32217622
32220597
32221480
32236440
32242459
32244162
32244734
32245127
32245780
32246220
32246691
32270068
32283322
32284195
32291286
32295687
32313912
32315555
32324647
32334448
32341630
32352550
32354215
32357307
32358645
32366612
32371136
32378129
32379125
32388016
32391251
32403243
32404943
32405059
32406133
32406708
32415090
32424301
32426041
32428640
32440534
32441746
32444762
32474296
32475025
32490306
32491638
32513767
32522023
32522334
32525335
32534034
32540191
32543848
32544401
32550973
32574884
32577146
32587133
32597736
32606724
32607220
32612445
32615520
32619133
32625881
32651482
32652173
32654749
32656374
32656609
32671460
32680256
32680909
32682823
32686759
32686869
32690510
32696847
32700510
32703909
32709869
32712922
32714254
32715684
32716589
32731018
32750807
32753986
32759591
32759920
32763549
32772034
32775974
32777064
32784324
32786464
32787397
32797029
32798502
32812797
32815231
32821386
32846028
32854476
32857976
32858959
32861523
32864950
32865648
32867027
32874623
32875764
32881651
32889675
32890529
32902373
32905835
32920767
32921782
32933032
32937493
32944520
32956600
32972525
32975836
32991230
32994663
32998364
33018518
33021590
33029409
33033685
33041787
33046918
33111191
33116422
33122086
33124176
33126705
33151174
33153842
33174915
33182034
33202712
33203850
33207048
33208829
33213840
33217377
33220626
33227616
33232105
33238784
33240367
33247166
33252290
33253201
33256195
33263662
33265431
33268337
33269653
33279260
33285550
33287988
33303762
33312338
33319944
33327826
33330961
33331518
33341633
33358507
33359660
33370775
33374711
33380420
33380727
33383357
33388707
33392081
33394855
33399555
33402983
33422627
33427983
33430427
33431379
33438574
33440257
33451941
33454037
33463144
33464055
33471501
33491120
33494450
33502766
33504845
33505424
33511038
33511902
33516507
33540958
33551379
33553704
33557385
33558636
33579873
33581246
33584372
33588139
33595490
33598848
33599279
33599602
33602115
33603727
33616617
33625106
33637729
33638926
33640767
33652837
33660524
33687256
33698396
33705455
33712323
33712747
33717286
33738618
33757141
33777815
33779440
33791293
33791340
33798889
33804057
33825813
33852811
33857420
33858975
33905257
33908452
33915483
33916554
33916982
33921430
33928335
33936277
33940220
33954018
33987746
33992606
33993731
33994551
34008063
34013975
34018662
34019737
34021625
34029206
34029982
34034741
34039014
34048687
34052504
34053939
34054084
34060078
34060446
34067316
34091896
34092264
34094563
34095066
34098151
34099715
34101044
34102703
34107023
34107192
34108829
34109454
34117183
34117368
34121251
34147150
34159330
34160289
34161454
34162802
34165588
34169789
34171507
34175532
34177131
34193860
34204984
34212364
34215876
34234785
34236755
34254172
34256849
34263757
34265406
34267253
34276150
34279506
34287762
34287771
34288123
34292361
34292769
34293021
34297761
34299659
34301271
34312367
34313686
34314560
34315094
34327801
34330959
34338671
34338904
34342174
34342388
34348627
34350638
34352843
34356453
34358595
34360210
34380583
34385748
34391994
34400108
34403184
34408789
34413325
34424798
34445375
34447279
34450273
34450657
34452120
34455696
34456412
34461250
34464401
34466317
34472607
34474643
34479883
34486829
34492757
34492795
34494507
34500152
34500586
34507714
34508163
34510915
34513360
34520918
34522612
34525207
34528423
34537594
34550443
34557270
34557653
34568334
34571897
34583477
34585990
34589330
34597614
34598041
34598952
34601425
34608204
34611914
34626573
34630814
34658906
34661973
34662441
34667580
34681212
34683266
34701569
34702141
34706018
34710752
34718923
34734949
34739180
34742212
34790285
34799502
34805751
34809276
34812251
34819784
34822392
34830978
34836322
34840337
34848596
34849497
34854345
34887134
34887734
34928662
34943145
34949545
34953965
34972773
34972843
34973518
34984529
34991325
34994077
34996307
34998833
35004023
35005587
35010715
35021173
35023180
35024044
35036033
35036139
35038354
35040890
35043997
35045300
35047173
35048049
35055058
35059953
35061611
35075202
35082346
35088525
35089609
35095761
35104629
35116335
35121562
35125379
35131333
35135643
35141706
35141791
35146149
35146208
35147050
35148674
35148951
35150685
35152187
35153073
35154282
35156739
35164989
35171888
35172051
35182481
35184614
35191705
35192584
35203282
35222939
35224905
35243384
35246139
35253223
35256620
35257270
35259582
35272742
35293549
35307381
35307658
35311399
35318025
35337186
35340987
35346548
35356582
35360810
35371253
35376836
35377357
35382374
35388155
35413916
35418534
35424996
35426215
35433648
35434965
35453296
35463409
35475545
35480800
35495638
35501020
35506065
35506891
35507469
35510278
35526916
35534936
35547474
35557242
35570339
35570392
35575036
35576965
35577411
35578476
35578916
35594042
35608073
35626102
35628342
35629998
35648807
35689386
35697492
35709998
35710957
35717523
35734007
35747321
35753173
35759708
35763377
35765407
35784027
35784109
35792522
35804033
35807840
35818701
35821805
35823206
35831584
35844217
35857220
35859205
35859523
35865746
35867364
35871536
35894206
35903131
35922207
35922436
35926963
35930406
35931226
35938807
35981121
35990891
36004403
36023608
36026825
36039212
36040057
36049061
36062281
36068244
36069353
36069412
36069425
36072164
36073179
36073437
36077822
36078561
36079302
36093329
36097297
36104520
36113929
36115782
36117906
36121208
36121688
36121767
36133507
36134811
36143334
36151182
36160317
36160826
36163060
36167505
36188300
36203615
36211384
36217133
36218424
36219876
36231500
36234267
36249532
36253818
36255794
36257182
36260189
36262696
36264631
36272190
36275491
36281910
36282387
36290725
36296085
36303599
36311771
36316872
36335373
36337456
36339552
36343199
36345838
36380402
36381812
36412930
36414054
36416203
36419043
36422951
36437535
36438276
36442828
36446846
36447465
36448493
36451697
36461662
36477191
36482450
36483100
36488108
36497495
36503492
36504595
36504755
36511504
36514695
36522490
36544088
36544594
36566726
36575589
36575850
36581652
36585830
36589585
36590785
36593276
36597106
36597338
36602896
36613090
36615478
36616219
36621836
36624981
36625239
36626586
36627611
36634667
36648351
36649533
36651738
36653953
36659099
36659890
36663930
36664735
36669001
36670544
36678061
36678316
36682654
36687656
36691253
36695928
36699641
36704190
36712408
36719395
36724365
36727592
36734148
36734497
36737981
36740573
36741317
36747736
36748417
36758031
36758420
36762561
36781816
36784052
36784649
36789406
36789723
36793166
36794200
36799217
36799625
36802836
36810319
36814077
36814604
36822729
36841380
36847739
36856177
36857261
36862294
36877370
36878344
36879884
36880634
36891561
36900998
36908196
36916602
36921500
36924086
36930557
36930579
36933049
36936087
36936721
36939442
36946039
36950821
36957512
36966095
36970412
36981473
36982623
36992142
36992915
36994593
37006634
37013631
37027595
37029392
37041239
37042316
37049548
37058185
37124730
37125346
37144729
37147978
37152750
37153837
37156259
37156293
37162991
37172570
37172699
37174490
37182494
37197178
37210533
37211117
37212094
37212921
37217803
37218959
37246363
37261559
37264016
37267459
37267993
37269444
37277314
37278527
37282353
37285495
37286971
37292887
37297005
37302635
37306603
37325145
37334045
37347670
37347799
37348795
37351025
37353215
37356033
37362888
37363673
37370600
37377597
37385391
37387147
37388862
37396302
37405830
37406656
37417759
37425368
37428660
37435801
37442339
37445618
37447689
37452147
37460773
37461483
37478643
37479284
37482243
37485224
37486626
37489249
37491756
37516069
37529411
37533574
37533750
37546269
37548132
37556149
37561047
37565558
37593072
37602233
37602528
37631211
37635726
37636235
37642675
37655389
37662134
37663943
37665128
37667798
37682633
37687829
37692328
37692981
37698187
37698774
37714451
37715396
37715491
37716034
37735160
37746438
37755804
37764644
37766994
37767157
37772752
37775834
37785024
37785115
37787493
37791109
37793119
37813069
37819371
37820162
37823087
37825918
37827743
37829669
37834475
37843542
37843589
37845845
37847620
37855279
37856982
37865219
37874904
37879607
37883619
37887794
37902104
37905849
37921095
37926524
37933194
37940579
37948619
37956335
37956580
37960387
37962297
37966045
37973701
37980116
37980767
37990229
37994452
38001388
38021557
38026766
38035038
38035408
38052002
38054845
38059570
38072737
38074100
38077902
38079318
38088231
38099321
38113395
38114790
38119565
38120143
38125446
38137645
38142518
38147233
38157795
38160837
38161490
38162272
38165794
38169089
38177386
38178781
38193116
38195460
38209745
38220590
38222936
38231877
38232364
38253988
38260054
38261204
38271307
38280490
38286400
38306028
38306562
38308617
38309528
38309770
38310163
38310778
38316556
38329377
38329565
38335072
38347020
38358496
38364566
38385536
38395598
38449995
38455942
38481722
38495903
38505243
38506314
38531837
38538214
38543420
38543454
38545236
38562863
38572957
38574437
38575831
38583400
38588451
38603946
38608922
38623659
38644252
38648738
38662759
38665873
38666312
38672470
38699862
38715607
38721639
38744164
38762037
38763529
38777965
38779812
38782266
38791276
38799786
38809374
38814112
38814875
38816342
38817360
38830901
38834064
38835993
38838462
38848855
38849247
38849596
38850410
38859473
38869847
38870384
38872693
38874094
38876353
38889721
38893720
38914404
38923383
38939505
38949665
38956853
38997974
39003569
39007087
39011740
39020992
39048578
39050526
39067893
39074939
39074949
39086117
39087028
39091464
39108539
39117992
39132946
39148057
39157746
39158594
39162942
39167045
39167899
39171619
39179174
39181254
39198819
39200591
39200597
39208039
39208137
39212585
39229295
39234127
39234639
39236332
39240084
39250997
39254142
39259222
39262361
39263438
39264978
39272112
39289592
39291634
39294040
39295900
39310254
39322937
39330429
39347369
39354613
39355050
39359461
39370632
39370705
39376413
39377447
39390952
39403387
39405416
39405806
39406164
39411049
39411690
39422004
39423546
39435918
39436147
39450686
39452147
39462505
39464525
39473450
39479731
39492234
39494100
39494750
39495658
39497575
39497766
39499394
39503302
39535601
39536336
39548890
39549380
39556099
39560872
39579187
39587358
39590670
39601932
39609057
39618752
39623207
39644086
39664613
39670689
39683538
39684613
39694179
39707772
39736842
39738142
39753212
39756156
39758713
39758911
39762056
39770413
39776649
39794543
39797707
39805096
39814781
39820172
39836477
39837197
39844928
39861283
39865295
39873611
39881983
39885156
39885166
39896714
39911257
39915878
39920640
39923458
39932745
39946669
39950366
39958607
39975025
39981537
40000512
40007188
40008636
40012262
40012991
40044429
40045145
40048258
40065330
40066250
40068638
40071132
40073171
40079743
40092878
40115444
40135824
40144093
40145758
40146411
40164736
40198750
40200396
40214144
40223628
40223990
40225472
40232918
40233838
40240307
40248940
40256675
40257705
40268676
40274748
40278788
40291678
40303799
40305988
40306387
40318589
40331686
40334385
40334903
40350863
40372665
40382175
40386517
40389938
40393315
40401568
40404644
40410038
40415765
40421941
40437483
40438727
40449066
40450300
40463470
40481569
40481798
40508445
40511854
40512950
40514948
40517914
40519079
40523220
40526182
40528488
40528627
40537241
40543744
40563935
40572279
40573121
40579508
40605916
40606227
40613258
40621015
40627257
40631844
40638739
40646320
40664774
40667799
40669741
40673247
40673712
40681767
40681905
40690067
40691081
40698923
40703937
40704176
40704490
40704864
40709259
40710654
40712432
40715872
40727090
40732067
40734417
40751535
40754293
40756637
40756838
40762414
40772006
40772622
40773083
40774544
40781302
40782970
40783224
40798119
40799504
40800268
40801870
40803340
40811954
40815724
40839321
40845217
40847329
40847806
40848079
40848139
40858286
40861877
40864023
40866407
40870080
40870488
40885540
40886674
40888282
40892335
40911945
40912696
40912912
40918172
40925944
40929616
40932252
40933842
40945183
40955946
40960156
40960951
40963502
40966272
40970099
40980915
40981682
40994720
40996378
40998383
41000569
41005269
41009196
41017411
41019541
41020072
41028225
41033936
41039434
41044966
41045928
41046276
41054319
41057275
41070686
41074767
41085622
41089357
41090877
41092835
41093636
41104509
41112658
41126126
41133273
41133556
41138193
41139666
41147985
41155076
41178220
41189266
41197962
41209221
41212174
41214056
41225605
41240210
41260988
41272942
41277761
41280755
41280834
41281051
41282112
41295907
41301578
41308225
41312903
41326918
41346104
41347125
41356603
41360052
41360850
41365007
41374215
41376059
41378883
41381035
41381195
41394735
41397070
41406529
41408216
41409579
41420575
41429387
41454482
41491072
41494255
41496438
41496793
41509432
41509696
41523123
41524653
41525850
41527747
41535733
41542199
41547206
41547640
41551218
41575113
41577274
41582103
41590139
41594644
41603994
41604041
41605464
41612043
41624216
41633302
41638093
41640213
41643034
41649418
41652000
41663916
41672669
41686922
41697503
41697993
41771667
41776411
41779370
41785854
41789455
41790284
41804635
41810974
41811154
41812922
41826962
41830600
41837995
41842384
41842551
41845884
41889407
41901766
41943858
41956933
42002030
42017707
42082628
42085537
42088760
42099564
42104804
42104811
42108006
42112448
42114528
42115740
42116224
42118847
42125262
42129736
42143785
42186580
42198578
42209715
42214792
42221442
42221794
42235636
42239516
42253298
42260521
42262472
42272179
42285380
42288010
42291635
42292480
42298424
42302191
42303064
42320594
42321493
42332648
42374557
42385009
42403548
42408530
42411414
42415696
42423503
42432605
42436396
42442629
42445262
42453085
42457703
42457979
42472242
42485823
42522878
42534015
42539946
42556396
42561535
42569339
42587020
42591117
42611060
42613614
42616020
42634980
42635834
42647819
42661960
42670787
42694277
42694456
42708612
42716551
42716573
42721706
42725935
42726717
42727239
42728084
42740418
42747731
42749041
42756132
42759261
42764721
42766352
42778629
42779974
42780369
42781136
42784183
42785050
42788833
42795317
42795616
42806140
42819177
42823789
42823833
42838225
42840996
42844458
42847012
42848313
42851162
42852529
42860870
42863835
42868519
42879892
42898289
42921047
42929934
42945806
42950418
42951209
42954112
42958469
42967423
42969022
42973810
42979430
42979458
42979901
42987416
42988079
42990253
42990928
42999134
43008430
43009998
43013111
43021490
43026356
43034248
43038379
43041806
43042061
43049151
43065551
43072531
43074721
43075057
43076047
43077815
43080178
43081193
43088095
43091516
43095971
43096341
43111283
43119712
43126636
43127603
43130679
43131728
43133902
43136950
43138571
43144668
43146333
43149843
43150276
43158655
43160150
43161438
43163386
43166405
43173301
43177146
43178912
43184061
43192063
43192694
43194199
43201937
43234540
43267015
43270496
43281158
43285641
43287564
43294601
43295311
43297812
43301698
43303350
43311534
43320651
43323884
43324462
43327990
43329451
43345231
43346321
43348350
43352117
43353550
43353939
43357166
43358765
43361363
43362629
43370018
43372217
43381730
43382503
43386624
43397045
43397221
43411211
43415427
43445020
43528452
43539717
43539931
43541398
43550374
43557841
43571162
43576659
43583071
43586571
43590137
43593382
43601613
43616985
43619822
43630255
43640437
43650880
43651024
43653393
43662529
43663191
43667634
43674784
43681161
43684196
43686760
43688293
43697931
43700033
43716303
43724776
43736896
43748369
43759660
43762877
43768466
43770449
43771925
43778987
43781114
43782676
43784338
43784426
43800815
43805050
43805644
43808182
43810029
43813089
43818069
43820171
43824289
43827293
43839215
43839281
43839988
43844427
43848021
43852168
43858910
43863757
43865633
43902449
43910008
43911069
43912392
43912838
43922115
43925480
43946287
43947173
43948787
43950035
43952124
43953603
43963547
43966431
43977948
43982836
43987024
43994915
43996951
44010309
44011657
44014170
44017978
44018386
44031320
44041282
44045596
44064153
44069308
44073050
44073952
44077049
44079305
44083870
44091579
44096282
44096470
44106454
44110422
44113624
44120362
44124277
44131113
44147003
44148882
44149001
44160550
44165036
44168633
44176870
44179698
44192192
44192399
44204701
44245872
44264979
44266116
44268290
44292138
44294133
44294180
44303718
44308421
44317538
44321239
44330827
44331295
44333457
44349526
44352692
44357776
44359607
44361593
44367634
44373729
44390382
44392119
44392820
44394149
44401613
44403715
44409423
44410507
44411896
44421185
44447641
44485381
44486125
44498277
44498346
44504636
44507325
44517039
44526690
44528260
44554100
44554141
44561024
44562249
44567851
44570502
44590106
44591501
44603784
44613621
44618499
44626099
44628091
44628223
44631028
44640726
44646054
44648596
44648869
44651181
44652118
44659079
44669616
44678381
44679173
44679475
44681017
44688859
44705522
44709581
44710149
44715578
44716662
44721465
44726080
44726702
44734559
44735829
44738779
44743943
44764540
44770970
44774388
44779943
44780992
44791397
44801962
44808129
44820614
44825238
44864062
44879604
44903832
44927051
44930205
44932027
44945954
44954578
44974813
44986355
45004325
45026501
45066117
45066371
45103046
45212999
45225279
45258326
45263437
45328248
45350798
45360182
45371995
45372677
45374973
45382343
45397957
45406226
45419687
45422596
45423900
45423935
45423954
45433982
45436061
45440447
45448546
45454166
45454336
45454936
45455926
45459375
45460258
45461430
45467135
45473013
45475363
45478935
45480119
45483678
45486851
45486933
45488463
45494529
45495365
45497511
45507231
45508459
45511789
45522622
45525113
45527469
45529228
45545851
45546598
45547968
45548766
45560993
45564160
45566337
45568222
45571596
45579161
45580446
45581046
45583477
45586025
45594746
45595993
45604319
45617796
45623633
45628330
45631603
45634572
45644189
45651446
45653456
45725430
45745197
45745338
45747054
45753284
45770996
45783323
45783653
45792767
45800543
45809964
45815591
45822458
45824167
45833234
45833265
45840494
45840997
45856098
45867251
45869325
45869915
45875306
45885692
45902610
45917294
45932892
45951980
45952618
45981055
45983358
45987753
45990907
45996952
45997077
46005302
46008459
46009396
46018996
46022587
46023520
46034456
46041421
46041980
46046045
46047682
46073330
46078398
46078583
46083123
46092689
46110765
46110819
46116103
46117696
46118720
46120866
46122326
46142662
46144311
46146256
46160434
46175542
46180415
46181473
46188268
46196289
46200907
46200920
46205711
46209798
46210904
46215101
46220288
46221924
46223216
46228525
46232895
46240859
46244371
46247469
46248351
46250170
46253614
46254653
46268630
46275306
46278558
46283151
46286296
46295648
46300335
46309694
46313769
46315695
46317284
46317303
46319725
46324777
46326175
46329628
46333998
46337208
46337698
46338550
46340268
46346259
46347243
46347327
46351754
46353441
46355470
46364405
46369651
46376026
46376230
46398919
46405494
46415082
46435738
46437931
46447048
46470390
46470406
46487430
46489550
46498111
46499201
46501115
46502305
46502491
46509314
46512424
46517586
46521673
46524771
46528082
46542244
46544915
46549313
46550450
46550689
46552690
46555037
46556268
46568276
46568766
46568989
46571185
46581784
46599088
46605334
46615487
46681630
46689519
46693509
46699384
46701771
46703989
46705145
46705503
46721101
46725949
46726056
46734456
46735038
46736985
46745581
46747233
46752071
46762822
46763346
46768920
46769617
46784364
46791577
46798928
46799387
46804379
46807649
46812135
46826860
46830787
46835408
46836291
46842207
46843482
46847299
46848465
46851650
46854406
46856413
46867547
46870233
46872074
46874512
46885711
46901548
46901994
46914099
46914269
46918133
46919942
46922754
46928984
46933297
46938808
46943140
46950413
46952012
46959819
46962282
46970575
46974094
46994970
47001862
47002092
47008865
47011922
47024341
47027774
47030869
47033388
47036888
47044051
47050406
47058188
47062885
47078008
47079007
47079743
47094750
47097203
47100549
47104850
47112622
47118714
47125321
47125779
47136854
47139825
47144239
47147196
47171490
47173463
47183534
47276347
47281433
47290594
47291231
47298008
47299409
47299714
47308158
47320970
47321325
47324020
47329059
47348537
47349656
47352430
47357249
47358188
47361952
47363340
47367054
47375916
47376987
47381090
47392274
47397766
47408341
47415510
47418460
47418758
47427586
47430875
47463563
47478596
47485529
47537118
47538415
47538456
47574898
47592768
47597398
47597958
47598998
47602271
47609663
47610461
47621711
47622481
47630473
47632421
47636543
47638974
47657893
47660906
47673422
47677487
47683572
47687229
47792526
47797430
47797584
47819713
47820213
47822980
47830621
47834165
47836464
47836467
47837501
47844233
47848094
47851308
47853605
47857500
47859068
47866193
47872027
47872715
47896711
47897920
47902500
47905139
47909704
48443206
48495190
48638086
48652939
48689850
48732318
48769747
49264541
49399834
49419089
49525205
49547423
49571710
49707572
49771933
49772370
49795678
49837143
49841036
49848315
49855148
49855440
49866624
49878543
49902762
49903092
49907638
49933245
49933842
49937216
49939252
49945296
49946157
49952258
49954834
49957790
49968007
49969533
49974283
49975619
49992882
50035387
50038843
50040068
50044599
50044730
50048321
50049038
50062770
50064073
50096023
50100698
50107305
50112649
50115008
50116975
50123930
50127298
50128105
50128482
50136767
50143254
50143285
50146386
50147106
50147800
50152638
50153492
50154677
50161837
50169838
50170165
50174337
50181038
50183777
50183781
50185458
50186143
50188898
50193416
50200098
50202049
50203026
50207022
50210220
50211002
50219645
50220386
50220562
50224851
50231297
50238165
50239556
50242861
50256109
50259361
50275103
50278380
50356578
50368742
50370931
50373913
50391886
50399693
50405630
50409369
50413041
50417179
50422837
50425787
50427961
50428130
50430851
50435105
50435196
50435353
50441281
50449101
50450957
50451240
50454727
50454925
50457438
50460816
50481798
50482461
50482794
50486731
50494764
50503793
50504528
50507069
50508555
50510626
50511738
50516359
50517854
50531106
50534357
50537357
50538900
50541743
50542594
50543631
50544570
50544693
50546543
50553383
50559766
50560866
50593450
50595480
50597481
50601615
50602533
50628181
50629368
50643135
50643534
50652161
50652271
50661981
50663665
50663668
50664036
50667005
50670288
50682954
50701116
50705310
50735868
50738290
50738319
50738724
50750646
50755189
50757285
50763483
50768839
50770090
50774246
50794921
50802542
50806498
50819959
50820405
50829579
50833346
50834005
50838413
50856314
50865877
50875575
50892326
50895376
50899520
50900962
50908094
50922438
50943540
50944046
50954024
50964636
50974698
50980265
51001207
51004057
51008361
51014490
51015046
51034675
51037345
51040292
51041005
51050716
51060247
51064620
51070231
51080086
51089744
51094431
51096083
51106435
51110063
51110500
51119388
51124163
51126356
51131797
51135457
51152296
51176640
51186605
51202766
51215203
51217167
51247819
51249996
51259518
51271991
51287051
51287554
51288066
51297774
51303023
51309159
51318005
51332985
51359317
51361278
51364787
51369751
51387240
51389081
51398411
51400457
51419507
51426488
51441611
51447433
51450276
51454768
51457087
51464865
51483822
51494701
51498763
51500940
51502580
51506762
51507839
51515860
51515973
51517192
51527481
51537741
51547024
51548557
51575220
51577859
51583929
51587538
51593118
51597846
51604475
51618794
51626676
51639434
51680420
51730525
51742092
51749334
51749924
51763788
51769082
51773200
51792235
51820202
51822781
51839569
51848052
51849594
51862933
51867753
51869179
51869430
51896247
51911173
51942406
51955821
51971554
51974576
51984073
52006011
52045583
52074919
52082760
52090083
52142692
52159003
52163725
52192794
52217000
52232115
52239381
52240317
52281306
52314179
52344477
52358209
52358419
52364140
52388349
52395603
53442061
