4574331
4587224
4597682
4601741
4608803
4613265
4615423
4616698
4625366
4631640
4646292
4654482
4667492
4668626
4670897
4673750
4677174
4681343
4685509
4686153
4696724
4699423
4701185
4707412
4714528
4723855
4726767
4743009
4754492
4759044
4764347
4770247
4771123
4776203
4776225
4777026
4781104
4790268
4792982
4793083
4800331
4810786
4811003
4814163
4815194
4825888
4829180
4829676
4830820
4833578
4842114
4848482
4857429
4861127
4863734
4868242
4871434
4873206
4873278
4875660
4877871
4884610
4886168
4893136
4893328
4905982
4942324
4954806
4976288
4985961
4989269
4989445
4994575
4999592
5014477
5027870
5039843
5043543
5052868
5056154
5056207
5063555
5072151
5082421
5084836
5085016
5091076
5093683
5094839
5095989
5097378
5103454
5118882
5120877
5121848
5121851
5130025
5132070
5138401
5138705
5138988
5140603
5140615
5140697
5146754
5150034
5155887
5156930
5167608
5168434
5184155
5190485
5207346
5212127
5229466
5230399
5250995
5259289
5261718
5262635
5268623
5280423
5283149
5288867
5289722
5294198
5298195
5316262
5322099
5322363
5326152
5337530
5338687
5348049
5353901
5363028
5376741
5391688
5392257
5398989
5409174
5421392
5422567
5433591
5447219
5450958
5452990
5454677
5457580
5475908
5487805
5495860
5500180
5501754
5510064
5511732
5515266
5523274
5528693
5531323
5532579
5536541
5542796
5547313
5552205
5552610
5554316
5556477
5563709
5564800
5573043
5577067
5578164
5580639
5586156
5587290
5594434
5597123
5597708
5604311
5606187
5611773
5617025
5631131
5638875
5640697
5649176
5656041
5667872
5668670
5669060
5671067
5671573
5675996
5678428
5679235
5680039
5684083
5689904
5690482
5693561
5698261
5699008
5701314
5704117
5705219
5711986
5714267
5716017
5729149
5730120
5732868
5735649
5754966
5760194
5768937
5769132
5769788
5779254
5784105
5785176
5791305
5793551
5801189
5812052
5814632
5822206
5832338
5833578
5833751
5858454
5861187
5874824
5893448
5900608
5901735
5917845
5924751
5926431
5928546
5933246
5939774
5948947
5961127
5961595
5962164
5967894
5972798
5973279
5993809
5995760
6003064
6008587
6022146
6026510
6034889
6045312
6056339
6073907
6089156
6089266
6097102
6101387
6110566
6114393
6115681
6141891
6153016
6167417
6176471
6179575
6205493
6216554
6222514
6223573
6224663
6235407
6236258
6237672
6246268
6247929
6285179
6286040
6296370
6297918
6298497
6303982
6328555
6330318
6331766
6336139
6342045
6346387
6354197
6356113
6360392
6360725
6369311
6370898
6377008
6402420
6402731
6411204
6415436
6416614
6417095
6419404
6423042
6423522
6425172
6444540
6463301
6465262
6466845
6467404
6500451
6501767
6507431
6510124
6513919
6528769
6536265
6544160
6544367
6548052
6548291
6553996
6558378
6572179
6578604
6581287
6581362
6587878
6591092
6596310
6596816
6599244
6602675
6604510
6605392
6608983
6611113
6637820
6638640
6642036
6642894
6645803
6651137
6658300
6659883
6665824
6667543
6674064
6682952
6697441
6704199
6705681
6706442
6707808
6713347
6717912
6721851
6723347
6732803
6734157
6741427
6743425
6745256
6747204
6748369
6763666
6765504
6771099
6778013
6783257
6785145
6789958
6792600
6795408
6797397
6804792
6810328
6810959
6819263
6837899
6850107
6855661
6862139
6864213
6866641
6874501
6878039
6892345
6899364
6907350
6910727
6911864
6925895
6929413
6940864
6949519
6949931
6950487
6957103
6963261
6969164
6975243
6977514
6988783
6994689
6995588
7008983
7014836
7019615
7019885
7020215
7020510
7022725
7023821
7052752
7062755
7069468
7074325
7075397
7094482
7106574
7110391
7110790
7111402
7111808
7113633
7118537
7136350
7153971
7154125
7155416
7156808
7176788
7178642
7195198
7196606
7197246
7207529
7212549
7216555
7222294
7223944
7232225
7234999
7240556
7245910
7253729
7272305
7276380
7282503
7284331
7285497
7288189
7289411
7302628
7305804
7307164
7324101
7332703
7351599
7356346
7358055
7360336
7363286
7371426
7372365
7381815
7384115
7399474
7405170
7409430
7411305
7415050
7427161
7431691
7444747
7459133
7469387
7476254
7479041
7483885
7487432
7495773
7501560
7508481
7517064
7530739
7531609
7534848
7537374
7544970
7546277
7559491
7567964
7572158
7592440
7597913
7604205
7610799
7626156
7636714
7657000
7658464
7666167
7674489
7677442
7687033
7694243
7697124
7702807
7709571
7715581
7724660
7726850
7728873
7731286
7737911
7763355
7769079
7771256
7773405
7778413
7778636
7779946
7802126
7804457
7804890
7809854
7812766
7813938
7815760
7833576
7834531
7836099
7841223
7843764
7851351
7852115
7857531
7860952
7871175
7887957
7889286
7918509
7940381
7941974
7943733
7952347
7965284
7983301
7987633
7992660
7994215
8003395
8003756
8007482
8008359
8009094
8009609
8009794
8012810
8032662
8052228
8053057
8070575
8081435
8083826
8085013
8101475
8110680
8112440
8115157
8116291
8123696
8126008
8138267
8146928
8151659
8161816
8161986
8162476
8166202
8182167
8184781
8185026
8189217
8190106
8192299
8202402
8204410
8205113
8205845
8222791
8225647
8227447
8242530
8249934
8251606
8251829
8254295
8258366
8267295
8278083
8283527
8288485
8289889
8293420
8300366
8302924
8304950
8314083
8316568
8336137
8337019
8337811
8340928
8341766
8347814
8354867
8364691
8370876
8388378
8388761
8404240
8404661
8406226
8415631
8428069
8450688
8452347
8452366
8453673
8456771
8464665
8493687
8500112
8500247
8505415
8525041
8540170
8541873
8546975
8553906
8554440
8559837
8563110
8576597
8582544
8583923
8600696
8604086
8607341
8609524
8619904
8626800
8631962
8642257
8643893
8650824
8662419
8666459
8668234
8674929
8686138
8688042
8691715
8695981
8699166
8713948
8714849
8728735
8733071
8738418
8740972
8744641
8744993
8756120
8770025
8772472
8773148
8773456
8784539
8787210
8803021
8804429
8809967
8815459
8816291
8837271
8837450
8848279
8851798
8855379
8855838
8863707
8880499
8884542
8890888
8900096
8902625
8907718
8911061
8919182
8934362
8941848
8962935
8964323
8973387
8990628
8998978
9000593
9000828
9006433
9008324
9023420
9024742
9040391
9048157
9056874
9059394
9061571
9070993
9074037
9083440
9084910
9099148
9116175
9127504
9127972
9132574
9133734
9141534
9147230
9155282
9157965
9165859
9168938
9169045
9169152
9171326
9198529
9205032
9221550
9315839
9324004
9513499
9820275
10271857
10402481
10523791
10828802
10950045
11104872
11116267
11269429
11727772
11820113
11933876
12026176
12139308
12357828
12400242
12401072
12405416
12413550
12421737
12427442
12427486
12428196
12430920
12435890
12438604
12444275
12452669
12454070
12455028
12461962
12467036
12480903
12486039
12488345
12494060
12503208
12507015
12519035
12531674
12539163
12544432
12569524
12571918
12584098
12594565
12609871
12629808
12631671
12632789
12637011
12650966
12656932
12658767
12674249
12675496
12680070
12684264
12685819
12691242
12702793
12733766
12738092
12744784
12745475
12752126
12757077
12757592
12758060
12771833
12789272
12791050
12796538
12808696
12816868
12823261
12831193
12833345
12842393
12850882
12859219
12976335
13007440
13010770
13014716
13024213
13028567
13029246
13032082
13033383
13044727
13062100
13072970
13085669
13120104
13123710
13128256
13134203
13134373
13143364
13143895
13147712
13148639
13153433
13174638
13193639
13196652
13203287
13224163
13231030
13232337
13238909
13246989
13250323
13264604
13270696
13273278
13305385
13310261
13318527
13321916
13325476
13332048
13334203
13354262
13354608
13355619
13358959
13365993
13366832
13369637
13380425
13383045
13384707
13385826
13395530
13402599
13408825
13408945
13409520
13411797
13415608
13445409
13447891
13453716
13460816
13463165
13474017
13475590
13495810
13496196
13500956
13501226
13502624
13520710
13525934
13526516
13532896
13540354
13545899
13546499
13554554
13557768
13563627
13565694
13571544
13592929
13596463
13599514
13605392
13606554
13610695
13618913
13627408
13637992
13638598
13644863
13660388
13691515
13696350
13707983
13708593
13726739
13727091
13729456
13735083
13741366
13743282
13748303
13751108
13765924
13772037
13773973
13777752
13780180
13780495
13781877
13783457
13792527
13796049
13797418
13801311
13802244
13802659
13810632
13814936
13817766
13824106
13826211
13828212
13828837
13832296
13834916
13841932
13847687
13852845
13868745
13869169
13869929
13870250
13871321
13890604
13893199
13903058
13904625
13906912
13913296
13949600
13950964
13951331
13954090
13956543
13965249
13965292
13965308
13967793
13974224
13974604
13981399
13995050
14000123
14009429
14025338
14025583
14034112
14036644
14037590
14044564
14045193
14053197
14058906
14063558
14067159
14070350
14073165
14074523
14079772
14091267
14102743
14109712
14116321
14125696
14128241
14159949
14160835
14175468
14181597
14182508
14187526
14191980
14193152
14194223
14194280
14203158
14216237
14218147
14219300
14220148
14223123
14230820
14231527
14233270
14234166
14239557
14251777
14255387
14257929
14271504
14272999
14278060
14280068
14280331
14283800
14284478
14288075
14289957
14307120
14309064
14321263
14325055
14326123
14327757
14329177
14331747
14332787
14338052
14340348
14345431
14346119
14346606
14347235
14360703
14362792
14372528
14389932
14392571
14399520
14413035
14423522
14437508
14440571
14443996
14453794
14455507
14460731
14470228
14470659
14472754
14475151
14475650
14480950
14481418
14483680
14490724
14492430
14494092
14494692
14496847
14501311
14503733
14510887
14513984
14515373
14517726
14521621
14522341
14525074
14530050
14535165
14549440
14560461
14564514
14566612
14567250
14586967
14589238
14590601
14595666
14597016
14615536
14617035
14617233
14618706
14619234
14620349
14627245
14642965
14648755
14652296
14669691
14678101
14686404
14689653
14691839
14700510
14701427
14704657
14709709
14716777
14731797
14732598
14747961
14761300
14764052
14764325
14771595
14775525
14779201
14801500
14803136
14808732
14808920
14814182
14816809
14834703
14842469
14846305
14852792
14861721
14866565
14885631
14889527
14897821
14900271
14907535
14913111
14914528
14914936
14922872
14931876
14938193
14942202
14946475
14968202
14973618
14975871
14979901
14983147
14983944
14985713
14989144
14993683
15001848
15006884
15008521
15008823
15010843
15011832
15011842
15013177
15034474
15038916
15041590
15043465
15046343
15056606
15059421
15063948
15065387
15071165
15075688
15083363
15085446
15087476
15087922
15088157
15099536
15111317
15122498
15128404
15140848
15149607
15155626
15156845
15158994
15161787
15165689
15168171
15177410
15179465
15179747
15193872
15195974
15199301
15200937
15203454
15205772
15206875
15210755
15215744
15217465
15219570
15222061
15235288
15237851
15247040
15251495
15252032
15259814
15263028
15264244
15267250
15267828
15269773
15277570
15279958
15287733
15291550
15296608
15300048
15300381
15317230
15332102
15337226
15341706
15347109
15354099
15358963
15366245
15374796
15383756
15392132
15402263
15417585
15418782
15425235
15428106
15429900
15433962
15452362
15461105
15464822
15465761
15468595
15469006
15486794
15509797
15521377
15522420
15540339
15540754
15552312
15552997
15555868
15573568
15579911
15581026
15585120
15593165
15610714
15624537
15639802
15642648
15656795
15660973
15663462
15667882
15669917
15675462
15676144
15687363
15690140
15697498
15700520
15705091
15715266
15731565
15734823
15734926
15750597
15753195
15753807
15765808
15768585
15776930
15778161
15785924
15787341
15794287
15806193
15813391
15820617
15824653
15825957
15830582
15834521
15846547
15857464
15865026
15870496
15882911
15889772
15902043
15906897
15907466
15909027
15909096
15910648
15910680
15916696
15920177
15924732
15929375
15938869
15939787
15943000
15951483
15960009
15961175
15968196
15974011
15974046
15980498
15981224
15986116
15988227
15991387
16004177
16007981
16011126
16012791
16015081
16018678
16019065
16021540
16022923
16025957
16042096
16045699
16046585
16050286
16052146
16059616
16069292
16069534
16072258
16075918
16083785
16097124
16097479
16109150
16112826
16126243
16127245
16130227
16131493
16147044
16154210
16157100
16166927
16181183
16189537
16191233
16208713
16247135
16278347
16279346
16279613
16289911
16292726
16310714
16329005
16329096
16344879
16367087
16423183
16430761
16437930
16468991
16469509
16469572
16483160
16494494
16505163
16512618
16532432
16562095
16578705
16579855
16606433
16610432
16626649
16696307
16702188
16706778
16726419
16738313
16779101
16782151
16786418
16821905
16826646
16828424
16831283
16832360
16836821
16843199
16863503
16869023
16879154
16882692
16883219
16896238
16898598
16908497
16914632
16916209
16921638
16944606
16960116
16999166
17015440
17016734
17026269
17070967
17076858
17084841
17087373
17170320
17197548
17213690
17217300
17240620
17249030
17281112
17290021
17297143
17299600
17304765
17329329
17329907
17336341
17336498
17337516
17340821
17348153
17349199
17380917
17388523
17405654
17424733
17433331
17447311
17457537
17464882
17470512
17475985
17484511
17485334
17487162
17504127
17504777
17505415
17508396
17514438
17514447
17532715
17539055
17541556
17553541
17559152
17568548
17582010
17584677
17585387
17591212
17606986
17608400
17611199
17612682
17613856
17617985
17630042
17632159
17634566
17645712
17645803
17657179
17660958
17662316
17666324
17681118
17687134
17688092
17690386
17695453
17698284
17703753
17711522
17712072
17713351
17718421
17721717
17726991
17732514
17734362
17735599
17735703
17739297
17752627
17754452
17770402
17770716
17787093
17789044
17797281
17797439
17800090
17808308
17820479
17823065
17842819
17861986
17869940
17875403
17877936
17881498
17897655
17905930
17911004
17912446
17948625
17950946
17953607
17961050
17965237
17967659
17975206
17981834
17988146
18000646
18003747
18010511
18020523
18030771
18032119
18042693
18049545
18053098
18074097
18085133
18104586
18113992
18114124
18118512
18126414
18133454
18140036
18140843
18144431
18145860
18146843
18148468
18168806
18170368
18170795
18171835
18174279
18187587
18195946
18198124
18205638
18209502
18211500
18215729
18224620
18238053
18244402
18244993
18262061
18267735
18269611
18272548
18275787
18276293
18276842
18277421
18282350
18282711
18284338
18285136
18288608
18289381
18289824
18294479
18298293
18298739
18300125
18303882
18318657
18324007
18332402
18337780
18338493
18346580
18353808
18353896
18359306
18362127
18363023
18367556
18369664
18379529
18380028
18380612
18389289
18393644
18405670
18411136
18412302
18416543
18426536
18430828
18433724
18437541
18439206
18444889
18448923
18449617
18453472
18466906
18470522
18472548
18475488
18475683
18482073
18487668
18499669
18518893
18521302
18531201
18534541
18537849
18538122
18540931
18541760
18550620
18553843
18559592
18572674
18579152
18587612
18588086
18589641
18594351
18595899
18597941
18599874
18601972
18604416
18606210
18610024
18613027
18615921
18616339
18629891
18630605
18630658
18631437
18637969
18638418
18645863
18651226
18653124
18654930
18657051
18662046
18664144
18667701
18671068
18678734
18680248
18686073
18686255
18689019
18691633
18691636
18698843
18699625
18699666
18702296
18716028
18719270
18737199
18741283
18743196
18744698
18749888
18756592
18757013
18758728
18766136
18767795
18780188
18781319
18782306
18784068
18785975
18790059
18791592
18810172
18819003
18822465
18822672
18831374
18832204
18832835
18835088
18841563
18842046
18850777
18851754
18852806
18862156
18874716
18877650
18878479
18886220
18886283
18887285
18891285
18896575
18899362
18906521
18912836
18914105
18915202
18916499
18919279
18926785
18929065
18934481
18934745
18935433
18937523
18938305
18939373
18941688
18954905
18954924
18960695
18966032
18973893
18978517
18979997
18982548
18983896
18984885
18988718
18991756
18993738
19005469
19006427
19012302
19027419
19030712
19034403
19041192
19041283
19041616
19044575
19050491
19066909
19067157
19068059
19070981
19074003
19075281
19078244
19079026
19081423
19087119
19087304
19087358
19092441
19100662
19103845
19145380
19163142
19170770
19174779
19183927
19187600
19199927
19202139
19205095
19206273
19214884
19220633
19220926
19223502
19223957
19234252
19243778
19246897
19250321
19256014
19259357
19260177
19264682
19264713
19267801
19269561
19270302
19271263
19272495
19279111
19284188
19289390
19290835
19292997
19294568
19302918
19308347
19316220
19324934
19333282
19335534
19335562
19342301
19343884
19346677
19353451
19356690
19361267
19363117
19364333
19376466
19409597
19415821
19425647
19428729
19432213
19454073
19456074
19457667
19459539
19462225
19462363
19467277
19467660
19477942
19481335
19484709
19484879
19485259
19486689
19488200
19490886
19502038
19503754
19506521
19511306
19517966
19520916
19521488
19524495
19532977
19540960
19543234
19544095
19544909
19547205
19549030
19554933
19555694
19565414
19572900
19580239
19583070
19585297
19588951
19594662
19595017
19595648
19598341
19601467
19605563
19612051
19617168
19624331
19625823
19625839
19629895
19632034
19633467
19633721
19638892
19639238
19639263
19646709
19650306
19650318
19651167
19652656
19655383
19658845
19659753
19661173
19669055
19680173
19680616
19681006
19688379
19695290
19698259
19699777
19709468
19710992
19711803
19714680
19720634
19725057
19745261
19747497
19754849
19761104
19769677
19772376
19774383
19774440
19776513
19777829
19782331
19789466
19792372
19796767
19797197
19804250
19806022
19808328
19823957
19837042
19845396
19845575
19845726
19847541
19855578
19856922
19864019
19865137
19868087
19873299
19874949
19877638
19900339
19904681
19909249
19931720
19936122
19944975
19947026
19960909
19974025
19980211
19983544
19995353
19997182
20006286
20011875
20012978
20013188
20013317
20014539
20017288
20051805
20057516
20062612
20072241
20076752
20085831
20088147
20088926
20089466
20098115
20101794
20119811
20141331
20141428
20148317
20156486
20157334
20160780
20164415
20168873
20170252
20200053
20229276
20230703
20231001
20231579
20240253
20241664
20253231
20263306
20279828
20283142
20288436
20291574
20292809
20292978
20295825
20298328
20308360
20310113
20315057
20315579
20327844
20334429
20343724
20349778
20349797
20352241
20358616
20360689
20362942
20363699
20365420
20377204
20378917
20380387
20382467
20385090
20406635
20423713
20443577
20447608
20450953
20465970
20470425
20475112
20487723
20492903
20493120
20499642
20524847
20528808
20529675
20530417
20531029
20536942
20538227
20538918
20545650
20553869
20555399
20559627
20560491
20561192
20562715
20565976
20572033
20577060
20577999
20581254
20587198
20588291
20592831
20594885
20596280
20620398
20620979
20621347
20625789
20632396
20636596
20640668
20646876
20650313
20657859
20658886
20670679
20684056
20686397
20688169
20691848
20695561
20698643
20699827
20700204
20702215
20704602
20706459
20707166
20707898
20731061
20743791
20748013
20757020
20757350
20758785
20758870
20761245
20763074
20765662
20784779
20794436
20797135
20804508
20810355
20811960
20812560
20817785
20824225
20828067
20831586
20840514
20845603
20849392
20852273
20854818
20857708
20858632
20863749
20874022
20879353
20884487
20884974
20894204
20896544
20903135
20903757
20921206
20925095
20925698
20926729
20928903
20930508
20945676
20954488
20962138
20965754
20967048
20977220
20989611
20996362
21002187
21010619
21018988
21020486
21024363
21026267
21026568
21037552
21044846
21058214
21058858
21061522
21064092
21068515
21084358
21095655
21106987
21107559
21107650
21108222
21134090
21134988
21137749
21138268
21141576
21142415
21149471
21156951
21160890
21169869
21170629
21171424
21175829
21179322
21193318
21193359
21195878
21196092
21202231
21202435
21206843
21209670
21212937
21215290
21221244
21231850
21232026
21234228
21241846
21242848
21243197
21245390
21250470
21252151
21254991
21260350
21262411
21262568
21268038
21280299
21285571
21287157
21295809
21301860
21305721
21306808
21307122
21318762
21324831
21334316
21343822
21348626
21350190
21351676
21352195
21361440
21366608
21372018
21374594
21375530
21384324
21390029
21393265
21395765
21403110
21406975
21411982
21415868
21427379
21427477
21428479
21430188
21436041
21441428
21453769
21457183
21458732
21464082
21464199
21465851
21469385
21480076
21483425
21485599
21486052
21486777
21506283
21515403
21516654
21519456
21520609
21526060
21528648
21549970
21550728
21553112
21555873
21576482
21601775
21603151
21606698
21607433
21608263
21613248
21614203
21614989
21616233
21617892
21623411
21625821
21626911
21648579
21653476
21662009
21663394
21669219
21673784
21674886
21675166
21678132
21683504
21689331
21694688
21695165
21720578
21724282
21731253
21733449
21736631
21739138
21750772
21753316
21757385
21759059
21768584
21778116
21784503
21786372
21788163
21794983
21800446
21803648
21818520
21822720
21829098
21832205
21857806
21859474
21866659
21867567
21867783
21870325
21874104
21875053
21879222
21882649
21887915
21887962
21888194
21892106
21893551
21894066
21898364
21899048
21903224
21924288
21928768
21933615
21933948
21943948
21951152
21967265
21968886
21971905
21972694
21974466
21976033
21979081
21985515
21985646
21990016
21990205
21991248
21994986
21995825
21998788
22003742
22004685
22005859
22014191
22015492
22023207
22024128
22024357
22025070
22035934
22049568
22066436
22068481
22076508
22089668
22099960
22113010
22113318
22117172
22127785
22131467
22149440
22160162
22177274
22177994
22178509
22181610
22184390
22187956
22192693
22203833
22203843
22209868
22209925
22210050
22216484
22227646
22230355
22232535
22239713
22241312
22241350
22242654
22244112
22247859
22253411
22273687
22275468
22306702
22308568
22319067
22319117
22319802
22319934
22325985
22326462
22337549
22338909
22339198
22341561
22343031
22343904
22356703
22358500
22372933
22376338
22380513
22387004
22388414
22389241
22390293
22390296
22395213
22396768
22399922
22400623
22411562
22414436
22421410
22425777
22426654
22432984
22448636
22451705
22459128
22470162
22471073
22480893
22481299
22488732
22495910
22500959
22501763
22501892
22512419
22515426
22518596
22528784
22528844
22531470
22547536
22554196
22555600
22557580
22571315
22579244
22580881
22581368
22583922
22586212
22588707
22596894
22598552
22599033
22606651
22614955
22618734
22620481
22630047
22632054
22640018
22641482
22641510
22644580
22645855
22649942
22655531
22658887
22662477
22666178
22673190
22683614
22684396
22686454
22693146
22697820
22705555
22714612
22722086
22722648
22722812
22728190
22729142
22740691
22742711
22743235
22789652
22827037
22833019
22840625
22843725
22855359
22876938
22879766
22899687
22913095
22914358
22915303
22915426
22919507
22920977
22921272
22922099
22927219
22936500
22940681
22947024
22948991
22954950
22955208
22955516
22976411
22978459
22986684
22990535
22995062
23000079
23000422
23006089
23011543
23012784
23013048
23024873
23028153
23029029
23030147
23030204
23030713
23040901
23052984
23055334
23056059
23057313
23059908
23063451
23066690
23072452
23078889
23083454
23083762
23086234
23089643
23090262
23094547
23099137
23108470
23121505
23124081
23137138
23142588
23142635
23157702
23158419
23161925
23169929
23173473
23181000
23184302
23184368
23185110
23186338
23191346
23202985
23214876
23215514
23225903
23241426
23242516
23242758
23249534
23252409
23261988
23285015
23306394
23307280
23324725
23324823
23331423
23337131
23339409
23344153
23345846
23352981
23369999
23376096
23377604
23378698
23391588
23396639
23401817
23404936
23405122
23419513
23426510
23427571
23437200
23444467
23446025
23446757
23455447
23465390
23472493
23476552
23480024
23499244
23503205
23518741
23527308
23534009
23543235
23547558
23554014
23561011
23577670
23577912
23592169
23600073
23615275
23616268
23617261
23620924
23621659
23624552
23625847
23626444
23638944
23671771
23700384
23752462
23761102
23795257
23797422
23800579
23804104
23806840
23810459
23815219
23820783
23831470
23845454
23846277
23861303
23862113
23869217
23869839
23876379
23877693
23882452
23883228
23883866
23884497
23886715
23888666
23898983
23900856
23908766
23921188
23931791
23940455
23947492
23956471
23957759
23962261
23974884
23978051
23987925
23998594
24002907
24025778
24033789
24034090
24040251
24042058
24044524
24052086
24053653
24059371
24060511
24068180
24069612
24072204
24077636
24078023
24082364
24083536
24084309
24085421
24086068
24094510
24106237
24117242
24118628
24125313
24134643
24136177
24136877
24139516
24150502
24160521
24163945
24165949
24170866
24185295
24192471
24197120
24202175
24207409
24208581
24210639
24216303
24217151
24226375
24226959
24227851
24231448
24235715
24265261
24272980
24276549
24300026
24307126
24335985
24344486
24345649
24350317
24355507
24357728
24365789
24369028
24369776
24390806
24391575
24391934
24432843
24440327
24447160
24449280
24455991
24456289
24462396
24463851
24467102
24472094
24476003
24495920
24497158
24500341
24507133
24508465
24509721
24514361
24517000
24519344
24530852
24532074
24545699
24553518
24554313
24557816
24562912
24571809
24582195
24583788
24594918
24610865
24611675
24612291
24614892
24619124
24628992
24640566
24641360
24644134
24645642
24647980
24662462
24663345
24675645
24678010
24678802
24679141
24690501
24690611
24694475
24699373
24699873
24704494
24706272
24706608
24707170
24713187
24728477
24750556
24751888
24760731
24762431
24770474
24779949
24781274
24784237
24792707
24799364
24799879
24800033
24801123
24802590
24805207
24815898
24817208
24819190
24821012
24824952
24832862
24849305
24850694
24852020
24852485
24854288
24905342
24922734
24954021
24956173
24956314
24985450
24987715
24992091
24994868
25000718
25003322
25004692
25014249
25017516
25017645
25021660
25029598
25031571
25036218
25037355
25043560
25046764
25063355
25063411
25064366
25065680
25078302
25081428
25084714
25087190
25088393
25090442
25110541
25111773
25118172
25127088
25143120
25144640
25155265
25158470
25160989
25166732
25170555
25174118
25181601
25189084
25189449
25204805
25215816
25218267
25232187
25232306
25234581
25235731
25241056
25241659
25243264
25243729
25251467
25256189
25258523
25268052
25277476
25282453
25292038
25295182
25307384
25316884
25317384
25317428
25320240
25320472
25335385
25353644
25357361
25361957
25363741
25367009
25371755
25376619
25383112
25386420
25390715
25392336
25398984
25401877
25412562
25413385
25429630
25434509
25435662
25445834
25453921
25456616
25458102
25460565
25518933
25526287
25527698
25532715
25550980
25570571
25573524
25578381
25606806
25610752
25613155
25615163
25615430
25618619
25622178
25624393
25628031
25629303
25632728
25640280
25641480
25643082
25643271
25645319
25663688
25665274
25673461
25679525
25687652
25694997
25695226
25697576
25698019
25700847
25702260
25707296
25715106
25715904
25716837
25718490
25722203
25722813
25733193
25741028
25746711
25759821
25761775
25765155
25775098
25775416
25784887
25785186
25786417
25793100
25796084
25800966
25814663
25823834
25847798
25869443
25873942
25900847
25904541
25905386
25915505
25919476
25922653
25925973
25927214
25932071
25944446
25986571
25986798
26009433
26018628
26022492
26030262
26034343
26049231
26069459
26076295
26096951
26100910
26101626
26105251
26109756
26112188
26112851
26113709
26124010
26129863
26137167
26137858
26147129
26150930
26166858
26167402
26169538
26173125
26179877
26184096
26195927
26200863
26202430
26203181
26206967
26209791
26211117
26217136
26218097
26218412
26226426
26234889
26235558
26240601
26242693
26260600
26263943
26268866
26281664
26285836
26292198
26298462
26300175
26304029
26305195
26362909
26383373
26406769
26413394
26427535
26427987
26428487
26432791
26435313
26443475
26453528
26460339
26467986
26478774
26480505
26482692
26485792
26485975
26495956
26505248
26519335
26555533
26562152
26579616
26595120
26602540
26609955
26612631
26619247
26619376
26630010
26661464
26662259
26663035
26670414
26690555
26694005
26696860
26700652
26705713
26710394
26739099
26739275
26778683
26846667
26881058
26886022
26892657
26900096
26900963
26904589
26905044
26922109
26932631
26957248
26975011
26985604
26986236
26994222
26994737
26997002
27001020
27003483
27007174
27011302
27020159
27020667
27022304
27027956
27029583
27029803
27029963
27049146
27055904
27085475
27087536
27120834
27133975
27135015
27137016
27141870
27142941
27164232
27171178
27173779
27176267
27184282
27194573
27196063
27196697
27202409
27218679
27227422
27229360
27230592
27231374
27246510
27253409
27256523
27259608
27260060
27263663
27265947
27268373
27271370
27273971
27275058
27276773
27279701
27286889
27308695
27310128
27327356
27329700
27332445
27332841
27349586
27356409
27356557
27361848
27391008
27391174
27391727
27393584
27397401
27403467
27407511
27420357
27428141
27447010
27468857
27474084
27481856
27488278
27488520
27492425
27499641
27505864
27506031
27512063
27512942
27515676
27521598
27542728
27548867
27552841
27577163
27586776
27589189
27594806
27604451
27617869
27621657
27634403
27635807
27638455
27639153
27646350
27649878
27653972
27655376
27677386
27683311
27684662
27705362
27712094
27715663
27720693
27723602
27724394
27739630
27754540
27757550
27760073
27761307
27761311
27774015
27774998
27795573
27796628
27797065
27797835
27799707
27803992
27804991
27814567
27820124
27823448
27830378
27830617
27839649
27842225
27845612
27865602
27898526
27992770
28005689
28009057
28014360
28028035
28057660
28062520
28067119
28075922
28079752
28103185
28117250
28121315
28123244
28124303
28130250
28131651
28134792
28135349
28137714
28151647
28151817
28154050
28154738
28159888
28162479
28170195
28175005
28219553
28237039
28244805
28246702
28249219
28251119
28256623
28258628
28261295
28262492
28264028
28275891
28281948
28282865
28288438
28289239
28289708
28291552
28309487
28318447
28324152
28334205
28338402
28338694
28356972
28357195
28357641
28359514
28366124
28369187
28417837
28417972
28419462
28422920
28425575
28425943
28430215
28433646
28442766
28451773
28455298
28462608
28469802
28473456
28474615
28476428
28483660
28484056
28485727
28487615
28492626
28494615
28495743
28498306
28509038
28509226
28512245
28518723
28524843
28529282
28530178
28532405
28547585
28561961
28567214
28569281
28590210
28592824
28599710
28606635
28607948
28617184
28624011
28625437
28626028
28636543
28639866
28646335
28646354
28646627
28658326
28668593
28668869
28669645
28670198
28678348
28678498
28683695
28689896
28693496
28697182
28700311
28704985
28716160
28725352
28727548
28739279
28742775
28750375
28753429
28756661
28757381
28762888
28766432
28766435
28770764
28776921
28789384
28791392
28795633
28805133
28809855
28822179
28827269
28830319
28834567
28835880
28845817
28847522
28857186
28859998
28868543
28871832
28872753
28887113
28889343
28911096
28924334
28930680
28938849
28949354
28956118
28959247
28963309
28964013
28968025
28971465
28978203
28979564
28983176
28983308
28989739
28989947
28996453
29004750
29011831
29015657
29018475
29020206
29020637
29044566
29045540
29053419
29055999
29062461
29067918
29070582
29072712
29083255
29086770
29098489
29100292
29100323
29100678
29101417
29109142
29110248
29114841
29122380
29126857
29138245
29144117
29144205
29146913
29159253
29169460
29169856
29173629
29187983
29198247
29199748
29200270
29202039
29206299
29207709
29215120
29223357
29226722
29228990
29232349
29234070
29248173
29252062
29253275
29262492
29264874
29268169
29274132
29275555
29278734
29279702
29293607
29304706
29311306
29312663
29316556
29316823
29317564
29324605
29340586
29346040
29353322
29362970
29365593
29372486
29378791
29379799
29389431
29391948
29401366
29420957
29429600
29433078
29435035
29439951
29441783
29442213
29448773
29456391
29470708
29478631
29485602
29485850
29498470
29504250
29508155
29515328
29520533
29524696
29544733
29547962
29550564
29552430
29553039
29555666
29556495
29561088
29573152
29574842
29583736
29586183
29589765
29590842
29592127
29596224
29598646
29605975
29609604
29627473
29629459
29634875
29642688
29643907
29650771
29656165
29674578
29689585
29697304
29706619
29708457
29729606
29731695
29732471
29740165
29742405
29748933
29749357
29760755
29764714
29766636
29767506
29804703
29815874
29819010
29822704
29823069
29840115
29842845
29846087
29850573
29857576
29861123
29862986
29864877
29869052
29869812
29876180
29877563
29884930
29886064
29888100
29893233
29894248
29901018
29903280
29912921
29917188
29922038
29926543
29946219
29961563
29964519
29969272
29982577
29983450
29986878
29988373
29988517
29992532
29992737
30001872
30003324
30024517
30025921
30029292
30031802
30034733
30040011
30040077
30047928
30048396
30051035
30051993
30059894
30066825
30073102
30081417
30107128
30109541
30126480
30128962
30141953
30143310
30144655
30144893
30148770
30162031
30173727
30176030
30179294
30185363
30211332
30213402
30213946
30227432
30233172
30237583
30238321
30247476
30262851
30268967
30274286
30285313
30293007
30297773
30298825
30302535
30303029
30308269
30314373
30324360
30328906
30331372
30349556
30349977
30354695
30359430
30360730
30367994
30373026
30381063
30387874
30394688
30406481
30409990
30418432
30420496
30431721
30432714
30447853
30462643
30464971
30466957
30469938
30471764
30472329
30474679
30494650
30503151
30532412
30546131
30550294
30552669
30556037
30565370
30570315
30579181
30582489
30587390
30589985
30590428
30594992
30595404
30596108
30602451
30613939
30635949
30647815
30654588
30661710
30669687
30672137
30672910
30677431
30679844
30710606
30712306
30716641
30718259
30721495
30726729
30734168
30749606
30751827
30754362
30755006
30763803
30765452
30770903
30787035
30791348
30794590
30803136
30813242
30822610
30823242
30829575
30830125
30832849
30833681
30843967
30847686
30848054
30861641
30863200
30869332
30879055
30925482
30929214
30931909
30942786
30945688
30964868
30979294
30985866
30995612
31003126
31003701
31006821
31016371
31020606
31032283
31045736
31051777
31055465
31058415
31063395
31070708
31085408
31096749
31112042
31113487
31117191
31121765
31124269
31124395
31126974
31134938
31143112
31168409
31172703
31181082
31183171
31183215
31186372
31189036
31193098
31195480
31207766
31212488
31213129
31237508
31247363
31248529
31278773
31280680
31282184
31285741
31285848
31294550
31295172
31296582
31298103
31300214
31302369
31317194
31321018
31322893
31326654
31331410
31337722
31345943
31349550
31350486
31351098
31365452
31366875
31367014
31371531
31382599
31388015
31394179
31396730
31405451
31413717
31422651
31424147
31426927
31429230
31429538
31431743
31441246
31447341
31449506
31450794
31453750
31470165
31475361
31475747
31480834
31496482
31502853
31510999
31515941
31528300
31533471
31542635
31543427
31544655
31548394
31557488
31557831
31559518
31560404
31560687
31565581
31574890
31584173
31584368
31599410
31601348
31602137
31606667
31613927
31617534
31620656
31626299
31626434
31627389
31644743
31652446
31654045
31654762
31655098
31658126
31661802
31663542
31666627
31670825
31673511
31692615
31696780
31697117
31702753
31713930
31732199
31738821
31748651
31761271
31761664
31763743
31772804
31774620
31782672
31786891
31795854
31800500
31803205
31806450
31810990
31811948
31819529
31819997
31820726
31827037
31839239
31845582
31867523
31869351
31878789
31880243
31884016
31892008
31903843
31915322
31915633
31917374
31921137
31942286
31945843
31946421
31957350
31968098
31968201
31972018
32005769
32017974
32019105
32023908
32030270
32032422
32050188
32067102
32067114
32071711
32075763
32077984
32079612
32087692
32111530
32114942
32118055
32123795
32128504
32130801
32135680
32137134
32140474
32144916
32159349
32181465
32187717
32188807
32192276
32205508
32209281
32209947
32210440
32214480
32216956
32217528
32217622
32221480
32229560
32237555
32243358
32244734
32245780
32246220
32246691
32261111
32270291
32283322
32284195
32287679
32291286
32305445
32324647
32327741
32330191
32334247
32334313
32334448
32339421
32341630
32352550
32354215
32355861
32378129
32386951
32399756
32404943
32406133
32406708
32415090
32424301
32433785
32435205
32438812
32442324
32478892
32483473
32490306
32494695
32510472
32522334
32524678
32540191
32543848
32550973
32574884
32587133
32593438
32597736
32606724
32607220
32617694
32625881
32641737
32652170
32652173
32652890
32656374
32671460
32676464
32676580
32680256
32682823
32689015
32690510
32700510
32701198
32705662
32712922
32717820
32717996
32720189
32731018
32734986
32747637
32750807
32755717
32759591
32759920
32763549
32764435
32770055
32772034
32784324
32786464
32792860
32800617
32812797
32815231
32816124
32821386
32829906
32836692
32839915
32846861
32854476
32861523
32867027
32874623
32877479
32881651
32881861
32882864
32883033
32883479
32889675
32890529
32918514
32921782
32933032
32937131
32950559
32975836
32975842
32978079
32979612
32991230
33003827
33007478
33018518
33033685
33039840
33041787
33095461
33098989
33124176
33151174
33154677
33156151
33168937
33174915
33182034
33193325
33207048
33211955
33215665
33220626
33225093
33227616
33232105
33240367
33251398
33252290
33255661
33257285
33258435
33263662
33265431
33268337
33270586
33273989
33275179
33276577
33279260
33284478
33285550
33287988
33289719
33294114
33299998
33307268
33315059
33319944
33333409
33358507
33359660
33370775
33373690
33374680
33374975
33392081
33393523
33394855
33399555
33402983
33403758
33417673
33421992
33423277
33427983
33430427
33433327
33434678
33435690
33448152
33451941
33464055
33483498
33492351
33494450
33511902
33525209
33553704
33558636
33570451
33579873
33581246
33588139
33599279
33599602
33602115
33612206
33614833
33622263
33625106
33637088
33637729
33652837
33662114
33662173
33666022
33671520
33687256
33692493
33705455
33710387
33712747
33717286
33727041
33736211
33738618
33744238
33763578
33767156
33773323
33779440
33791293
33794444
33797111
33804057
33809209
33825813
33856280
33856977
33857420
33858444
33858975
33899964
33905257
33908452
33915483
33916982
33932052
33936277
33943946
33954018
33967593
33987746
33991522
33992606
33993731
34012210
34018662
34022888
34029206
34034741
34039014
34052504
34053939
34060078
34060446
34066443
34080765
34081931
34091896
34094563
34098151
34107192
34107576
34112659
34117183
34121251
34131188
34136117
34147150
34153917
34160289
34171507
34195141
34215876
34234785
34236755
34254172
34263757
34265406
34267253
34274068
34279506
34283075
34287762
34288123
34292361
34298745
34299659
34301271
34304026
34310476
34311993
34314560
34317981
34324930
34325593
34336981
34338279
34338671
34342174
34342388
34348627
34352843
34356453
34360210
34380583
34385748
34400108
34403184
34408789
34445375
34447279
34450657
34452120
34456412
34464401
34470185
34474643
34479883
34492795
34494507
34500152
34500586
34503426
34507714
34510915
34513360
34520918
34522612
34525207
34537594
34557653
34567448
34568334
34571897
34586901
34588940
34593700
34601425
34607969
34608204
34611914
34611977
34635250
34638741
34649054
34658906
34661973
34681212
34699910
34702141
34710752
34734949
34739083
34742212
34764291
34776650
34790285
34792022
34799502
34799879
34807168
34812251
34819335
34822392
34830978
34848596
34849497
34854345
34869293
34898107
34918741
34936391
34937534
34938499
34940943
34966434
34970062
34973518
34995274
34996307
34997206
35012860
35020570
35021173
35023180
35030409
35035332
35040890
35043997
35047173
35059048
35059167
35059953
35061611
35071844
35074630
35075202
35085566
35095761
35104629
35104855
35116335
35125379
35127861
35139727
35141706
35141791
35147050
35148674
35152187
35154229
35154282
35158611
35159331
35172051
35191705
35192584
35200542
35205211
35218515
35222939
35224905
35231132
35241009
35244352
35259582
35260562
35271225
35282315
35301375
35307381
35312819
35321220
35334091
35337186
35341326
35371253
35376669
35377357
35382374
35399527
35418534
35419411
35434965
35435552
35453296
35458423
35463409
35480800
35482846
35488497
35493643
35506065
35508101
35508839
35509072
35510278
35511670
35512936
35520626
35526916
35532948
35535049
35559378
35559482
35570392
35575036
35576965
35577411
35578916
35590015
35600969
35602427
35613087
35628342
35629998
35634836
35648807
35700385
35702613
35704303
35717400
35717523
35730956
35743783
35747321
35748712
35752831
35753173
35753491
35763377
35764515
35771080
35792522
35804033
35818701
35823206
35833507
35842244
35854713
35857220
35863688
35865746
35867364
35871536
35898720
35912207
35917485
35922207
35929910
35931226
35931358
35938807
35978064
35981599
35990891
36004403
36023608
36039212
36039533
36048540
36055643
36060179
36062281
36067967
36068244
36069353
36069412
36069425
36073179
36075988
36078561
36087401
36092758
36097297
36102503
36104520
36104645
36115782
36117906
36121208
36121688
36121767
36134811
36143334
36149460
36151182
36158068
36160826
36196942
36204909
36217887
36219876
36236020
36240519
36249297
36249532
36250635
36253818
36260189
36263971
36272190
36274012
36278988
36281910
36296085
36303599
36316247
36316872
36319587
36335373
36339552
36343199
36345838
36380402
36414054
36419043
36422951
36434798
36435766
36437535
36440045
36442574
36447465
36451518
36455059
36458618
36490712
36494193
36497495
36503053
36518123
36522490
36539530
36541644
36544088
36549680
36558037
36560632
36575589
36575850
36578922
36581652
36589585
36590785
36597106
36597338
36600495
36600797
36621836
36624981
36625239
36627611
36630306
36631757
36634667
36634946
36637786
36640460
36641829
36645285
36647214
36649533
36651738
36658605
36659099
36659890
36660937
36663550
36669001
36678061
36687656
36688454
36695928
36699895
36713709
36719395
36724365
36747736
36748417
36749969
36758031
36758913
36762781
36766192
36778897
36781816
36782252
36784052
36789406
36789723
36794200
36794536
36845015
36850196
36857261
36859771
36862294
36868511
36868916
36877370
36878344
36879884
36880634
36890543
36891561
36894816
36900992
36908196
36916602
36921500
36924086
36925449
36930579
36930991
36931968
36932684
36933049
36936721
36939442
36949994
36950821
36966095
36966978
36978743
36981473
36983339
36992142
36996408
37006634
37008541
37010546
37013631
37021447
37042316
37050893
37051147
37114039
37122590
37123652
37124730
37125346
37134924
37144729
37156259
37172407
37174490
37180644
37185856
37197178
37210533
37212094
37217803
37219358
37221774
37255982
37261559
37264016
37267104
37267459
37267993
37269711
37273874
37281901
37282353
37297005
37304658
37306603
37314143
37325145
37340586
37344198
37348795
37351025
37353215
37354848
37363673
37365646
37375690
37387147
37388862
37396302
37396990
37400445
37404464
37405830
37425368
37428660
37435801
37436002
37439976
37441396
37445618
37447547
37452147
37476098
37479284
37485224
37489249
37491756
37494791
37508014
37514272
37516069
37523822
37529411
37531538
37532835
37533574
37543353
37545047
37546269
37556149
37593952
37602233
37635726
37644349
37645220
37646250
37655389
37657604
37663943
37682331
37682633
37685212
37692981
37693949
37694354
37702887
37714451
37714595
37736766
37741990
37752426
37755804
37764644
37766994
37767544
37773315
37787493
37791109
37793119
37794128
37796515
37813549
37814093
37819371
37820162
37823087
37836832
37837419
37845845
37847620
37855279
37856982
37859256
37863570
37863576
37870934
37874904
37876607
37879607
37887794
37891291
37894719
37897797
37902104
37926524
37927821
37933194
37940658
37943099
37948619
37956580
37960387
37962297
37967883
37973701
37977713
37978282
37979645
37980116
38001388
38026766
38029556
38035038
38040378
38054845
38059570
38063940
38074100
38088231
38099321
38112569
38113395
38114790
38119565
38125446
38136429
38137865
38142518
38147394
38157795
38158270
38160837
38162272
38169089
38177386
38181433
38195460
38199519
38207175
38220590
38253988
38258823
38261744
38270403
38274437
38278307
38288533
38291894
38297910
38306562
38307574
38308617
38309770
38310163
38316556
38319305
38332427
38335072
38344265
38385536
38410662
38415262
38419424
38435437
38449995
38465131
38473981
38495718
38495903
38505243
38535619
38538214
38545236
38557632
38557833
38562093
38562863
38575831
38577311
38588451
38589557
38603946
38608922
38611423
38633313
38661506
38662759
38665873
38715607
38759231
38762037
38779812
38799786
38803013
38809374
38814112
38835993
38849596
38853866
38857494
38857570
38871958
38872693
38874094
38883588
38892887
38914404
38922189
38939505
38949665
38956853
39007087
39017671
39020992
39034272
39048578
39050526
39067893
39074939
39074949
39087028
39089117
39091464
39108539
39117992
39132946
39135170
39142273
39146539
39148057
39158594
39164613
39167899
39171302
39172951
39177500
39198357
39200591
39200597
39208137
39217872
39229295
39232729
39234639
39238664
39246027
39259222
39264978
39266784
39272112
39289592
39291634
39294040
39300726
39308049
39310254
39320445
39321181
39323854
39325635
39330429
39347369
39349675
39359461
39369822
39370632
39370705
39376413
39390952
39392460
39403387
39405806
39422004
39423546
39435918
39457409
39472269
39480981
39481813
39483224
39494100
39494750
39495658
39499394
39503302
39512563
39534799
39536336
39548890
39556099
39579187
39587252
39601932
39609057
39642741
39644086
39683538
39694179
39698379
39707772
39710908
39725670
39730628
39730866
39731674
39736842
39737866
39742654
39762056
39771710
39776649
39792024
39805096
39814781
39820172
39836477
39860341
39863536
39869272
39870073
39870450
39871220
39882410
39896714
39907377
39911257
39915878
39921322
39922884
39923458
39932745
39946669
39962389
39975025
39982602
39989756
39992910
39996202
40000512
40005928
40008636
40009271
40012262
40012991
40021146
40025607
40026245
40044429
40053938
40068638
40072251
40079743
40092878
40115444
40116761
40135824
40145758
40164736
40176284
40205014
40210833
40223628
40223990
40225472
40232475
40233838
40237326
40240307
40242434
40259628
40275882
40278788
40281864
40291678
40303799
40306387
40314200
40318589
40334385
40350863
40352188
40360950
40372665
40396337
40403101
40406189
40409406
40410606
40415765
40420923
40421941
40437483
40438727
40449066
40453806
40463470
40481798
40512950
40514244
40523220
40526182
40528627
40543744
40545136
40573121
40574151
40579508
40589363
40614059
40621015
40638739
40653426
40664774
40666269
40667799
40673247
40673712
40681767
40681905
40696849
40703937
40704490
40710654
40712432
40718369
40727090
40731932
40732067
40733964
40739641
40754293
40758962
40762414
40770168
40770482
40772622
40773083
40781302
40781666
40782970
40794943
40798119
40799504
40801056
40802278
40806233
40809651
40811895
40811948
40811954
40815724
40816428
40819475
40822510
40823085
40829808
40837759
40839321
40840229
40840656
40842264
40847680
40847806
40848139
40859229
40864023
40864972
40870488
40871613
40885540
40888282
40893287
40899225
40906340
40911945
40912696
40912912
40925944
40929616
40933842
40934703
40945183
40949003
40960837
40969816
40970099
40970394
40981682
40996378
40998383
41000569
41005269
41009196
41017411
41028225
41033936
41039434
41041975
41044966
41045928
41054319
41055726
41058623
41063181
41070686
41074767
41076618
41085622
41093636
41104509
41112658
41133556
41141988
41147985
41181173
41181393
41197962
41209221
41212174
41240210
41248501
41253920
41260988
41269735
41272942
41277761
41280755
41282112
41295907
41301578
41307663
41308225
41310054
41312903
41317861
41329792
41340813
41344140
41349572
41356603
41369241
41376059
41378883
41380303
41381035
41406529
41409579
41420575
41429387
41454482
41491214
41496793
41509696
41517292
41523123
41524653
41528159
41535548
41535733
41539710
41540078
41544533
41547206
41547640
41550907
41555755
41568827
41573413
41575113
41577642
41582103
41588983
41599853
41603994
41604041
41605464
41629167
41633302
41640213
41643034
41652000
41696850
41697993
41699668
41776411
41781971
41785854
41789455
41797415
41807459
41808109
41811154
41818197
41826962
41827656
41830600
41837995
41840424
41842384
41858381
41880460
41889034
41889407
41890297
41907076
41918901
41947360
42026695
42082628
42085537
42088760
42089122
42090639
42099109
42115740
42118847
42125262
42128005
42139076
42143785
42168940
42186580
42187664
42196511
42209715
42214792
42221442
42235636
42251438
42253298
42260228
42260521
42262472
42280781
42291635
42292480
42298424
42301430
42302191
42320594
42321493
42328904
42332648
42344772
42374557
42385009
42403064
42408530
42410629
42411414
42414462
42414562
42417896
42418401
42421772
42432605
42436396
42442629
42443735
42456053
42457703
42471350
42485823
42508584
42522878
42528461
42530830
42534015
42556396
42569339
42591117
42593994
42613614
42616020
42634980
42635834
42670787
42689015
42694456
42707695
42708565
42708612
42716551
42716573
42721706
42726717
42740418
42743622
42746500
42747731
42750358
42759261
42763889
42765478
42766352
42771607
42778629
42780369
42781522
42791035
42795317
42797755
42808681
42815910
42816507
42819177
42826394
42832039
42836299
42851162
42859773
42860870
42861856
42863835
42868519
42898289
42901443
42903416
42929934
42929997
42933849
42948209
42972745
42973810
42979458
42979901
42987416
42988079
42989738
42990253
42990928
42992559
43021490
43038379
43038954
43049151
43060511
43061479
43065551
43074721
43075057
43076047
43077815
43080178
43091516
43099700
43106115
43111283
43119712
43124908
43127603
43130679
43133902
43133912
43143833
43144668
43146333
43149843
43150276
43158655
43158699
43166405
43173301
43174121
43174416
43180203
43184061
43192694
43192713
43201937
43204453
43236343
43238093
43267015
43270496
43276257
43287564
43296005
43299819
43300758
43301330
43303350
43306969
43312618
43323884
43324462
43343465
43345231
43348350
43350729
43352117
43353550
43353939
43357166
43362629
43375321
43376675
43383741
43397045
43437782
43439959
43453355
43503391
43528452
43532831
43539717
43541398
43552523
43569695
43573339
43577508
43583071
43590137
43599474
43616985
43618926
43620167
43628285
43640437
43645338
43646045
43651024
43662529
43663191
43667634
43674784
43679148
43681161
43685905
43686760
43700033
43716303
43718992
43724776
43731728
43748369
43753179
43753896
43762877
43765837
43768466
43771925
43784426
43790768
43790960
43804393
43806363
43810029
43813089
43827293
43830114
43835542
43838382
43838558
43839215
43839281
43839988
43843007
43844427
43845771
43858910
43863757
43865633
43877759
43884727
43898745
43901073
43902449
43902540
43910008
43912401
43913793
43924760
43925480
43927387
43929599
43931194
43946287
43948787
43950035
43994915
44008478
44010309
44014170
44018386
44029237
44029397
44031320
44041282
44045596
44046783
44063729
44064153
44069308
44071281
44073050
44073952
44077049
44077897
44078359
44079305
44083373
44103143
44106454
44107359
44110422
44119938
44131389
44138153
44147003
44148882
44149001
44155903
44156063
44160550
44168605
44168633
44192192
44192399
44194322
44204299
44264979
44291834
44295440
44298280
44303718
44308421
44311016
44321569
44331295
44333457
44337864
44348495
44353899
44360939
44361919
44364473
44367634
44376075
44380467
44383593
44390382
44391764
44392820
44394149
44403715
44403853
44410507
44413470
44414035
44471093
44476148
44486125
44494061
44498277
44498346
44498553
44502883
44504636
44506681
44507325
44528260
44546840
44549956
44554100
44554141
44561024
44562249
44567851
44576452
44579437
44587040
44590106
44603784
44605946
44618499
44626099
44628091
44628223
44631028
44633331
44640726
44640943
44648869
44651181
44651401
44652118
44652982
44654515
44656984
44659079
44666720
44673060
44679173
44679475
44681017
44681614
44682667
44684636
44688859
44691425
44693480
44699807
44709581
44710149
44712999
44715578
44716033
44725970
44726080
44726702
44733381
44735829
44738779
44751826
44758068
44763079
44764540
44764898
44770970
44774388
44779943
44801962
44808129
44820614
44825238
44864062
44932027
44954578
44974813
45001504
45004325
45026501
45066371
45212999
45225279
45258326
45301205
45360182
45372677
45374973
45376742
45382343
45384725
45397957
45419687
45422596
45423935
45423954
45433982
45440447
45454336
45461430
45473013
45486933
45488463
45508428
45510193
45512148
45513015
45517859
45518849
45522622
45525113
45527469
45529389
45531933
45546598
45548766
45560993
45563481
45564160
45571596
45579161
45581046
45586305
45593515
45610947
45628330
45631603
45634572
45641371
45653456
45747054
45750469
45753284
45763484
45770996
45783323
45783653
45792057
45809964
45812920
45815591
45824167
45829703
45833265
45840494
45840997
45856098
45861634
45869325
45875306
45876883
45917294
45930545
45932892
45952618
45964807
45979949
45983358
45997077
46008459
46012697
46022587
46023520
46023539
46024570
46026125
46030579
46035722
46041421
46041980
46062105
46066683
46070723
46073330
46078438
46078583
46092689
46110819
46117696
46122326
46138996
46142037
46144311
46146256
46154035
46170321
46180415
46181473
46185991
46188268
46196289
46201922
46209798
46221924
46222820
46223216
46225550
46232895
46240859
46247469
46254653
46268630
46278558
46283151
46284351
46288256
46300335
46309729
46317284
46323159
46333998
46337698
46347243
46347327
46351754
46355373
46365209
46369651
46376026
46376230
46390056
46390553
46392503
46398919
46405494
46418007
46423162
46435738
46447048
46447494
46452313
46467110
46470390
46479862
46487430
46489550
46491800
46494904
46496041
46501115
46509314
46517586
46524771
46526668
46541751
46544915
46549313
46550689
46556268
46560538
46568276
46568989
46581784
46582843
46588859
46603128
46681621
46690358
46693509
46699384
46699638
46701771
46703989
46705145
46705503
46708466
46725949
46726056
46735038
46739769
46752071
46762822
46763340
46768920
46769617
46770330
46790411
46791577
46804379
46812135
46814033
46826860
46830787
46837058
46847299
46848465
46854406
46856413
46872074
46874512
46876588
46885711
46885906
46901994
46908067
46914269
46919942
46922754
46928984
46933297
46936436
46938808
46950413
46952012
46952354
46959819
46965282
46967842
46970575
46985809
47004797
47007498
47008865
47009905
47024341
47030869
47033388
47044051
47049985
47050406
47051204
47058188
47063742
47065668
47079743
47088492
47097203
47104850
47110338
47112622
47118714
47138911
47139053
47144239
47151509
47171144
47171490
47173463
47173971
47176274
47183534
47274531
47276347
47281433
47282746
47291231
47308158
47313596
47313700
47329059
47329176
47330853
47347444
47348537
47349656
47357249
47358188
47367054
47375916
47376987
47392274
47397766
47408341
47415510
47416559
47418460
47418758
47436049
47436863
47460045
47485529
47490873
47539414
47546530
47551069
47561449
47567732
47574898
47584329
47592768
47597398
47598998
47599126
47602271
47610461
47621711
47622481
47632421
47635358
47638974
47646338
47673422
47677487
47683572
47703537
47783296
47790917
47792526
47797430
47823307
47834165
47836131
47849269
47851308
47851462
47852200
47853605
47857500
47859068
47864490
47866193
47871374
47872027
47881021
47881200
47884009
47886252
47896711
47898781
47902500
47905139
47911922
48066928
48184515
48586328
48621790
48769747
49102693
49419089
49547423
49558126
49571710
49764959
49771933
49772370
49795678
49827756
49853693
49855148
49855440
49859587
49860727
49866624
49870623
49878543
49880582
49882235
49886020
49903092
49907638
49935636
49937216
49939252
49944112
49945915
49952258
49954834
49957790
49969533
49974283
49979068
50035387
50038058
50044599
50044730
50048321
50049038
50062770
50066533
50071563
50073595
50074032
50078006
50080130
50100698
50108696
50111857
50112649
50115721
50116268
50118043
50127298
50140383
50143254
50143285
50146386
50152638
50155390
50156609
50167853
50170165
50183781
50186143
50186935
50189018
50189501
50193183
50193318
50202049
50202548
50203120
50207022
50219645
50220386
50228137
50231297
50232767
50239556
50275103
50302014
50315841
50351205
50356578
50358883
50362669
50370931
50373913
50390947
50391886
50407207
50409369
50417179
50419001
50423333
50427961
50428130
50428643
50428866
50430851
50449101
50451240
50454727
50457438
50464073
50479656
50482461
50492630
50494764
50502712
50503661
50504528
50511738
50516359
50520229
50534357
50537357
50538900
50540188
50544850
50546543
50553383
50559766
50568104
50582116
50586225
50595480
50597481
50601615
50603356
50619956
50628181
50629368
50643063
50643135
50652161
50652271
50653917
50661981
50663665
50663668
50667005
50670721
50682954
50701116
50735868
50738290
50746807
50750646
50757285
50768839
50787491
50806498
50819959
50823506
50829579
50833346
50834005
50838413
50839302
50842233
50856314
50864149
50865877
50875575
50908094
50920861
50922438
50928288
50933176
50943540
50944046
50945369
50968155
50974698
50976140
50987130
50991459
50999096
51004057
51010079
51015046
51020000
51024512
51034122
51040292
51050716
51064620
51070231
51080086
51096083
51105219
51106435
51108791
51108838
51110063
51121200
51124163
51126356
51132033
51166050
51176640
51178773
51186605
51207032
51215203
51219325
51220739
51243452
51247819
51249996
51268651
51271991
51287051
51288066
51288471
51297774
51309143
51309159
51313359
51318005
51332985
51359317
51360709
51361278
51361410
51364787
51364862
51389081
51389543
51397770
51418002
51435661
51439224
51443396
51450276
51454768
51457461
51463285
51464831
51472468
51478355
51483822
51484994
51494701
51498763
51500940
51502580
51503410
51504930
51513645
51515860
51515973
51517192
51523352
51523981
51527481
51537741
51538888
51547024
51548557
51563571
51582094
51583929
51593118
51617566
51618794
51626676
51634565
51636764
51636846
51659286
51678613
51680096
51680420
51689439
51695546
51700453
51709077
51711920
51719218
51724238
51729375
51730525
51735545
51736670
51742092
51749334
51762767
51763788
51769082
51773200
51792235
51795430
51801047
51805194
51821647
51822781
51848052
51862933
51869430
51896247
51911173
51914226
51931137
51942406
51949440
51955821
51972132
52003843
52005989
52024399
52034254
52065607
52074919
52083074
52121848
52125326
52144395
52179870
52190953
52192794
52193677
52197658
52210303
52215335
52217000
52239381
52271777
52272220
52278541
52281306
52286417
52314179
52339092
52350418
52351228
52358209
52358419
52385669
52395603
52611418
53034911
53388887
53524000
53553214
53553993
53615515
53623900
