4566430
4581534
4587224
4608803
4614377
4615423
4625366
4646292
4654482
4667492
4668626
4672779
4677494
4686319
4696724
4701185
4712253
4714528
4723855
4733990
4746022
4754492
4759044
4764347
4771123
4776203
4777026
4781104
4790268
4792982
4793083
4810786
4811003
4815194
4822614
4825888
4830820
4833578
4842114
4848482
4857429
4861127
4863734
4868242
4871434
4873206
4873278
4875660
4877871
4884610
4886168
4893136
4893328
4895744
4902008
4905982
4921690
4933575
4933808
4942324
4944583
4956279
4963703
4974928
4989269
4992090
5014477
5021075
5038306
5039843
5043543
5052868
5056207
5063062
5084836
5085016
5097378
5103454
5112658
5113079
5118882
5120877
5121848
5121851
5129450
5132070
5138705
5138988
5140615
5146754
5151262
5156930
5157781
5162010
5168434
5177548
5190485
5190680
5193400
5205194
5206554
5212127
5217641
5230399
5241847
5261718
5268623
5277165
5280423
5288867
5294198
5305137
5316262
5322099
5326152
5332469
5332994
5333902
5348049
5353901
5359738
5363028
5372569
5380555
5382066
5391688
5392257
5398239
5398989
5409174
5413478
5422567
5433591
5446091
5447219
5450455
5451944
5452990
5454677
5457580
5471497
5473558
5475908
5507041
5510064
5511732
5515175
5519960
5523274
5531323
5536541
5542796
5552610
5554316
5556477
5563709
5573043
5577067
5578164
5580639
5585685
5587290
5591223
5592069
5594434
5596423
5597123
5604019
5605197
5606187
5607714
5615659
5630292
5631131
5640697
5647819
5656041
5660339
5668626
5669060
5671067
5671557
5672987
5675996
5676562
5683586
5684083
5689904
5690482
5698261
5701314
5704117
5705219
5707742
5714267
5716017
5720877
5729149
5730120
5732868
5734628
5735768
5754966
5760194
5768937
5779254
5784105
5793551
5800215
5801189
5812052
5814632
5822206
5829501
5832338
5832369
5833578
5834537
5841747
5858454
5859654
5861187
5865742
5870756
5874824
5891459
5893448
5898003
5900608
5901735
5918364
5939774
5939849
5945419
5948947
5961127
5961595
5962164
5972798
5973279
5978217
5985977
5993809
5995760
6003064
6022146
6026510
6033258
6038294
6045312
6050081
6073907
6089266
6101387
6104968
6110566
6115813
6129363
6141891
6166430
6167417
6175890
6182452
6194987
6216554
6224663
6235407
6236258
6247929
6283662
6285179
6286040
6297918
6303982
6306426
6311801
6327899
6328555
6330318
6331766
6338875
6342045
6356113
6360725
6370898
6377008
6402420
6402731
6411204
6415436
6417095
6419404
6423042
6423522
6425172
6434521
6444540
6460970
6461354
6463301
6465262
6466845
6467404
6500451
6501767
6507431
6510124
6528769
6536265
6544160
6544367
6547006
6547439
6548052
6548291
6551121
6553996
6565563
6578604
6580831
6581287
6581362
6584620
6596310
6598186
6601330
6602675
6604510
6605392
6608258
6608983
6611113
6637820
6638640
6654480
6658300
6659883
6660609
6667543
6682952
6697441
6704199
6706442
6707808
6713347
6717912
6723347
6732803
6734157
6735926
6743425
6747204
6763666
6770125
6778013
6783257
6785145
6789958
6797397
6802307
6804792
6810328
6810959
6819263
6820915
6855661
6857100
6862139
6866641
6880294
6892345
6901723
6907350
6924726
6949931
6950487
6957034
6957103
6962874
6963261
6971642
6977514
6981812
6985139
6987869
6994689
6995588
7019615
7022103
7022725
7048046
7062755
7074325
7078199
7090583
7094482
7106574
7110391
7110790
7111402
7111808
7120601
7126627
7133598
7154125
7156808
7176788
7178642
7183637
7195198
7196606
7207529
7212549
7216555
7232225
7240556
7242831
7245910
7253729
7266512
7272305
7274894
7276380
7282503
7284331
7285019
7301934
7302628
7304409
7324101
7328333
7328483
7332703
7351599
7356346
7360336
7363286
7366380
7369836
7371426
7372365
7374124
7381815
7384115
7405170
7411305
7415050
7416652
7427161
7429300
7434107
7456016
7459133
7479041
7480895
7483885
7484696
7487432
7501560
7506429
7507102
7517064
7525779
7530739
7531609
7534811
7537374
7544970
7546277
7559491
7564304
7567964
7572158
7589939
7597913
7604205
7618704
7626156
7626344
7634939
7636714
7658464
7666167
7669739
7674489
7677442
7681171
7687033
7687300
7694243
7697124
7708365
7715581
7717522
7726850
7731286
7747358
7755501
7765658
7768624
7769079
7771256
7773405
7778636
7779946
7781617
7783804
7793213
7803392
7804457
7804890
7808669
7809854
7813470
7815760
7822351
7833576
7834531
7834600
7841223
7843764
7851351
7852476
7857531
7859092
7859406
7865124
7871175
7871341
7887957
7908808
7918509
7929077
7938643
7940381
7941974
7950459
7965284
7983301
7987633
7992660
7994215
8003756
8007482
8009794
8012326
8012810
8026850
8030139
8032662
8052228
8053057
8058194
8083826
8085013
8089035
8101475
8102556
8107287
8110680
8112440
8115157
8116291
8121044
8123696
8126008
8159428
8161986
8162476
8166202
8179990
8184781
8185026
8192299
8192362
8192908
8202402
8204410
8205113
8222791
8225647
8235562
8239024
8242530
8244003
8245065
8249934
8250597
8251829
8255222
8258366
8267295
8268765
8278083
8285689
8293420
8302924
8304950
8317400
8320366
8336137
8337019
8347814
8349809
8354867
8356183
8364691
8365445
8371954
8373968
8388102
8388378
8394394
8404240
8404661
8405154
8405663
8408268
8415631
8418833
8428069
8441839
8450688
8452347
8452366
8453673
8460151
8464665
8469610
8476013
8493687
8500112
8505415
8514708
8514928
8523174
8523498
8525041
8540170
8541873
8553906
8554440
8559837
8571357
8573311
8576597
8583923
8584944
8603040
8604086
8607341
8619904
8624130
8626800
8631962
8640340
8649363
8662419
8666459
8674929
8675730
8686138
8691715
8695981
8696760
8699166
8702572
8713948
8714849
8733071
8738418
8740972
8741898
8756120
8756918
8772472
8773148
8773456
8778888
8784539
8804429
8809967
8815459
8816291
8829728
8837271
8837450
8839860
8848279
8851798
8851967
8855379
8855838
8863707
8869768
8878042
8878633
8880499
8887175
8899217
8900096
8907718
8911061
8912735
8919182
8922330
8922641
8934362
8935662
8941848
8945244
8962155
8962935
8973387
8992076
9000828
9008324
9024742
9035267
9040391
9048157
9056874
9056896
9059394
9061571
9065602
9070993
9083440
9084910
9099148
9116555
9118318
9121670
9132574
9133501
9133734
9136954
9141534
9141961
9143743
9147230
9157965
9165859
9169045
9169152
9171326
9192642
9198529
9205032
9315839
9324004
9513499
9820275
10177163
10271857
10523791
10671725
10828802
10950045
11104872
11269429
12026176
12139308
12357828
12398376
12400242
12401072
12401144
12405416
12413550
12419265
12427442
12427486
12428196
12430920
12431115
12435890
12438604
12439663
12454070
12461962
12465810
12467036
12470190
12480903
12488345
12494060
12503208
12504461
12507015
12518259
12531674
12539163
12544432
12569524
12571918
12584098
12594565
12605957
12607861
12609871
12618545
12629808
12631671
12632789
12637011
12637338
12650966
12658767
12663347
12674249
12675496
12684264
12685819
12691242
12695093
12701555
12702793
12733766
12737995
12738092
12744784
12752126
12757077
12757592
12758060
12771833
12789272
12796538
12798345
12808696
12816868
12823261
12833345
12842393
12850882
12859219
13007440
13014716
13024213
13029246
13032082
13033383
13044727
13055707
13062100
13072508
13072970
13082150
13085669
13092357
13093290
13120104
13123710
13128256
13134203
13134495
13143364
13143895
13147712
13148639
13149251
13180293
13195458
13201933
13203287
13224163
13224973
13231030
13232337
13233958
13238909
13246989
13250907
13270696
13273278
13288581
13305385
13306431
13310261
13319101
13332048
13334203
13354262
13354608
13358620
13365993
13366134
13366832
13369637
13373589
13380425
13384707
13385826
13402599
13408945
13411797
13415608
13438705
13443044
13445224
13447891
13473605
13474017
13475590
13481789
13495367
13496196
13500956
13501226
13502624
13504616
13510167
13525934
13526516
13527084
13532896
13540354
13546499
13548573
13553694
13557768
13563203
13571544
13573395
13575993
13586869
13591974
13596463
13599514
13605392
13616086
13637992
13638598
13644863
13669681
13683316
13686658
13696350
13704088
13705963
13707723
13707770
13707983
13708593
13708847
13711449
13726739
13727091
13729456
13735083
13743282
13748303
13751108
13752852
13773973
13777752
13780180
13781877
13783457
13785443
13795084
13796049
13802244
13802659
13805998
13807446
13814496
13817766
13826211
13828837
13841932
13847687
13850888
13863414
13868745
13869929
13870250
13871321
13892920
13893199
13903856
13904625
13913296
13948036
13949600
13950964
13951331
13955733
13955836
13956543
13963172
13965249
13965292
13965308
13965770
13967793
13973932
13974224
13981399
13986128
13995797
14004110
14006796
14009429
14017443
14025338
14025583
14034112
14036644
14037590
14044564
14053197
14058906
14063558
14067159
14073165
14074523
14079772
14088770
14107544
14109712
14125696
14128241
14148139
14150552
14159961
14166169
14175468
14181597
14182508
14190818
14191980
14192882
14193152
14194223
14203158
14205621
14213544
14218147
14219300
14220148
14223123
14226324
14230820
14231527
14233270
14236707
14252550
14253135
14255387
14257929
14268051
14271504
14272999
14278060
14280068
14280331
14280341
14283800
14285493
14298421
14323374
14324970
14325055
14326123
14327757
14329177
14331747
14332787
14338052
14339547
14340348
14344279
14344860
14345431
14346606
14360703
14372361
14375434
14378079
14378933
14380545
14387256
14392571
14392709
14399520
14408738
14413035
14414097
14423522
14435404
14437508
14440571
14453794
14455507
14470659
14472754
14475151
14475650
14481418
14483680
14490724
14493818
14494092
14496847
14501311
14513984
14521621
14522341
14525074
14549440
14559116
14559829
14560461
14560800
14564174
14564514
14575748
14586967
14590601
14595666
14599627
14600742
14600746
14608625
14611672
14617035
14617233
14618706
14620770
14625065
14625187
14627129
14633798
14642965
14652296
14665550
14665780
14669691
14678101
14686404
14688704
14691839
14699379
14699426
14700510
14701189
14701427
14705976
14707667
14709709
14716777
14719385
14732598
14742208
14747961
14761300
14764052
14771595
14775525
14790184
14798430
14803136
14808732
14814182
14825916
14831753
14834703
14838724
14839079
14846305
14852792
14866565
14878952
14889527
14897821
14900271
14903661
14907535
14908147
14922872
14931876
14934502
14937970
14938193
14942202
14950713
14959619
14960772
14968202
14970835
14973618
14976087
14979901
14983147
14983944
14985713
14989147
14993683
15001848
15006884
15007887
15008521
15008823
15008857
15011832
15011842
15013177
15025300
15027408
15028671
15030006
15043465
15043588
15044794
15046343
15059421
15065387
15075688
15081884
15083630
15085446
15087476
15087922
15088157
15100859
15102053
15103234
15106200
15111195
15111402
15122498
15123177
15128404
15140848
15141194
15149607
15152048
15153506
15158994
15161787
15165689
15167228
15168171
15168519
15172503
15175836
15179465
15179747
15188943
15192678
15193872
15199301
15200937
15203454
15204977
15205772
15217465
15219570
15235288
15247040
15251495
15252032
15255152
15263028
15267828
15269773
15279958
15280181
15287733
15288613
15291550
15300048
15300381
15306815
15308078
15312156
15317230
15328612
15332102
15337226
15341706
15354099
15366245
15374796
15375230
15392132
15393266
15402263
15417315
15425235
15429900
15432086
15461105
15461721
15464822
15468595
15469006
15473169
15474966
15478818
15496618
15513413
15540339
15548077
15552997
15565695
15579911
15581026
15583062
15585120
15593165
15600463
15604547
15610714
15612631
15642648
15647986
15656795
15660973
15667882
15669917
15682239
15690140
15697516
15700520
15701880
15705091
15715266
15730327
15731565
15734823
15734926
15747361
15750597
15753807
15762261
15766047
15768585
15791547
15794287
15803985
15806087
15813391
15814085
15820617
15825957
15830528
15830582
15837861
15855768
15857464
15859783
15860832
15861677
15865026
15870496
15870722
15873097
15882911
15886775
15889772
15902043
15906897
15907466
15909027
15909096
15910648
15911701
15912326
15916696
15917921
15918681
15920177
15924732
15929375
15939787
15943000
15951483
15954238
15960009
15961175
15961508
15968196
15974011
15974046
15975375
15979223
15980498
15981196
15981224
15985029
15986116
15988227
15991274
15991387
15996935
16004177
16011126
16019065
16022923
16025957
16027371
16042096
16046585
16052146
16059616
16075918
16083785
16097479
16103187
16106417
16108236
16109150
16112826
16128876
16131493
16133214
16140861
16154210
16157100
16158228
16163440
16164552
16166927
16168642
16169117
16181183
16189537
16191233
16208713
16222348
16236387
16247135
16254436
16255061
16260549
16279346
16279613
16281388
16292726
16310714
16310796
16329005
16367087
16381743
16397680
16423183
16437930
16468991
16469509
16469572
16483160
16512618
16524098
16562095
16578705
16579855
16596854
16606433
16610432
16626649
16695977
16696307
16709621
16710633
16726419
16738313
16763129
16764118
16776543
16779101
16780043
16786418
16793156
16793967
16821905
16825235
16826646
16828424
16836821
16863503
16869023
16879154
16882692
16883219
16908497
16914632
16916209
16944606
16960116
17015440
17016734
17070967
17076858
17112728
17170320
17197548
17213690
17228009
17240620
17249030
17272667
17281112
17283669
17290021
17297143
17299600
17329329
17329907
17336498
17338480
17348153
17380917
17388523
17397109
17405654
17424733
17433331
17462928
17464882
17470512
17474583
17475985
17477738
17483025
17487162
17487420
17493951
17504777
17505415
17508396
17510702
17514896
17532715
17537308
17539055
17546824
17559152
17560349
17563993
17570581
17582491
17585387
17606986
17610262
17612682
17618732
17623765
17624340
17634566
17636752
17640287
17645712
17645803
17657179
17660958
17662316
17666324
17681118
17682393
17687134
17688092
17690386
17695453
17698284
17704466
17711522
17713351
17719323
17726991
17732514
17735599
17736363
17739297
17752589
17754452
17764706
17770609
17770716
17787093
17789044
17797439
17808308
17819156
17820479
17823065
17861929
17869940
17874439
17875403
17876563
17876786
17876937
17881498
17894218
17905930
17911004
17948625
17953607
17961050
17971301
17975206
17977954
17979208
17981834
17988677
17992563
18003747
18010511
18010517
18013904
18030771
18049545
18053098
18074097
18085133
18102952
18103904
18104586
18112814
18113992
18114124
18116690
18117617
18126414
18138952
18140843
18145860
18146843
18148468
18157688
18164399
18168806
18170368
18170795
18171835
18181599
18187587
18195946
18198124
18198353
18209502
18209848
18219486
18224620
18225474
18225496
18238053
18243183
18244402
18254782
18257069
18262061
18267735
18269611
18276293
18276842
18283047
18284338
18285136
18285821
18288608
18289381
18289824
18294479
18294759
18298293
18298739
18300125
18303882
18304319
18304909
18306411
18315980
18318657
18324007
18327230
18337780
18337836
18346580
18348075
18353896
18357654
18358540
18359306
18363023
18367556
18375671
18380028
18380612
18389289
18394618
18400169
18407731
18411136
18412302
18412528
18416543
18426536
18426784
18429778
18430828
18439206
18442188
18444889
18449617
18453472
18470613
18472548
18482073
18487668
18495004
18495815
18499669
18499710
18518893
18520712
18521302
18526662
18531836
18538122
18540931
18541760
18544965
18547959
18576764
18579152
18581621
18582981
18587612
18588086
18589327
18589641
18595899
18597941
18599079
18599874
18601972
18602412
18604416
18610024
18616339
18616665
18627604
18628874
18629631
18629891
18631437
18637969
18648801
18651226
18654179
18657051
18661474
18664144
18664330
18665878
18667701
18678734
18680248
18680440
18686255
18689019
18691633
18691636
18696452
18698843
18699625
18699666
18702296
18708717
18719270
18721211
18731242
18737199
18743196
18745439
18749888
18756592
18757013
18757402
18766136
18767795
18773553
18775297
18779978
18781319
18782454
18784068
18788818
18789315
18790059
18810172
18822465
18822672
18824350
18831315
18831374
18832468
18832835
18842046
18847318
18850777
18851754
18862156
18874034
18877650
18878479
18879786
18886079
18886220
18886283
18887285
18891285
18891438
18894087
18896575
18899362
18903945
18905884
18912836
18915202
18916499
18918990
18926785
18929065
18934481
18934745
18935433
18937523
18938305
18939373
18939926
18954924
18959633
18960695
18969473
18973893
18979997
18982548
18983896
18984885
18988718
18991583
18991756
18995020
18998561
19005469
19006427
19027419
19030759
19034403
19041283
19044575
19051782
19052640
19066909
19067157
19068059
19070981
19072281
19074003
19075281
19075737
19078244
19087304
19090050
19100662
19111218
19123169
19163142
19174779
19183927
19192887
19193000
19199927
19200282
19202139
19205095
19206273
19220633
19220926
19223502
19232003
19246897
19250321
19259162
19259357
19260177
19261342
19261804
19264035
19264682
19264713
19267801
19269561
19271263
19272495
19277273
19279111
19284188
19286129
19289390
19290835
19292997
19294568
19299588
19307850
19316220
19323916
19324934
19329493
19330077
19333282
19335534
19335562
19338622
19339304
19340294
19342301
19343884
19361267
19364333
19365583
19376466
19413392
19421026
19425647
19427517
19431246
19432213
19450984
19456074
19457667
19459539
19462225
19462363
19462370
19472294
19477942
19481335
19484709
19484879
19485259
19486689
19490886
19502038
19503754
19511306
19520916
19521488
19524495
19540960
19544909
19547007
19547205
19549030
19554933
19555694
19565122
19568062
19580239
19583070
19588951
19591681
19594662
19595648
19599007
19600304
19601467
19605849
19617168
19624331
19625823
19625839
19632034
19632163
19633467
19633721
19646709
19650306
19651167
19651352
19652656
19658845
19658945
19659753
19661173
19669055
19680173
19688379
19695290
19696619
19698699
19699777
19709509
19711803
19714680
19722808
19724146
19725057
19745261
19747497
19751522
19751556
19761104
19764371
19772376
19774383
19776513
19779755
19782331
19782821
19783110
19789466
19804250
19823957
19837042
19845396
19845726
19855578
19856922
19860466
19864019
19865137
19867032
19868087
19872325
19874949
19877638
19900339
19903006
19904681
19908127
19909249
19923376
19931720
19933046
19936122
19944975
19947026
19950799
19960909
19974025
19979784
19982401
19983544
19995353
19997135
19997182
20001690
20006066
20006286
20011875
20012978
20013188
20014539
20017288
20027976
20034714
20039232
20051487
20051651
20062612
20068141
20076752
20088926
20089466
20101794
20119811
20141428
20147463
20148317
20157334
20164415
20168873
20170252
20179319
20204822
20229276
20231001
20231579
20233024
20235047
20240253
20241664
20263306
20265392
20270547
20273422
20279828
20285564
20288436
20292004
20292809
20292978
20295567
20295825
20306459
20308360
20310113
20319182
20327278
20334429
20336376
20342857
20343724
20349797
20352241
20357328
20360689
20360827
20362942
20363699
20365587
20377204
20381731
20385090
20389108
20400814
20406635
20410816
20423713
20443577
20447608
20465970
20470425
20487723
20492903
20493120
20499642
20528808
20529675
20530417
20531029
20534850
20536942
20538227
20541686
20545650
20550803
20555041
20559627
20560491
20572033
20575118
20577060
20577999
20581254
20581408
20587198
20620398
20621347
20628004
20632396
20632845
20640668
20642063
20646876
20650313
20657859
20658886
20665527
20682036
20684056
20686397
20688169
20695561
20698643
20702215
20706459
20707590
20718290
20729440
20742911
20748013
20757020
20757350
20758785
20758870
20763074
20764233
20765662
20784779
20788018
20794436
20804508
20810355
20811960
20816751
20817785
20824225
20831586
20838064
20840514
20844579
20849392
20852273
20863749
20874022
20878213
20879353
20884487
20894204
20903135
20903757
20907559
20911313
20912139
20921206
20925095
20926729
20928903
20949417
20954488
20962138
20965754
20967048
20974987
20975750
20977220
20985731
20992335
20996362
21001533
21002187
21005353
21010619
21011841
21018916
21020486
21024363
21026267
21042141
21044846
21058214
21058858
21064092
21079300
21084358
21095655
21106987
21107559
21107650
21108222
21112623
21128812
21134988
21137749
21138268
21144183
21149254
21149471
21150061
21156143
21156951
21160890
21167573
21168650
21169869
21170343
21170730
21171424
21172398
21176253
21176843
21179322
21193023
21193318
21193359
21195869
21195878
21196092
21202231
21202435
21204587
21206387
21206843
21209670
21211542
21212937
21215290
21215881
21221244
21221372
21224335
21231850
21232026
21234228
21241846
21242848
21260350
21262568
21268038
21295809
21301860
21306808
21311247
21321398
21321957
21322607
21341862
21343822
21350190
21351676
21352195
21361440
21365361
21366608
21372018
21374594
21384324
21385590
21389250
21390029
21393265
21395765
21406975
21411982
21425670
21427477
21436041
21437369
21438815
21445622
21453769
21456508
21460366
21464082
21464199
21468845
21469385
21480076
21483425
21486052
21489319
21492316
21510562
21513138
21515403
21519456
21520609
21526060
21526770
21528648
21536524
21550728
21553112
21553596
21554780
21555873
21557118
21576482
21601775
21602290
21603151
21606698
21607433
21608263
21614203
21614989
21616233
21617892
21630568
21631595
21639635
21648579
21653476
21657799
21658208
21662854
21663394
21668091
21669219
21669989
21674886
21675166
21678132
21683504
21694688
21696290
21720578
21724282
21726644
21729120
21736631
21747489
21747517
21753316
21757385
21759059
21766941
21768584
21776589
21784503
21785147
21786372
21789847
21790953
21794876
21794983
21801590
21803648
21806953
21829098
21832205
21833920
21837118
21845723
21852861
21859474
21861679
21865876
21866659
21867783
21870325
21873963
21874104
21875053
21879222
21882649
21887915
21887962
21888194
21892106
21893551
21894066
21898364
21899875
21903224
21912859
21916264
21924288
21928768
21934467
21941199
21943948
21951152
21967265
21968886
21969552
21972694
21973837
21974466
21976033
21979081
21982841
21984270
21985515
21985646
21990016
21990205
21993733
21995825
21998788
22003742
22004685
22005859
22014191
22014562
22019208
22023207
22024128
22033845
22035934
22041542
22049568
22051774
22066436
22068481
22088358
22089668
22099960
22113010
22117172
22127785
22131394
22131467
22133512
22144617
22149141
22154906
22160162
22177274
22177994
22178509
22180510
22181610
22184390
22187956
22188848
22192693
22203833
22208712
22209868
22209925
22210050
22210566
22211794
22213170
22227646
22230355
22232535
22234153
22236594
22241413
22242654
22244112
22247859
22253411
22273687
22275468
22275967
22306702
22308568
22308615
22308706
22309739
22312674
22319067
22319802
22319934
22325985
22326462
22331288
22332283
22337549
22339198
22341561
22343031
22343904
22372933
22376197
22380513
22387004
22390296
22395213
22396768
22399922
22400940
22414436
22414568
22426654
22432984
22448636
22451705
22467696
22471073
22480893
22481299
22488732
22496887
22497855
22500959
22506994
22507540
22508489
22512419
22515426
22518596
22528784
22528844
22538834
22547536
22548259
22554196
22555600
22556797
22557580
22567337
22580881
22581368
22586212
22588707
22596894
22598552
22606651
22614955
22615561
22616547
22618162
22618734
22629924
22630047
22632054
22632381
22636097
22636723
22645855
22649942
22655531
22662421
22662477
22673190
22686454
22693146
22697820
22705555
22711879
22722086
22722812
22728190
22731834
22740691
22742711
22753128
22780840
22789652
22791660
22811279
22827037
22832375
22833019
22840625
22843725
22846773
22855359
22861089
22863319
22870419
22878449
22880413
22880601
22884321
22886655
22890714
22897956
22898103
22899687
22903742
22907776
22907792
22914358
22919507
22920977
22921272
22922099
22926236
22940681
22942368
22944966
22947024
22954950
22955516
22955566
22972232
22976411
22978459
22988144
22990535
22991741
22994264
22997811
23000422
23006089
23009447
23011543
23024873
23025532
23028153
23029029
23030147
23030204
23030713
23032233
23040901
23052984
23055334
23059908
23066690
23072452
23078889
23083762
23086234
23089643
23094547
23099137
23108470
23137138
23142588
23142635
23153719
23157702
23161925
23169929
23173473
23184302
23184368
23186338
23191346
23202985
23204647
23213780
23214829
23215514
23225903
23241426
23242516
23242758
23249534
23252409
23261648
23261988
23285015
23306394
23307280
23318115
23321354
23324823
23331423
23337131
23344153
23345708
23345846
23347423
23352981
23353276
23356229
23357746
23367570
23369999
23376096
23377604
23378698
23391588
23401817
23404936
23405122
23420996
23425555
23426510
23427571
23431847
23432686
23451312
23455447
23472493
23476552
23480024
23496605
23499244
23503205
23503771
23512410
23534009
23543235
23547558
23552117
23561011
23572298
23576455
23577670
23577912
23592169
23600073
23600334
23610921
23615275
23616268
23621659
23622448
23624552
23625847
23671771
23700384
23709511
23711741
23712753
23713243
23718618
23726211
23752462
23766631
23795257
23804104
23806840
23808078
23810459
23810918
23815219
23831470
23857973
23861749
23862113
23869839
23871042
23876379
23876722
23877693
23883228
23883866
23884497
23886715
23887903
23888666
23892116
23895106
23898983
23900856
23908766
23914079
23940455
23956471
23957759
23991880
23998594
24002907
24004582
24005166
24033789
24034090
24034901
24040251
24042058
24044524
24052086
24053653
24068180
24072204
24077636
24078023
24082364
24083536
24084309
24085421
24086068
24095700
24098867
24117242
24134643
24136177
24144373
24146205
24148171
24150502
24155585
24160521
24170866
24183344
24185295
24202175
24204877
24208581
24216303
24218072
24223714
24226375
24227851
24231555
24235715
24265261
24276549
24300026
24322957
24335985
24344486
24345649
24346195
24369028
24369776
24377922
24391575
24391934
24417205
24426918
24432843
24440327
24447160
24451746
24455991
24462396
24463851
24465874
24467102
24474473
24486518
24491111
24507133
24508465
24509721
24519344
24530852
24532074
24542523
24544452
24545699
24554313
24562912
24582195
24583788
24590548
24610865
24611675
24618025
24628992
24631851
24640566
24641360
24644134
24647980
24648778
24661419
24662462
24665039
24669726
24678010
24678802
24679141
24690501
24694475
24698308
24699373
24699873
24704494
24706272
24706608
24713048
24713293
24713959
24717698
24720909
24727192
24728477
24748319
24750556
24751888
24752331
24754869
24762431
24770474
24779949
24781274
24784237
24792707
24794708
24801123
24816168
24817208
24819190
24824952
24832862
24849305
24854288
24856069
24881758
24888044
24895283
24896087
24905342
24917616
24956173
24958602
24963352
24963628
24963729
24967564
24968670
24985450
24992091
24994868
24995176
25000718
25003322
25004692
25014249
25017516
25021660
25022310
25029598
25033283
25036218
25037355
25045328
25053883
25062601
25063355
25064545
25078302
25081428
25087190
25090442
25092666
25102452
25114004
25116696
25127088
25153701
25155265
25158470
25170555
25174118
25179880
25203193
25204805
25218267
25227949
25230481
25232306
25234581
25235731
25237339
25243264
25243729
25248234
25256189
25265406
25274206
25277476
25282453
25292038
25295182
25295990
25307384
25309612
25311384
25312860
25314421
25316884
25317384
25317428
25320472
25326096
25335385
25357361
25361957
25363741
25366625
25367009
25370028
25371755
25379927
25383112
25386420
25390715
25392336
25398984
25410083
25413385
25414098
25426784
25429630
25435662
25445834
25447848
25458102
25494793
25505980
25526287
25550980
25571099
25573524
25578299
25578381
25579380
25588312
25589901
25597404
25601733
25606470
25608996
25613155
25615163
25623265
25624393
25628031
25629303
25638734
25638873
25640280
25641480
25665274
25665362
25668746
25670870
25671558
25672758
25673461
25679525
25687652
25689147
25694680
25694997
25697576
25698019
25704035
25707296
25715106
25715904
25722203
25725998
25733193
25741028
25742718
25746711
25761775
25765155
25773795
25775416
25784887
25785186
25786417
25792437
25798638
25814663
25823834
25862937
25869443
25873942
25900847
25904541
25905386
25906012
25915505
25925973
25941251
25944446
25950054
25986571
25986798
25989170
26000611
26009433
26022492
26027045
26030262
26047946
26086286
26096951
26098563
26099389
26101626
26109756
26112188
26112851
26113709
26114425
26129863
26130258
26137167
26137858
26143346
26145812
26147129
26148700
26150481
26150930
26157242
26169538
26175023
26176481
26179877
26200863
26202430
26203181
26209791
26210498
26211117
26217136
26218097
26218412
26225204
26230837
26233887
26234889
26235558
26254559
26262617
26268866
26272604
26277213
26281664
26285836
26292198
26298742
26300175
26305195
26332954
26336517
26383373
26413394
26427535
26427987
26428487
26430560
26432791
26435313
26443475
26443912
26450707
26453528
26458131
26467986
26478774
26480505
26482692
26485792
26495956
26505248
26545194
26555533
26579475
26579616
26581039
26581734
26595120
26602540
26609955
26612631
26619376
26630010
26658464
26662259
26663035
26668357
26670414
26690555
26694005
26696860
26739099
26739275
26743824
26778683
26793860
26799697
26808971
26846667
26881058
26886022
26892657
26898504
26899386
26901645
26905044
26922109
26932631
26937547
26957248
26964841
26975011
26985604
26994222
26994737
26997002
27003483
27004092
27004180
27007174
27011302
27016326
27020159
27029803
27029963
27061159
27071165
27085475
27087536
27117491
27120834
27135015
27137016
27139985
27142941
27164232
27176267
27184282
27196697
27199845
27200137
27202409
27210005
27218679
27223775
27229360
27246510
27253409
27256523
27259608
27260060
27261562
27263663
27265947
27268373
27271370
27273971
27275058
27276773
27277109
27281112
27285724
27293188
27308695
27310128
27312440
27314252
27327356
27328072
27329700
27332574
27332841
27356409
27361848
27390559
27391174
27393584
27403467
27420357
27447010
27463978
27468857
27479918
27481062
27481856
27482959
27488520
27497674
27499641
27507863
27514234
27542728
27552841
27554622
27558203
27585105
27586776
27589189
27594806
27603018
27604451
27607844
27610212
27635807
27639153
27646350
27649878
27653972
27655376
27679016
27682007
27684662
27705946
27710081
27712094
27715663
27723602
27724394
27725889
27739630
27754540
27757550
27760073
27761307
27761311
27761958
27793289
27793923
27797065
27799707
27804991
27814567
27820124
27820687
27823448
27830378
27830617
27845612
27848106
27849976
27851333
27857629
27885444
27909264
27974643
27975288
27992770
28005689
28065043
28067126
28075922
28079752
28092620
28097172
28100301
28103185
28117250
28122528
28123244
28128883
28130237
28130250
28131651
28135349
28141475
28145571
28162479
28175005
28219553
28241475
28244805
28249219
28251119
28256623
28261295
28262492
28274584
28275891
28276092
28281948
28282865
28288438
28291552
28295447
28297458
28311447
28318447
28324152
28326511
28334205
28338402
28338694
28356972
28362288
28363054
28366124
28369187
28383406
28402415
28425575
28425943
28430215
28433646
28451773
28455298
28467110
28469802
28474615
28484056
28485727
28492626
28494615
28495743
28509226
28512245
28518723
28524843
28529282
28530178
28532405
28540674
28567214
28569281
28571543
28590210
28592824
28597725
28599710
28606635
28607948
28626028
28636543
28639866
28646335
28646354
28646627
28657132
28668593
28668869
28669645
28670198
28678348
28678498
28693496
28697182
28700311
28702563
28704985
28716160
28728393
28739279
28739436
28742775
28748317
28750375
28756661
28763692
28764939
28770764
28791392
28804778
28805133
28820341
28822179
28830319
28831890
28835880
28841126
28857186
28868543
28870795
28872753
28880877
28884826
28887113
28888332
28896208
28906006
28911096
28922660
28938849
28954679
28956118
28963309
28968025
28971465
28978203
28989739
28989947
28994543
28994822
28995152
28996453
29015657
29018475
29020637
29027526
29044566
29045540
29053419
29055999
29067918
29070582
29072583
29079328
29079331
29086770
29098489
29100292
29100323
29100678
29105067
29109142
29110248
29118365
29128604
29143690
29144117
29145283
29146913
29159253
29167500
29169460
29177006
29187983
29198247
29199748
29202039
29207709
29215120
29223357
29226722
29232349
29234070
29239766
29248173
29252062
29252420
29252800
29253275
29262492
29264874
29268169
29274132
29274389
29275555
29278734
29293607
29304706
29316556
29316823
29317564
29346040
29353322
29365593
29379799
29388492
29389431
29390644
29410150
29420957
29429600
29435035
29441783
29443706
29448773
29456391
29470708
29478631
29485602
29485850
29491222
29503151
29504250
29515032
29520533
29524696
29529826
29541717
29547161
29552430
29553193
29555666
29556495
29557001
29561088
29572344
29574842
29586183
29589765
29592014
29593340
29596224
29602802
29609604
29627473
29629459
29634875
29643907
29650771
29674578
29681260
29689585
29690930
29697304
29697430
29706619
29708457
29714137
29731695
29732471
29738352
29748933
29760755
29766636
29767506
29775637
29783645
29804703
29815874
29819010
29823069
29828780
29840115
29842845
29846087
29847771
29850573
29857576
29861123
29862986
29864877
29869052
29871421
29886064
29888100
29893233
29894248
29901018
29904602
29909993
29912921
29916917
29917188
29922038
29926543
29928981
29936665
29946219
29952110
29954255
29956574
29961563
29964519
29969272
29983450
29986878
29988373
29992532
29992737
30001872
30003324
30011096
30025921
30026760
30029292
30034733
30038462
30047928
30048396
30051035
30051993
30066825
30102595
30107128
30128962
30141953
30143310
30144655
30144893
30148770
30152138
30152801
30165867
30173727
30176030
30179294
30185363
30197823
30200958
30203277
30207747
30211332
30213402
30213946
30220257
30227432
30237583
30237702
30238321
30239116
30247476
30250840
30252559
30253847
30262851
30273991
30274286
30285172
30285313
30293007
30297531
30298825
30303029
30320581
30328906
30331372
30339025
30348252
30348858
30354695
30359430
30360730
30366790
30367994
30373026
30381063
30384936
30394688
30406481
30409990
30414228
30414964
30418432
30420496
30431721
30455553
30459637
30466957
30469938
30471764
30472329
30494650
30494992
30502215
30502938
30503151
30511319
30511813
30512714
30515146
30532412
30546131
30548148
30550294
30552550
30552669
30556037
30570315
30579181
30582489
30587390
30589985
30590428
30591942
30595404
30596108
30602451
30607031
30613939
30624992
30635949
30641865
30647815
30649468
30649669
30654588
30658717
30668383
30669687
30677409
30677431
30679844
30685728
30686341
30696592
30710606
30716641
30718259
30726729
30734168
30749606
30753502
30754362
30763803
30765452
30787035
30791892
30794590
30803136
30807911
30813242
30819456
30822610
30823242
30826729
30829575
30830125
30831696
30832849
30843967
30848054
30855776
30863200
30869332
30871528
30873969
30879055
30901433
30925482
30929214
30931909
30942786
30963988
30970363
30979294
31003126
31003701
31006821
31008976
31012890
31015243
31032283
31036986
31045736
31046530
31049575
31051777
31054994
31055465
31058415
31063395
31071424
31078257
31094738
31101609
31111634
31112042
31112859
31113487
31117191
31119971
31121765
31125268
31130398
31143112
31146493
31157111
31168409
31172703
31176175
31178320
31179549
31183215
31186372
31189036
31195480
31199539
31211200
31213129
31220952
31222573
31237508
31239971
31243031
31247363
31248529
31250574
31271943
31280680
31282184
31285741
31289988
31294550
31298103
31304128
31316597
31317194
31321018
31322893
31337722
31345943
31348579
31351098
31365452
31366875
31367014
31377431
31396730
31405451
31405511
31411046
31413717
31425086
31428042
31429230
31429538
31431743
31441246
31447341
31449506
31450794
31457627
31471729
31472882
31475361
31496482
31510999
31515941
31521734
31528300
31530634
31542352
31545387
31548394
31559518
31560404
31561158
31565581
31567363
31577312
31584173
31584368
31598992
31599410
31601348
31602137
31606667
31608549
31613927
31619827
31620656
31626299
31627389
31648284
31652446
31654045
31655315
31661406
31666627
31692615
31696118
31696780
31697047
31700673
31702753
31709736
31728473
31747131
31748651
31748796
31749456
31755104
31761271
31763743
31782672
31786891
31788675
31795854
31800500
31801386
31803205
31806450
31810990
31814100
31820726
31827037
31837960
31839239
31845582
31847728
31866505
31869351
31880243
31884016
31892008
31903843
31915633
31916638
31917374
31921137
31938319
31945843
31946421
31957891
31958667
31968201
31969091
31972018
31977180
31979445
31982062
31983536
32005769
32006815
32019105
32021313
32022281
32024119
32050188
32050338
32054416
32058830
32067102
32067114
32067206
32071711
32071843
32077984
32087692
32111530
32114942
32118055
32128504
32130801
32137134
32139503
32140474
32144916
32181465
32187717
32188807
32205508
32209561
32209931
32209947
32210440
32216956
32217622
32221480
32237555
32242459
32244734
32245127
32245780
32246220
32246691
32270291
32271453
32283322
32284195
32285110
32291286
32315555
32324647
32327741
32330191
32334448
32339421
32341630
32352550
32356983
32358645
32360370
32366612
32378129
32388016
32391251
32404943
32406133
32406708
32415090
32424301
32428640
32435205
32441746
32450492
32483457
32490306
32510472
32513767
32514594
32522023
32529387
32540191
32543848
32574884
32587133
32597736
32606724
32607220
32612445
32615520
32625881
32633189
32638080
32651482
32652173
32654749
32656374
32656606
32665104
32671460
32676580
32680256
32682823
32686869
32689015
32690510
32700510
32705662
32709869
32712922
32717820
32717996
32720189
32731018
32744062
32747637
32750807
32753933
32759591
32759920
32762506
32763549
32772034
32777064
32784324
32786464
32797029
32798502
32800617
32812797
32815231
32816124
32821386
32846028
32858959
32867027
32874623
32875764
32877479
32881651
32881861
32883479
32889675
32890529
32921782
32933032
32937493
32944520
32975836
32975842
32979612
32981905
32991230
32994663
33001434
33003827
33007478
33018518
33033685
33041787
33095461
33122086
33124176
33151174
33168937
33174915
33182034
33207048
33220626
33227616
33231901
33240367
33252290
33257285
33263662
33265431
33268337
33273989
33275179
33276577
33279260
33284478
33285550
33289719
33294114
33319944
33327826
33331518
33333409
33358507
33359660
33370775
33374975
33389147
33392081
33393523
33394855
33399555
33402983
33417673
33421992
33427983
33430427
33434678
33438574
33440257
33448152
33463144
33464055
33485534
33492351
33494450
33502766
33505424
33511038
33511902
33543211
33558636
33579873
33581246
33588139
33595490
33599279
33599602
33602115
33603727
33614833
33616617
33625106
33628052
33640767
33652837
33671520
33692826
33705455
33710284
33710387
33712747
33717286
33727041
33738618
33751241
33757141
33772537
33779440
33789854
33791293
33791340
33804057
33825813
33852811
33857420
33858975
33899964
33905257
33908452
33915483
33916146
33921430
33928335
33932052
33936277
33954018
33962701
33967593
33987746
33992606
33993731
33994551
34012210
34018662
34019737
34029206
34029982
34034625
34034741
34039014
34048687
34052504
34053939
34057599
34060078
34060446
34067316
34069751
34071020
34081931
34091896
34094563
34095066
34098151
34102703
34105449
34105908
34107023
34107192
34107576
34108829
34109454
34117183
34117368
34136117
34159330
34160289
34160392
34165588
34171507
34175532
34215876
34234785
34236755
34254172
34263757
34265155
34265406
34266751
34267253
34274068
34276150
34279506
34287762
34287771
34288123
34299659
34304026
34311993
34312367
34314560
34315094
34324930
34327801
34336981
34338671
34342174
34342388
34348627
34350638
34352843
34356453
34358595
34360210
34371862
34380583
34385748
34400108
34403184
34408789
34424798
34428986
34435329
34445375
34447279
34450657
34452120
34456412
34464401
34470185
34472607
34474643
34479883
34492795
34494507
34500152
34500586
34501896
34506128
34507714
34510915
34513360
34520918
34522612
34525207
34528423
34537594
34557270
34557653
34567448
34568334
34571897
34586829
34586901
34598041
34601425
34608204
34611914
34634446
34638741
34649054
34658906
34661894
34679173
34681212
34681667
34683266
34699910
34701569
34702141
34710752
34734949
34739083
34742212
34764291
34790285
34792022
34799502
34799879
34809276
34811908
34819335
34819784
34822392
34830978
34836322
34845630
34848596
34849497
34887734
34918741
34949545
34953965
34970062
34973518
34994077
34995274
34996307
35004023
35020570
35021173
35023180
35030409
35035332
35036139
35040890
35043997
35045200
35047173
35048049
35055058
35059167
35059953
35061611
35075202
35082346
35085566
35088525
35095761
35104629
35104855
35116335
35121562
35139727
35141706
35141791
35147050
35148674
35150685
35152187
35154282
35158611
35159331
35162720
35164486
35172051
35191705
35203282
35222939
35224905
35231132
35243384
35252218
35259582
35267929
35272742
35307381
35307658
35312819
35334091
35337186
35340987
35356582
35360810
35371253
35377357
35382374
35399527
35418534
35424996
35426215
35426784
35434965
35435552
35440667
35453296
35458423
35463409
35480800
35501020
35506065
35506891
35507469
35508839
35510278
35511670
35512936
35532948
35535049
35547474
35557242
35559378
35563984
35570392
35575036
35576965
35577411
35578916
35590015
35626102
35628342
35629998
35700385
35702613
35709998
35710957
35717400
35717523
35730956
35743783
35747321
35748712
35749089
35752831
35753173
35753491
35763377
35764515
35771080
35781850
35784027
35792522
35804033
35807840
35818701
35823206
35831584
35857220
35867364
35871536
35875630
35893687
35894206
35898720
35910492
35912207
35922207
35931226
35938807
35970546
35990891
36004403
36039212
36040057
36054056
36055643
36062281
36066576
36068244
36069353
36069412
36069425
36073179
36077822
36078561
36087401
36097297
36102503
36104520
36104645
36117906
36121208
36121688
36121767
36133507
36134811
36138439
36139209
36143334
36151182
36160826
36163060
36188300
36196942
36209022
36211384
36217133
36219876
36234267
36238402
36249297
36249532
36253818
36255794
36257182
36260189
36262696
36263971
36272190
36281910
36290725
36296085
36308679
36311771
36316872
36335373
36337456
36339552
36340906
36343199
36345838
36380402
36412930
36414054
36416203
36419043
36422951
36434924
36437535
36442574
36451697
36455059
36479374
36481621
36488108
36497495
36503053
36503492
36504755
36518123
36522490
36541644
36544088
36544594
36554465
36558037
36575589
36575850
36578922
36581652
36589585
36590785
36597106
36597338
36600495
36613090
36615478
36616219
36624981
36626586
36630451
36634667
36637786
36640460
36642238
36649533
36650224
36651738
36653953
36659099
36659890
36663550
36663930
36669001
36678061
36682654
36687656
36694234
36713709
36719395
36724365
36734148
36737981
36740573
36747736
36749969
36751009
36758031
36758420
36766192
36781816
36782252
36784052
36784649
36789406
36789723
36794200
36814077
36814604
36841380
36844167
36844632
36850196
36857261
36859771
36862294
36862470
36868916
36877370
36879884
36880634
36882378
36891561
36894816
36900992
36900998
36908196
36916602
36919028
36924086
36930557
36930579
36931968
36932684
36933049
36939442
36942426
36950821
36953494
36966095
36981473
36982623
36983339
36992130
36992142
36992915
36994998
37008541
37013631
37016436
37021447
37030667
37032942
37038553
37042316
37049548
37058185
37123652
37124730
37125346
37134299
37144729
37147978
37156259
37167889
37174490
37179343
37183308
37185856
37197178
37210533
37211117
37212094
37212921
37217803
37218959
37219358
37255982
37261559
37264016
37267459
37269444
37276786
37277314
37282353
37285030
37285495
37292887
37297005
37302635
37306603
37314143
37325145
37340586
37348795
37353215
37354764
37362888
37363673
37370600
37377597
37385391
37387147
37388862
37396302
37396990
37400445
37404464
37405243
37405830
37428660
37433175
37435801
37436002
37442339
37445618
37452147
37469598
37478643
37479284
37485224
37489249
37489711
37491756
37516069
37523822
37529411
37533574
37546269
37548132
37552580
37556149
37561047
37565558
37602233
37602528
37635726
37645220
37645983
37646250
37655389
37663943
37665128
37666246
37672372
37673839
37682331
37682633
37692328
37692400
37692981
37714451
37719870
37735160
37736766
37738396
37755804
37764644
37766994
37767157
37773315
37775834
37787493
37793119
37796515
37814093
37819371
37820162
37820432
37823087
37827743
37829669
37836832
37843589
37845845
37847620
37855279
37856982
37859256
37870934
37879607
37887794
37891291
37897797
37902104
37917794
37926524
37933194
37940658
37943099
37948619
37956580
37960387
37966045
37973701
37977474
37977713
37978282
37980116
38001388
38021557
38026766
38029556
38035038
38054845
38059570
38072737
38074100
38077902
38080519
38088231
38099321
38112569
38113395
38114790
38119565
38120143
38133998
38137645
38137865
38142518
38157795
38160837
38161490
38162272
38169089
38177386
38191571
38195460
38199519
38220590
38231877
38253988
38260054
38261204
38271307
38280490
38306028
38306562
38307574
38309528
38309770
38310163
38316556
38335072
38347020
38385536
38410662
38419424
38424397
38435038
38449995
38465131
38473981
38495903
38505243
38531837
38538214
38539763
38543454
38543479
38545236
38557632
38557833
38562093
38562863
38574437
38575831
38577311
38583400
38588451
38589557
38603946
38608922
38609852
38636772
38640599
38644252
38662759
38665873
38666312
38715607
38721639
38744164
38762037
38779812
38782266
38799786
38809374
38814112
38816342
38817360
38829345
38834064
38835993
38838462
38841852
38848855
38849596
38850410
38871958
38872693
38874094
38893720
38914404
38922189
38939505
38942660
38949665
38956853
38965615
38997974
39003569
39007087
39017671
39018051
39020992
39048578
39050526
39058741
39067893
39074939
39074949
39085734
39086117
39087028
39091464
39108539
39117992
39148057
39167899
39172951
39179174
39200597
39208137
39229295
39234127
39234639
39238664
39239860
39246027
39250997
39259222
39264978
39266784
39272112
39289592
39291634
39294040
39308049
39310254
39318667
39322937
39330429
39359461
39369822
39370632
39370705
39390952
39403387
39405416
39405806
39406164
39411690
39422004
39423546
39435918
39450686
39452147
39457409
39462505
39481813
39483224
39493566
39494100
39494750
39495658
39497766
39499394
39503302
39504609
39518108
39534799
39536336
39548890
39560872
39579187
39587252
39587358
39590670
39601599
39601932
39609057
39613151
39644086
39683538
39684613
39694179
39707772
39724960
39730866
39736842
39738142
39743401
39753212
39762056
39765895
39770413
39772288
39776649
39779165
39805096
39814781
39820172
39836477
39841397
39844928
39861283
39863536
39865295
39870450
39873611
39881983
39882410
39885166
39890274
39896714
39910845
39911257
39920640
39921322
39923458
39932745
39946669
39958607
39975025
39983105
39984336
39989756
39997192
40000512
40008636
40012991
40020678
40045145
40048258
40053938
40060548
40065330
40068638
40071132
40073171
40079743
40092878
40115444
40128630
40135824
40144093
40145758
40146411
40156056
40164736
40176284
40200396
40205014
40210833
40214144
40220917
40223628
40223990
40225472
40233838
40240307
40248940
40278788
40291678
40303799
40305988
40306387
40318589
40331686
40334385
40350863
40360950
40372665
40382175
40388838
40389938
40403101
40404644
40406189
40410606
40415765
40420923
40421941
40437483
40438727
40443882
40449066
40453806
40463470
40481622
40481798
40508445
40512950
40517914
40523220
40526182
40528627
40537241
40543744
40545136
40573121
40578025
40610339
40621015
40627257
40638739
40646320
40664774
40667799
40669741
40673247
40673712
40677887
40681767
40681905
40690067
40698923
40703937
40704490
40704864
40709259
40710654
40712432
40712824
40718369
40727090
40732067
40739641
40751535
40754293
40762414
40770482
40772622
40773083
40779608
40780400
40781302
40781666
40782970
40798119
40799375
40799504
40801056
40801870
40802862
40811954
40815724
40819475
40822510
40823085
40827665
40829808
40839321
40840046
40842264
40847806
40848139
40857014
40859229
40864023
40866407
40870488
40871613
40885540
40888282
40892335
40893287
40911945
40912912
40925944
40929616
40933842
40934703
40945183
40949003
40960156
40960837
40960951
40963502
40970099
40980915
40981682
40982716
40994720
40996378
40998383
41000569
41017411
41023845
41033936
41039434
41044966
41045928
41046276
41054319
41055726
41058623
41070686
41085622
41089357
41090877
41092835
41093520
41093636
41104509
41112658
41133273
41133556
41138193
41146242
41147985
41162157
41181173
41181393
41197962
41209221
41212174
41214056
41225605
41229949
41240210
41253920
41260988
41262980
41272942
41277761
41280755
41282112
41290645
41295907
41301578
41305197
41308225
41310054
41312903
41326918
41346104
41347125
41360850
41376059
41378412
41378883
41380303
41381035
41381195
41394735
41397070
41406529
41409579
41420575
41454482
41496793
41509696
41523123
41524653
41525850
41527747
41535733
41540078
41542199
41544335
41547206
41547640
41551218
41573413
41575113
41582103
41590139
41599853
41603994
41604041
41605464
41624216
41633302
41638093
41638140
41640213
41643034
41652000
41663916
41672669
41686922
41696850
41697993
41699668
41776411
41779370
41785854
41789455
41797415
41808109
41810974
41811154
41826962
41830600
41837995
41842384
41842551
41845884
41858381
41893645
41918901
41943858
42026695
42082628
42085537
42088760
42089122
42104804
42104811
42108006
42114528
42115740
42116224
42118847
42125262
42129736
42186580
42196511
42209715
42214792
42221442
42221794
42235636
42251463
42253298
42260521
42262472
42272179
42288010
42290714
42291635
42292480
42298424
42301430
42302191
42303064
42320594
42321493
42332648
42344772
42374557
42385009
42401368
42408530
42411414
42417025
42417896
42418401
42421772
42422149
42423503
42432605
42436396
42445262
42457703
42460706
42485038
42485823
42509721
42522878
42534015
42539946
42556396
42561535
42569339
42587020
42591117
42611060
42613614
42616020
42634980
42635834
42670787
42694456
42708565
42708612
42716573
42721706
42726717
42727239
42756132
42759261
42763889
42766352
42778629
42779974
42780369
42781136
42781522
42784183
42795317
42795616
42806140
42813633
42815910
42816507
42819177
42823789
42828869
42836299
42838225
42844458
42847012
42848313
42851162
42860870
42861856
42863835
42868519
42883866
42898289
42901443
42903416
42916083
42929934
42933849
42938633
42945806
42948209
42950418
42951209
42954112
42963578
42969022
42972745
42973810
42979430
42979458
42979901
42987416
42988079
42990253
42990928
42992559
43009998
43021490
43038379
43038954
43042061
43048683
43049151
43065551
43072531
43074721
43074881
43075057
43076047
43077815
43080178
43081193
43095971
43099700
43106115
43110036
43111283
43112244
43115659
43124908
43126636
43127603
43130679
43131728
43133902
43136950
43143833
43144668
43146333
43149843
43150276
43158655
43158699
43173301
43174121
43177146
43181689
43188073
43192694
43194199
43201937
43204453
43232309
43234540
43267015
43270496
43276257
43287564
43294601
43297812
43300758
43301698
43303350
43306969
43312618
43320651
43323884
43324462
43329451
43343465
43345231
43346321
43348350
43352117
43353550
43353939
43357166
43361363
43362629
43370018
43372217
43375321
43376675
43381730
43382503
43397045
43439959
43449353
43528452
43532831
43539717
43541398
43550374
43573339
43578186
43583071
43590137
43593382
43599474
43616985
43628285
43630255
43640437
43646045
43650880
43651024
43663191
43667634
43674784
43681161
43686760
43700338
43714494
43716303
43731728
43736896
43748369
43753179
43759660
43759918
43761442
43762877
43765837
43768466
43768787
43770449
43771925
43778987
43781114
43784426
43790768
43790960
43801139
43804393
43805644
43806363
43808182
43810029
43820171
43825536
43827293
43835542
43839215
43839281
43839988
43843007
43844427
43848021
43858910
43863757
43865633
43902540
43910008
43912392
43915530
43923900
43924760
43925480
43927387
43927635
43946287
43948787
43950035
43952491
43953603
43983546
43994915
44010309
44018386
44031320
44041282
44045596
44057477
44064153
44069308
44073050
44073952
44074030
44077049
44083870
44096470
44103143
44106454
44107359
44110422
44113624
44119938
44124277
44131113
44131389
44147003
44148693
44148882
44149001
44155903
44160550
44165036
44168605
44168633
44176870
44192192
44192399
44204701
44245872
44264979
44268290
44293960
44298280
44303718
44308421
44321569
44331295
44333457
44337864
44352692
44353899
44359607
44361593
44367634
44368633
44380467
44390382
44391764
44392820
44394149
44403715
44403853
44404067
44410507
44410649
44411896
44414035
44447641
44471093
44486125
44494061
44498277
44498346
44502883
44504636
44507325
44526690
44528260
44546840
44549956
44554100
44554141
44561024
44562249
44567851
44570502
44590106
44597200
44598494
44603784
44618499
44626099
44628091
44628223
44631028
44633331
44640726
44642363
44646054
44648596
44651181
44652118
44654515
44659079
44660239
44679173
44679475
44681017
44681228
44694803
44705522
44709581
44710149
44712999
44715578
44716033
44716662
44721465
44724048
44726080
44728952
44729018
44733381
44735829
44738779
44751826
44763270
44764540
44764898
44770970
44774388
44779943
44780992
44801962
44808129
44820614
44825238
44864062
44876424
44930205
44932027
44954578
44974813
44986355
45004325
45026501
45066117
45066371
45091586
45212999
45225279
45258326
45328248
45349680
45360182
45372677
45374973
45376742
45382343
45384725
45397957
45419687
45422596
45423900
45423935
45423954
45433982
45436061
45440447
45440902
45448546
45454336
45455926
45461430
45473013
45475363
45479623
45480119
45483678
45486851
45486933
45488463
45494529
45495365
45497511
45507231
45508428
45510193
45511789
45512148
45513015
45522622
45525113
45527469
45529389
45538575
45546598
45547968
45548766
45558709
45563481
45564160
45571596
45579161
45579780
45580446
45581046
45593515
45595993
45604319
45610947
45628330
45631603
45634572
45644189
45725430
45747054
45753284
45758398
45763484
45770996
45783323
45783653
45792057
45792767
45809964
45812920
45815591
45822458
45824167
45829703
45833265
45840494
45840997
45850167
45856098
45861634
45869325
45875306
45876883
45877370
45885692
45902610
45917294
45930545
45932892
45940394
45951980
45952618
45964807
45979676
45979949
45983358
45990907
45996952
45997077
46005302
46008459
46012697
46020410
46022587
46023520
46034456
46041421
46041980
46042631
46047682
46070723
46078398
46078583
46083123
46092689
46110819
46117696
46120866
46122326
46138996
46144311
46146256
46148320
46170321
46180415
46181225
46181473
46188268
46200907
46209798
46215101
46220288
46221924
46223216
46225550
46228525
46232895
46240859
46244371
46247469
46248351
46250170
46254653
46261788
46268630
46275306
46278558
46280361
46283151
46286296
46288256
46295648
46300335
46309481
46315695
46317284
46317303
46318126
46323159
46326175
46329628
46333998
46337698
46347327
46351754
46353441
46355373
46365209
46369651
46376230
46392503
46398919
46405494
46435738
46437931
46447048
46470390
46470406
46479862
46487430
46489550
46491800
46499201
46501115
46502491
46509314
46517586
46524771
46528082
46544915
46549313
46550450
46552690
46555037
46556268
46560227
46560538
46564936
46568276
46568989
46580135
46581784
46589767
46599088
46605334
46615487
46681630
46690383
46693509
46697675
46699384
46699638
46701771
46703989
46705145
46705503
46725949
46726056
46734456
46745581
46752071
46762822
46763340
46768920
46769617
46770330
46777766
46784364
46789035
46790411
46791577
46804379
46812135
46814033
46826860
46830787
46835408
46836291
46847299
46848465
46851650
46854406
46856413
46856523
46870233
46872074
46874512
46876588
46885711
46908067
46914269
46919942
46922754
46923360
46928984
46933297
46936436
46938808
46950413
46952012
46959819
46961276
46966862
46980666
46985809
46988778
47002092
47008865
47009905
47011922
47024341
47030869
47044051
47050406
47058188
47063742
47065668
47079743
47094750
47097203
47104850
47110338
47112622
47118714
47138911
47139053
47147196
47151509
47171490
47173463
47183534
47276347
47280318
47281433
47290594
47291231
47298008
47308158
47313596
47313700
47321325
47324020
47326298
47329059
47329176
47330853
47338475
47348537
47349656
47352430
47357249
47358188
47363340
47367054
47375916
47376987
47392274
47397766
47405450
47408341
47415510
47416559
47418054
47418460
47418758
47426505
47436863
47463563
47485529
47490873
47546530
47574898
47584329
47592768
47593977
47597398
47598998
47602271
47609663
47610461
47621711
47622481
47630473
47632421
47635358
47638974
47646338
47657893
47673422
47677487
47683572
47686236
47687229
47703537
47783296
47792526
47793698
47797430
47797584
47804392
47814055
47830621
47834165
47836464
47844233
47849269
47851308
47853605
47859068
47866193
47872027
47872715
47896711
47897920
47898781
47902500
47905139
47909704
48066928
48184515
48443206
48689850
48769747
49264541
49419089
49525205
49547423
49571710
49771933
49772370
49795678
49831800
49836006
49848315
49851758
49855148
49855440
49855946
49859587
49860727
49866624
49870623
49878543
49882235
49890695
49903092
49927310
49937216
49939016
49944112
49945915
49946157
49952258
49954834
49957790
49969533
49974283
49977422
49992882
49994371
50035387
50038843
50040552
50044599
50044730
50048321
50049038
50062770
50064073
50066533
50071563
50073595
50074032
50078006
50096023
50100698
50101012
50108696
50112649
50115008
50115721
50118043
50127298
50143254
50143285
50146386
50147106
50152638
50167853
50168597
50183781
50186143
50186935
50188898
50189018
50193183
50193416
50202049
50207022
50219645
50219893
50220386
50231297
50232767
50239556
50302014
50315841
50351205
50356578
50370931
50372782
50373913
50391886
50399693
50407207
50413041
50417179
50425787
50427961
50428866
50430851
50435105
50435196
50441281
50451240
50454727
50457438
50479656
50481798
50482461
50482794
50486731
50494764
50504528
50507069
50511738
50516359
50517854
50530886
50534357
50537357
50538900
50541743
50542594
50543631
50544570
50546543
50553383
50559766
50560866
50582116
50586225
50593450
50595480
50597481
50601615
50603356
50628181
50629368
50632456
50643135
50643534
50652161
50652271
50653917
50661981
50663665
50663668
50664036
50667005
50667686
50670288
50670721
50682954
50701116
50701744
50705310
50735868
50738290
50738319
50738724
50750646
50751441
50755189
50757285
50768839
50774246
50787491
50794921
50806498
50819959
50823506
50829579
50834005
50856314
50864149
50865877
50875575
50895474
50899520
50908094
50920861
50922438
50933176
50943540
50944046
50974698
50976140
50980256
50980265
50991459
51004057
51008361
51011537
51014490
51020000
51024512
51034675
51040292
51070231
51080086
51089744
51094431
51096083
51106435
51110063
51110500
51124163
51131797
51135457
51136167
51141237
51152296
51166050
51176640
51186605
51202766
51215203
51221725
51247819
51249996
51268651
51271991
51287051
51288066
51297774
51301820
51309143
51309159
51313359
51318005
51332985
51339821
51359317
51361278
51363169
51364787
51364862
51369751
51387240
51389081
51389543
51400457
51431587
51443396
51450276
51454768
51457087
51464831
51483822
51484994
51494701
51498763
51500940
51502580
51503410
51513645
51515860
51515973
51523352
51527481
51537741
51538888
51547024
51548557
51563571
51575220
51583929
51587538
51593118
51597846
51618794
51621675
51634565
51636764
51678613
51680420
51689439
51700453
51709077
51719218
51730525
51735545
51736670
51742092
51749334
51749924
51762767
51763788
51769082
51773200
51792235
51795430
51805194
51822781
51838244
51839569
51848052
51849594
51862933
51869179
51887463
51890944
51896247
51911173
51931137
51942406
51949440
51971554
51973313
52024399
52074919
52083074
52136572
52144395
52192794
52215335
52217000
52232115
52239381
52281306
52284890
52314179
52344477
52350418
52358209
52358419
52364140
52385669
52395603
53034911
53484196
53553214
53609653
53708591
53820309
53824412
