4567225
4574331
4587224
4608803
4612611
4613265
4615423
4616698
4631640
4637838
4646292
4650712
4652531
4654482
4660467
4662311
4667492
4668626
4673750
4677174
4690218
4696724
4701185
4705150
4706667
4714528
4722755
4726767
4727691
4746022
4754492
4759044
4771123
4776203
4776225
4777026
4781104
4790268
4792982
4793083
4798040
4801085
4805235
4810786
4811003
4814163
4815194
4826654
4829676
4830820
4833578
4842114
4848482
4854539
4857429
4863734
4868242
4873206
4873278
4875660
4877871
4878010
4884610
4885185
4893136
4895744
4907707
4908034
4910126
4914176
4917509
4933575
4933808
4974928
4976288
4976298
4985298
4985961
4989269
4989445
4992090
4999592
5005549
5018627
5021075
5027870
5034527
5039843
5040901
5052868
5056154
5056207
5063062
5068899
5072151
5075663
5085016
5097378
5105857
5112596
5112658
5113079
5118882
5121848
5121851
5125768
5129450
5130025
5136406
5138705
5138988
5140603
5140615
5146754
5149695
5154193
5155887
5168434
5177482
5180284
5184155
5190136
5190485
5190680
5205194
5205854
5207346
5212127
5213114
5230399
5230594
5259289
5280423
5283149
5288867
5294198
5298195
5301522
5302247
5305571
5316262
5320801
5322099
5326152
5332557
5337530
5348049
5353901
5354596
5359207
5359738
5363028
5365236
5371265
5382791
5391688
5399153
5406906
5409174
5413478
5421986
5422567
5431587
5433591
5440817
5447219
5450455
5450958
5452990
5454677
5457580
5460423
5475908
5495860
5505006
5514258
5515266
5515806
5519960
5531323
5532579
5536541
5544326
5554316
5556477
5564800
5564853
5565720
5573043
5577067
5578164
5580639
5586156
5591688
5594434
5597123
5597708
5604311
5606187
5607242
5611773
5615762
5617025
5631131
5638875
5640697
5668670
5669060
5671450
5671573
5678428
5678927
5679235
5689904
5690482
5692989
5693561
5698261
5701314
5704117
5705219
5714267
5716017
5720877
5730120
5732868
5753122
5754966
5760273
5761187
5763084
5765557
5768937
5773838
5791290
5791305
5795204
5796621
5800513
5801189
5812052
5814632
5817007
5819470
5822206
5832338
5833578
5833751
5850342
5853465
5871947
5874824
5894676
5898003
5900608
5924075
5924751
5926431
5928546
5933246
5939774
5945419
5948947
5954178
5961595
5962164
5966273
5966826
5967894
5972798
5973279
5978513
5993580
5993809
5995760
6000564
6003064
6013790
6022146
6026510
6041200
6045312
6055576
6072955
6073907
6077416
6089266
6097102
6101387
6110566
6112134
6112200
6114393
6115813
6120246
6132668
6134826
6138291
6141891
6153016
6157254
6166710
6166770
6167417
6170153
6179575
6182452
6206288
6216554
6222514
6224663
6236258
6237672
6247929
6256431
6283662
6285179
6286040
6290096
6296370
6297918
6298497
6301478
6303982
6311801
6328555
6336035
6336139
6346387
6356113
6371787
6374379
6377008
6402420
6402731
6411204
6415436
6416614
6417095
6419404
6423522
6424977
6425172
6434088
6436139
6442718
6444540
6448498
6450201
6463301
6467404
6474771
6485723
6491846
6497413
6500451
6501767
6501836
6510124
6510139
6523218
6528769
6531587
6535124
6543236
6544160
6547439
6548052
6548291
6553996
6558265
6558378
6562252
6563006
6563612
6565620
6572000
6573559
6578604
6581362
6587878
6596310
6596816
6598013
6599244
6600470
6602675
6604510
6608983
6611113
6612373
6637820
6638640
6641087
6645803
6647056
6654480
6665824
6667543
6667929
6669487
6674064
6682952
6704199
6705681
6706442
6706552
6707808
6710890
6717912
6721851
6732803
6734157
6735621
6741427
6743425
6745256
6745457
6747204
6748369
6749771
6763666
6765504
6768158
6775180
6777828
6778013
6781070
6785145
6786499
6795408
6797397
6804792
6808685
6810959
6819263
6828106
6829014
6838288
6850107
6854913
6855661
6857100
6862139
6864213
6878039
6880294
6893084
6905829
6907350
6910727
6911864
6925895
6929413
6935140
6940864
6949931
6953767
6957103
6963261
6969164
6971642
6977514
6988783
7010422
7014591
7015898
7019885
7022725
7023821
7040823
7043777
7047766
7051178
7052752
7053870
7062755
7066295
7069468
7074325
7076556
7078199
7082453
7099681
7106574
7110391
7110790
7111808
7113633
7118537
7120601
7130550
7136350
7140710
7153971
7154125
7155416
7165447
7176788
7178642
7189100
7192663
7193656
7195198
7207127
7212549
7216555
7222294
7223944
7227271
7230133
7230309
7232106
7232225
7234999
7243406
7245910
7253729
7272305
7276380
7281303
7282578
7284331
7289411
7301064
7302628
7324101
7328333
7336997
7356346
7358055
7360336
7363286
7371426
7372365
7374124
7380348
7381815
7385733
7394837
7405170
7409430
7411305
7415050
7418851
7423209
7427161
7431691
7434107
7444747
7456016
7468353
7469387
7476254
7484696
7485293
7485701
7487432
7495924
7497498
7505776
7507102
7508481
7516621
7517064
7530739
7535841
7537374
7544970
7559491
7567964
7572158
7592440
7593829
7597913
7610799
7618704
7625323
7626156
7626344
7636714
7639542
7653048
7657763
7658464
7672268
7674489
7677442
7679729
7681171
7687033
7697124
7702807
7711151
7715581
7720447
7724660
7726850
7731286
7737911
7738474
7753437
7763355
7769079
7771256
7773405
7778413
7778636
7779946
7786656
7800319
7802126
7802609
7808669
7809854
7815760
7833576
7834531
7834600
7843764
7847123
7851351
7851954
7852115
7852476
7857471
7857531
7857719
7860952
7871175
7872934
7887957
7889286
7913859
7934779
7936718
7940381
7941974
7943733
7949526
7952347
7955668
7964590
7965284
7983301
7987633
7992660
7994215
7995010
7997809
7999540
8003395
8005616
8007482
8012810
8032662
8037048
8048310
8052228
8053057
8063264
8064282
8069491
8083826
8085013
8091617
8101475
8105446
8110680
8111484
8115157
8116291
8117092
8121044
8123696
8126008
8136828
8138267
8151659
8161816
8161986
8162476
8166202
8174203
8185026
8186744
8202402
8204410
8205845
8213552
8225160
8225647
8226564
8238317
8242530
8244003
8249934
8250597
8251829
8253692
8264609
8267295
8267339
8284803
8285601
8291875
8293420
8302924
8304950
8336137
8336913
8337019
8341766
8347814
8353915
8364691
8367760
8370876
8388761
8401133
8404661
8405214
8406226
8409392
8411444
8415631
8428069
8445046
8449897
8450688
8452347
8452366
8453673
8458756
8460151
8462960
8471618
8481476
8482042
8493687
8500112
8505415
8514928
8522995
8525041
8528723
8531446
8541873
8546975
8553906
8554440
8559837
8563110
8570031
8572120
8583923
8585378
8587037
8600696
8604752
8607341
8609524
8612707
8619238
8619904
8620049
8624130
8631333
8631962
8639046
8640340
8643893
8650824
8662419
8666459
8667069
8668234
8688042
8691715
8696154
8714567
8714849
8721777
8733071
8735125
8744993
8756120
8759067
8772472
8773148
8773456
8780317
8784539
8787210
8792368
8803021
8809967
8815459
8816291
8824767
8837271
8837450
8847497
8848279
8851798
8851967
8855838
8863208
8863707
8880499
8890888
8900096
8902625
8907718
8908070
8911061
8912735
8919182
8922330
8923181
8934362
8941848
8945244
8950902
8951669
8962935
8965479
8970025
8973387
8990628
8998978
9000593
9000828
9006433
9020112
9023420
9024742
9035267
9039693
9040391
9045961
9046281
9048157
9056874
9059394
9061571
9070993
9072658
9074037
9083440
9085350
9087464
9099148
9109707
9114827
9116175
9118318
9127972
9132574
9138634
9141534
9145725
9147230
9155869
9157965
9165859
9169083
9169133
9169152
9192642
9198529
9205032
9221550
9313929
9324004
9513499
9725148
9820275
10402481
10523791
10671725
10828802
10950045
11116267
11276652
11292356
11645038
11727772
11933876
12026176
12139308
12357828
12398376
12400242
12401072
12401144
12405416
12411822
12413550
12427442
12428196
12430920
12435890
12437461
12438604
12442396
12444275
12455028
12457985
12461962
12467036
12470190
12474293
12494060
12496438
12507015
12509434
12519035
12519968
12525620
12531674
12539163
12540954
12544432
12571918
12573281
12575326
12580431
12584735
12591342
12594565
12607110
12609871
12610006
12612158
12629808
12631671
12632293
12632789
12636204
12637011
12637338
12642047
12650966
12655289
12656791
12658767
12658814
12662405
12674249
12675496
12680070
12685819
12702793
12733766
12745475
12752126
12771833
12785043
12789272
12796538
12808696
12809771
12816868
12823261
12831193
12833345
12842393
12848346
12851953
12859219
12862678
12876935
12879759
12976335
12999322
13004386
13005558
13012039
13014716
13015498
13017653
13024213
13028567
13028580
13029246
13032082
13033383
13046270
13054683
13062100
13072970
13082150
13085669
13103337
13112152
13134203
13134373
13143364
13143895
13147712
13148639
13153433
13159892
13179131
13200293
13203287
13210666
13216230
13224163
13231030
13232337
13250323
13258827
13263077
13270696
13273278
13286099
13287887
13305385
13306431
13310261
13328620
13334203
13354262
13354608
13358620
13365993
13366134
13369637
13370410
13380425
13383045
13385826
13397547
13399869
13408825
13408945
13409520
13414618
13445409
13448830
13453716
13458805
13473429
13474017
13475590
13482150
13483796
13495810
13496196
13498731
13500956
13501226
13502624
13508018
13523613
13525372
13525934
13536267
13540354
13541699
13543961
13545899
13553694
13554554
13557768
13563203
13573237
13573548
13575459
13577362
13589985
13592929
13596463
13597371
13598995
13599514
13599954
13605392
13606554
13610695
13627408
13637992
13638598
13640986
13644863
13657482
13660388
13670668
13675138
13686658
13688776
13696350
13698078
13707723
13718093
13726739
13727091
13729667
13735083
13739836
13741366
13743282
13748303
13751108
13752852
13762927
13765924
13773973
13774381
13781575
13781877
13783457
13792527
13794041
13795084
13797418
13802244
13810632
13817766
13823066
13826211
13828837
13832296
13840037
13841932
13847687
13850888
13851617
13852845
13868745
13869929
13871321
13895709
13904625
13906912
13913296
13928929
13935451
13949713
13951331
13965249
13965292
13965600
13967793
13973894
13974224
13981399
13988443
13995992
14002388
14007069
14009429
14025338
14025583
14028947
14034112
14036644
14037590
14044564
14053197
14063558
14065365
14067159
14067259
14069285
14070350
14073165
14079772
14081440
14106818
14109712
14116321
14121634
14125696
14128241
14159949
14160835
14166169
14175468
14181597
14187526
14191980
14192882
14194223
14194280
14203158
14207660
14210387
14220148
14223123
14224546
14226324
14230820
14231527
14233270
14234166
14235294
14236707
14239557
14241391
14248843
14251777
14255387
14256785
14268051
14271504
14276986
14278060
14280068
14280331
14281626
14283800
14284478
14285122
14285493
14289957
14290482
14297736
14309064
14318521
14325055
14326123
14327000
14327757
14332787
14338052
14340348
14345431
14345664
14346119
14346606
14347235
14347250
14355161
14359902
14360703
14372528
14375434
14378933
14389932
14392571
14392690
14394714
14395066
14411716
14413035
14416881
14423522
14423814
14426761
14431046
14437508
14440571
14440587
14448400
14453097
14457467
14460040
14460731
14470084
14470976
14475151
14476254
14481418
14483680
14490724
14494092
14494692
14496847
14501006
14501311
14503733
14505379
14513984
14517726
14521621
14522341
14525074
14530050
14549440
14556788
14559116
14559829
14560461
14560938
14567250
14582361
14589238
14589543
14590601
14597016
14599627
14600742
14615536
14617035
14617233
14620349
14620770
14625187
14627129
14627245
14629664
14633798
14640898
14642965
14644810
14646324
14656132
14665550
14669691
14678101
14678550
14689653
14691839
14695132
14701427
14713422
14716777
14718222
14729749
14731797
14732598
14742168
14747961
14752393
14755783
14761300
14764052
14764325
14772123
14775525
14776379
14790969
14798122
14798430
14803136
14804267
14804651
14808732
14809083
14814182
14815530
14841718
14846305
14849158
14851379
14866565
14867074
14885631
14889527
14903661
14907535
14913111
14914528
14922872
14931876
14938193
14942202
14946475
14953414
14968202
14973618
14975871
14979901
14983147
14983944
14985713
14989144
14991447
14992480
15001848
15006884
15007887
15008264
15008691
15008823
15008857
15009429
15010843
15011832
15011842
15043223
15043465
15046343
15052466
15056606
15059421
15065387
15071746
15075688
15083363
15085446
15087476
15088157
15088739
15102053
15106200
15111317
15122498
15128404
15138112
15140848
15149607
15149695
15152048
15156845
15159591
15161190
15165689
15168171
15173059
15177410
15177614
15179465
15179747
15188943
15193872
15203454
15205772
15213991
15217465
15219570
15226997
15235288
15237392
15237851
15246981
15247040
15251495
15252032
15259814
15259902
15262202
15262211
15263028
15264244
15267250
15267828
15267882
15269773
15279958
15280181
15287733
15291550
15296608
15300048
15300381
15305223
15308078
15316017
15317230
15322907
15332102
15335049
15337226
15339036
15341706
15342284
15350474
15352139
15354099
15358963
15366245
15374429
15374796
15380241
15393266
15400711
15402263
15407698
15418782
15420356
15433962
15447486
15449704
15464822
15468595
15469006
15486678
15486794
15513413
15514877
15522420
15525442
15535184
15536934
15540754
15552312
15552997
15553057
15581026
15581384
15585120
15593165
15596897
15600463
15609948
15612631
15614745
15637242
15642648
15656795
15660973
15663462
15667882
15669917
15675462
15678893
15679788
15680099
15687363
15688902
15690140
15692892
15698418
15700520
15705091
15714154
15715266
15730327
15733299
15734823
15734926
15735589
15736020
15749683
15750597
15753195
15753807
15766047
15768585
15787341
15803985
15820617
15824653
15825957
15830582
15833340
15834521
15847791
15848806
15855768
15857445
15857848
15870496
15889772
15893316
15901425
15902043
15906897
15907466
15909027
15909096
15910680
15911701
15916696
15920177
15924732
15929375
15934647
15938869
15939787
15943000
15951483
15957794
15960009
15961508
15974011
15974046
15979223
15981224
15983656
15985029
15988227
15990555
16011126
16011666
16014164
16016416
16018678
16019065
16021540
16022923
16046585
16050286
16052146
16065479
16069292
16075918
16083785
16090866
16095415
16097479
16101579
16112826
16126243
16126331
16130227
16131493
16133214
16157100
16162893
16163440
16164552
16166927
16181183
16208713
16222348
16236387
16247135
16260549
16278347
16281388
16289911
16292726
16329005
16329096
16331964
16337987
16344879
16367087
16380558
16381743
16391243
16423183
16437930
16448307
16468991
16469509
16469572
16483160
16512618
16524098
16532432
16559626
16562095
16578705
16606433
16610432
16634097
16644820
16689440
16695977
16699741
16702188
16703080
16706778
16709621
16738313
16764816
16779101
16781752
16782151
16793156
16793979
16821905
16828424
16829146
16831820
16832360
16836821
16848571
16875497
16890307
16896238
16914632
16916209
16921638
16944606
16960116
17015440
17016734
17026269
17076858
17084841
17087373
17108198
17140321
17157572
17162557
17170320
17197548
17213690
17218723
17240620
17281112
17288042
17290021
17297143
17299600
17304765
17315631
17329329
17329907
17336341
17336498
17337516
17340510
17348153
17349199
17352674
17366855
17374630
17384093
17388523
17405654
17424733
17433331
17440648
17462928
17470512
17474583
17483025
17484511
17487162
17491975
17501479
17505415
17510702
17514896
17525829
17532715
17541556
17541587
17559152
17563132
17567474
17568548
17576138
17578950
17585387
17588504
17599088
17602229
17606986
17612682
17617985
17630042
17634566
17643369
17645712
17647365
17658319
17660958
17661499
17662316
17665752
17666324
17684699
17686267
17687134
17688092
17694536
17695453
17703753
17711522
17712072
17713351
17721717
17726991
17731914
17732514
17735599
17735703
17736363
17754452
17764706
17770609
17770716
17787093
17789044
17797439
17800090
17805641
17806398
17823065
17838191
17842819
17859554
17861986
17869940
17876937
17879506
17881498
17911004
17912078
17912446
17945521
17948144
17948625
17953607
17961050
17971301
17975206
17981834
17988146
18000646
18003747
18010511
18020523
18030771
18040145
18042693
18043705
18045923
18049545
18053098
18069943
18085133
18094514
18102952
18104586
18112814
18113992
18114177
18114410
18118512
18124824
18133454
18138851
18140036
18143909
18145860
18148468
18149027
18168806
18186211
18187587
18195946
18204331
18205638
18209502
18209848
18211312
18211500
18217268
18217360
18219486
18224290
18243183
18244402
18248015
18262061
18267735
18272548
18276842
18280653
18284338
18285136
18285821
18288608
18289824
18291259
18294479
18295258
18298293
18298739
18299569
18300125
18302641
18303882
18304909
18306411
18315980
18317699
18318657
18332402
18336043
18337836
18346580
18351700
18353896
18359306
18362127
18363023
18367556
18369664
18375671
18379529
18380634
18384348
18387995
18389289
18399820
18400169
18405670
18410184
18411136
18412302
18420869
18423652
18430828
18435568
18437541
18438041
18446994
18448923
18453472
18466906
18470522
18472548
18475683
18482029
18482073
18487668
18489710
18495004
18495815
18496738
18518893
18520712
18521302
18531201
18538122
18538408
18540931
18541764
18553843
18554861
18569648
18571499
18573176
18578005
18579152
18582981
18587612
18588086
18589641
18594351
18597941
18599874
18601972
18604253
18606210
18609462
18610024
18611557
18616339
18616665
18618136
18629891
18630605
18631437
18634557
18637969
18638418
18639816
18645863
18651226
18654930
18657051
18657073
18657563
18664144
18666730
18667701
18667745
18671068
18678043
18678734
18679441
18680135
18680248
18680440
18681520
18691633
18691636
18696452
18697888
18698843
18699625
18699666
18702296
18707495
18716028
18719003
18719270
18723926
18727281
18733215
18734145
18737199
18743196
18744698
18749888
18758216
18758728
18767795
18771606
18780188
18782117
18784068
18785975
18790059
18791592
18798422
18804683
18810172
18810175
18817438
18819003
18822465
18824350
18825632
18825635
18831315
18831374
18832204
18832835
18842046
18846529
18847318
18850777
18851289
18851754
18862156
18873503
18877650
18878479
18886220
18887285
18888432
18891285
18891438
18893298
18896575
18899362
18901165
18903945
18906971
18915202
18916499
18919279
18929065
18934481
18934745
18935433
18937523
18938305
18939373
18954905
18959190
18959771
18960695
18966032
18973893
18979997
18981012
18981436
18982548
18988718
18991040
18991756
18993738
18993845
18995020
19006427
19018802
19020187
19021177
19027419
19032395
19034403
19041192
19044575
19045995
19063123
19064248
19066909
19067157
19070981
19072281
19074003
19074169
19075281
19078244
19079026
19081423
19082381
19087304
19087358
19096811
19116320
19124476
19128962
19145380
19152662
19163142
19166193
19170770
19174779
19183927
19192887
19199927
19202139
19205095
19206273
19214884
19218139
19220926
19223502
19223957
19228968
19232474
19234252
19243778
19246897
19253152
19254085
19256014
19258408
19259162
19260177
19261804
19264682
19264713
19267801
19269561
19270302
19272495
19277273
19279111
19286129
19288420
19292997
19299588
19302918
19307615
19308526
19314199
19316220
19319911
19324934
19326430
19326621
19335534
19335562
19343884
19353451
19356690
19361267
19362875
19364333
19365583
19384401
19396789
19403977
19415821
19424928
19425647
19428751
19432213
19433410
19448600
19448735
19456473
19457667
19459539
19462225
19462363
19467660
19472294
19472636
19473594
19473949
19477942
19479658
19479780
19481335
19485259
19488200
19490242
19493292
19502038
19503754
19511306
19517966
19520916
19521152
19521488
19524495
19528161
19540912
19540960
19544909
19547205
19547296
19549030
19549392
19552602
19554933
19555694
19572900
19577465
19580239
19585297
19588951
19594662
19595017
19601467
19605563
19610335
19612557
19617168
19620222
19624331
19625823
19629584
19631485
19632034
19633467
19633721
19636128
19638892
19639238
19639263
19641337
19642728
19644239
19648427
19650306
19655383
19658147
19658845
19661173
19662357
19668015
19669055
19680173
19680616
19692366
19693698
19695290
19698259
19699777
19707307
19710992
19711803
19714680
19725057
19736065
19744365
19757550
19761104
19772376
19774383
19777829
19780748
19789466
19797197
19798454
19801806
19806022
19823957
19828296
19833260
19837042
19845575
19845726
19847541
19856922
19864019
19864057
19872325
19874949
19877638
19900339
19904681
19909249
19923376
19931720
19933046
19933260
19936122
19956825
19972699
19974025
19980211
19983544
19985762
19988187
19995353
19997182
20001508
20001690
20006286
20007577
20010590
20011875
20012978
20013188
20013317
20017288
20027976
20031466
20032327
20040919
20051487
20051805
20056162
20068647
20071637
20072241
20076752
20078031
20082649
20085831
20088926
20089466
20098115
20101794
20120775
20122786
20141331
20141428
20148317
20148635
20151101
20156486
20164415
20170252
20200053
20226380
20229276
20230703
20231001
20231579
20240253
20241664
20253982
20259118
20262583
20263306
20270547
20273422
20276124
20277616
20279781
20287283
20288436
20288967
20291574
20292809
20295133
20295825
20310113
20315057
20326355
20327844
20329738
20336376
20342776
20343724
20352339
20356592
20360689
20363699
20363780
20369112
20377204
20380387
20383689
20385090
20387258
20400814
20443577
20447608
20452329
20457676
20465970
20471961
20472794
20475112
20480472
20492903
20499642
20520094
20522924
20524847
20528808
20529675
20532867
20535362
20536942
20538227
20538918
20545650
20549838
20553869
20558295
20559627
20560491
20565976
20572033
20577060
20577456
20577999
20580689
20581254
20587198
20588291
20592831
20604847
20610772
20615950
20616399
20620398
20620826
20620979
20621347
20624024
20625667
20632396
20636596
20640668
20643787
20657859
20658886
20681911
20682036
20688169
20691848
20698643
20699827
20700204
20702215
20704602
20705325
20705466
20705696
20706000
20706459
20707898
20720423
20723813
20731061
20737451
20748013
20749546
20757020
20758785
20758870
20761245
20763074
20764406
20765662
20784367
20794436
20797135
20803607
20806927
20807040
20810355
20812098
20812560
20817785
20824225
20828061
20828067
20831586
20840514
20845142
20845603
20849392
20852273
20854010
20854818
20857708
20863749
20867481
20872395
20874022
20877707
20878213
20879353
20884487
20894204
20896544
20903135
20907135
20924363
20925698
20926729
20930508
20932396
20954488
20965754
20967048
20967569
20974751
20977220
20985731
20985747
20996362
21000946
21009331
21011841
21020486
21023509
21024363
21024772
21026568
21028774
21044846
21046452
21058214
21058858
21064092
21065399
21068515
21079300
21086893
21095655
21101885
21107559
21107650
21112623
21122167
21122249
21123722
21133263
21134988
21137749
21138268
21141576
21141708
21143838
21149471
21156492
21156951
21169869
21171424
21175829
21195869
21195878
21196092
21200814
21201518
21202435
21206843
21208319
21209670
21212937
21216314
21221372
21231850
21234228
21241846
21241931
21242848
21245390
21250470
21250954
21252151
21255446
21262568
21268038
21280299
21282112
21285571
21295809
21301860
21306808
21309306
21311247
21318762
21324831
21334316
21335475
21341862
21343376
21343822
21351676
21352195
21357278
21361440
21366360
21366608
21367563
21372018
21374594
21375530
21378242
21384324
21385590
21390029
21395765
21396513
21397647
21400990
21401125
21403110
21406975
21408649
21415868
21427379
21427477
21428479
21431350
21433323
21436041
21439572
21445622
21451500
21453769
21455116
21456508
21457183
21458732
21464199
21465851
21469385
21480076
21483425
21486052
21486777
21486903
21490783
21494713
21501269
21505184
21506283
21513138
21513475
21515403
21516654
21517254
21520609
21526060
21526770
21536524
21549565
21550426
21550728
21553112
21553659
21554780
21563888
21576482
21603151
21605008
21606698
21607433
21608263
21614203
21614989
21616233
21617596
21617892
21621611
21625463
21625821
21635183
21653476
21662854
21663394
21668091
21669219
21673209
21673784
21674886
21675166
21676523
21678132
21681251
21683504
21689331
21694688
21695165
21720578
21724282
21731253
21736631
21753316
21757385
21759059
21760850
21768584
21779580
21779759
21781540
21784503
21786372
21791480
21794983
21800446
21803648
21819993
21824822
21829098
21833920
21857806
21861679
21862876
21866659
21867567
21867783
21868955
21870325
21870435
21874104
21879222
21887915
21887962
21892106
21894066
21903224
21924288
21933948
21934467
21941199
21948934
21951152
21967265
21968886
21971905
21972694
21974466
21974689
21974874
21976372
21979081
21985515
21989432
21990205
21991248
21994986
21995825
22003742
22005859
22007031
22009576
22014191
22023207
22024128
22024357
22025070
22028215
22035934
22051774
22064906
22066436
22068481
22089668
22091857
22099960
22113010
22113318
22117172
22118897
22127785
22128495
22131467
22133512
22139691
22149141
22150115
22156854
22160162
22172160
22177274
22177994
22178509
22178801
22181610
22187956
22192693
22203833
22203843
22209325
22209868
22209925
22211794
22220138
22225369
22227646
22228159
22230355
22231762
22232535
22241312
22241774
22242654
22244112
22247859
22248265
22273687
22275468
22297827
22307773
22308169
22308568
22308706
22319802
22319934
22332283
22337549
22338667
22338909
22341561
22343031
22343904
22353477
22356703
22358500
22360800
22368415
22369662
22372933
22376338
22377538
22378939
22380513
22387004
22390293
22395213
22396768
22399922
22400623
22400940
22414436
22425777
22426654
22432601
22432984
22448636
22451705
22459128
22460929
22463677
22470162
22471073
22480893
22481299
22487953
22488732
22500959
22501763
22501892
22509818
22512419
22518596
22528784
22528844
22530314
22531470
22547536
22548120
22554196
22555600
22556797
22557580
22558249
22567337
22571236
22571315
22573570
22579244
22580881
22581368
22581503
22588707
22599033
22606651
22607697
22614955
22618734
22622048
22632054
22633148
22633710
22640018
22645855
22649942
22655531
22673190
22683614
22684396
22688157
22690048
22691832
22693472
22697820
22705555
22722648
22722812
22728190
22728429
22729142
22740691
22743235
22789652
22811279
22821288
22827037
22840625
22843725
22845588
22855359
22876938
22879766
22882973
22885933
22905740
22906092
22907776
22910937
22911370
22913095
22914358
22915303
22920977
22921272
22923032
22927219
22940681
22947024
22948991
22954950
22958183
22976411
22978459
22984795
22986684
22990535
23000079
23000422
23006089
23007189
23011543
23012784
23013048
23017474
23024873
23026176
23028153
23029029
23030147
23030713
23033647
23040901
23052717
23055098
23056059
23057313
23059908
23060860
23061202
23063451
23066690
23069923
23072452
23078889
23081293
23089643
23089822
23090262
23094547
23096193
23099137
23108609
23117525
23117955
23121505
23124081
23125875
23137138
23142588
23142635
23153719
23157702
23169929
23171158
23173473
23181000
23184302
23184368
23185110
23186338
23191346
23197588
23202985
23204647
23210670
23215514
23222419
23224568
23225903
23227691
23242758
23249534
23252409
23253097
23259345
23261988
23265575
23285015
23295097
23306394
23307280
23328347
23331423
23334546
23337131
23339409
23344153
23345846
23347828
23349761
23352981
23357746
23369889
23369999
23372075
23372361
23376096
23377604
23378698
23386985
23396639
23399253
23401817
23404936
23405122
23425555
23426510
23431847
23432686
23437200
23442868
23444467
23445259
23446757
23455447
23465390
23465846
23472493
23476552
23499244
23503205
23510497
23511210
23517104
23534009
23547558
23554014
23577670
23580573
23592169
23593441
23600073
23600334
23607823
23610921
23615011
23615275
23616268
23617261
23618860
23620924
23621659
23625847
23626444
23638944
23671771
23700384
23711741
23718618
23739060
23752462
23761102
23766329
23797290
23797422
23804104
23806840
23810459
23815219
23816271
23823934
23831470
23846277
23856477
23861303
23862113
23869839
23876379
23877693
23883866
23886715
23895106
23898983
23908766
23918599
23921188
23921788
23925932
23931791
23945319
23954894
23956471
23957759
23962261
23972719
23974884
23979452
23980545
23987925
23998594
24002907
24005166
24020264
24022712
24025778
24033789
24034090
24040251
24044524
24052086
24053653
24069612
24082364
24083536
24084309
24085421
24111512
24117242
24123865
24125313
24127810
24134643
24136177
24136877
24147505
24148171
24150502
24160521
24163945
24165949
24196391
24197120
24197152
24202175
24207409
24208581
24210639
24217151
24232975
24235715
24272980
24278227
24286665
24300026
24307126
24329758
24335985
24344486
24355507
24369028
24369776
24381186
24381623
24390806
24391575
24393171
24417205
24428561
24431480
24432843
24436164
24440327
24447160
24451847
24455541
24455991
24456289
24462396
24463851
24467102
24467790
24472094
24474473
24476003
24476276
24486518
24495920
24497158
24507133
24508465
24513513
24514361
24517000
24519344
24522841
24530852
24531936
24532074
24536337
24537609
24542209
24543245
24545699
24553518
24554313
24557816
24557998
24562912
24582983
24583788
24603432
24611675
24612291
24614892
24616482
24619124
24641360
24644134
24648778
24662462
24665039
24670376
24672079
24675645
24675937
24678010
24678802
24679141
24684595
24689128
24690501
24694475
24698308
24699873
24706021
24721066
24728386
24728477
24731835
24750556
24751888
24770474
24770882
24779949
24781274
24784237
24792707
24794758
24799364
24799879
24801123
24805207
24808402
24815898
24815998
24817208
24819190
24821012
24824952
24832627
24832862
24839818
24848740
24849305
24850694
24851206
24851885
24852020
24854288
24875481
24888044
24905342
24941345
24942944
24954021
24962582
24963628
24969179
24985450
24987488
24987715
24992091
24994868
24999357
25000718
25003322
25004692
25011955
25014249
25015502
25016328
25017516
25020296
25021660
25022310
25029598
25031571
25033283
25036218
25037355
25043560
25046764
25049884
25062296
25063355
25063411
25064366
25074064
25078302
25087190
25087620
25088393
25090442
25094466
25095628
25105653
25108214
25110541
25111773
25142378
25143120
25149915
25155265
25158470
25165975
25166732
25171237
25173703
25173983
25181315
25181601
25189964
25208622
25215816
25223727
25232306
25234581
25235731
25241659
25242435
25243264
25252466
25254345
25256189
25258523
25259673
25271001
25277178
25277476
25282453
25289813
25295182
25307384
25312847
25314421
25316991
25317384
25334964
25335385
25353644
25356506
25357361
25361957
25363741
25366625
25367009
25367605
25371755
25376619
25383112
25386420
25386436
25390715
25392336
25393348
25398286
25398984
25401877
25408930
25412562
25413385
25419483
25421305
25429630
25435662
25445834
25456616
25458102
25458426
25460565
25462390
25488488
25526287
25527469
25527698
25533692
25550980
25553729
25570571
25573524
25578381
25584052
25589901
25592132
25594353
25605144
25618619
25622178
25624393
25628031
25629303
25638734
25642894
25643271
25645319
25663688
25665274
25672758
25673461
25679525
25687652
25689147
25694680
25694997
25698019
25699304
25700847
25702260
25715106
25715904
25716837
25718490
25722813
25733193
25741028
25742718
25746711
25775416
25785186
25796084
25798415
25800966
25807227
25814663
25819803
25829947
25847660
25847798
25850110
25869443
25872569
25873942
25895779
25899863
25900847
25905386
25915505
25915904
25916457
25919476
25922653
25925973
25927214
25932071
25941251
25944446
25944553
25986571
25986798
25989170
25994331
26009433
26015198
26022492
26033001
26034343
26047151
26049231
26049686
26053000
26058080
26069459
26076295
26097724
26099389
26101626
26104749
26105251
26109756
26110397
26112188
26112851
26113709
26124010
26129863
26135495
26138219
26150930
26157242
26173125
26180571
26184096
26184212
26200863
26202430
26211117
26217136
26218412
26240538
26243975
26254559
26260600
26263943
26268866
26271153
26271712
26281664
26285836
26292198
26300175
26304029
26305195
26315330
26355749
26362909
26383373
26393722
26399845
26413394
26427535
26427987
26428487
26432791
26435313
26435392
26443475
26443912
26450569
26453459
26453528
26460534
26470870
26473358
26478774
26480505
26482692
26485792
26485975
26486034
26490828
26495956
26505248
26547921
26555533
26556054
26556397
26562152
26562846
26574875
26579616
26581734
26595120
26596116
26602540
26609955
26612631
26619247
26619376
26630010
26661464
26662259
26663035
26670414
26690555
26690957
26700652
26702682
26705713
26708359
26710394
26720567
26739099
26739275
26743824
26766428
26778683
26793860
26801409
26824205
26826011
26846667
26881058
26886022
26892657
26899006
26905044
26922109
26932631
26950839
26957248
26959783
26975011
26991821
26994052
26994737
26994752
26997002
27001020
27003483
27004180
27007174
27011302
27020159
27029963
27034748
27053975
27055904
27087536
27105198
27130479
27134566
27137016
27153070
27153532
27164232
27179532
27194573
27196063
27196697
27202409
27218679
27223775
27229360
27231365
27231374
27241701
27246510
27253409
27256523
27265947
27271008
27275058
27276773
27278429
27279701
27286889
27290555
27291111
27303668
27308695
27310128
27327356
27332445
27332841
27344324
27356409
27361848
27381197
27391008
27391174
27391727
27393584
27403467
27407781
27418431
27420357
27426649
27433696
27433897
27434406
27448179
27454198
27464754
27468857
27469255
27474084
27479918
27488520
27491278
27498510
27507863
27512063
27512942
27519678
27521598
27532122
27542728
27552841
27574116
27582877
27586776
27589189
27594806
27621657
27634403
27635807
27646350
27653972
27655376
27677386
27685743
27689060
27704721
27705946
27715663
27720693
27723602
27739630
27750607
27754540
27757550
27760073
27761307
27768483
27774003
27774015
27776601
27779579
27794445
27795573
27797065
27804991
27806656
27808032
27820124
27823448
27829998
27830378
27830617
27839649
27842225
27845612
27848106
27857889
27863956
27865602
27898526
27915823
27920696
27974892
27992770
28005689
28009057
28014360
28028035
28043328
28057578
28057660
28059605
28062520
28071681
28075922
28079752
28082347
28083377
28083710
28121315
28124303
28130237
28131651
28134792
28170195
28175005
28219553
28241475
28244107
28244805
28245153
28246702
28249219
28251119
28258628
28262492
28263705
28264028
28271251
28274584
28275574
28282865
28288438
28288910
28289708
28295447
28309487
28316530
28318447
28324152
28334205
28336140
28356972
28357641
28359514
28363054
28366124
28402415
28408177
28414963
28417972
28419462
28419763
28425575
28425943
28433646
28440253
28455298
28458175
28462608
28473456
28476428
28483660
28485727
28487615
28492626
28509038
28509226
28524843
28525936
28530178
28532405
28547585
28561452
28567214
28580883
28581470
28590210
28592824
28596773
28599710
28606635
28609949
28610351
28619760
28624011
28625437
28626028
28639866
28646335
28646354
28646627
28657023
28668593
28668869
28669645
28678348
28678498
28681128
28683695
28689896
28693496
28696717
28697182
28698733
28700311
28704985
28721918
28729446
28739279
28748317
28750375
28753429
28756661
28757381
28766435
28770764
28791392
28791599
28795633
28805133
28809855
28820341
28822179
28825657
28827269
28830319
28835880
28841409
28845817
28845986
28853539
28854930
28859998
28868543
28872753
28876522
28896208
28911096
28924334
28927375
28938849
28939511
28959247
28963309
28963859
28964013
28968025
28971465
28983308
28984948
28989947
28990339
28994822
28996453
29011831
29018475
29020637
29035339
29044566
29045540
29053419
29055955
29062313
29067896
29070582
29072712
29086770
29088756
29089541
29093902
29096406
29098489
29100323
29101417
29103587
29109142
29110248
29114841
29126857
29128604
29135949
29136483
29138245
29142534
29144117
29144205
29145283
29146081
29146913
29156621
29158901
29159253
29169460
29169856
29173629
29175253
29199748
29200270
29202039
29206299
29207709
29215120
29223357
29223750
29232349
29234070
29246313
29248173
29252420
29253275
29258996
29260664
29262492
29268169
29275555
29279702
29293607
29304706
29306789
29312271
29316556
29317564
29339480
29346040
29353322
29365593
29368600
29370943
29375301
29375599
29390644
29391948
29424105
29429160
29429600
29432038
29433078
29433835
29441142
29441783
29456391
29458864
29477864
29478203
29478631
29484970
29485850
29486048
29498470
29508155
29510493
29524696
29528202
29528585
29531761
29535735
29541054
29542923
29544733
29547962
29550564
29552430
29557723
29568383
29573152
29574842
29590842
29592011
29592014
29593340
29596224
29601857
29605975
29609604
29618529
29621485
29627473
29629459
29632698
29634875
29642518
29642688
29643907
29650771
29660284
29663743
29674578
29677515
29689585
29697304
29706619
29708457
29725321
29725497
29729606
29731680
29731695
29740165
29743668
29748933
29758751
29760755
29761625
29767506
29771411
29785979
29789739
29822085
29828780
29840115
29841805
29842631
29842845
29847771
29850573
29861123
29862986
29869812
29877563
29884930
29886064
29894248
29901018
29912921
29922038
29924498
29936665
29952110
29957881
29961563
29962631
29969272
29973271
29981204
29983450
29986878
29992737
30001872
30002542
30018623
30024517
30025921
30029292
30040077
30047928
30048396
30051993
30066825
30078213
30089325
30096111
30102595
30107128
30126480
30128962
30143310
30143869
30144655
30144893
30153090
30173727
30176030
30179294
30185363
30197823
30197854
30200958
30211332
30213402
30213946
30226082
30227432
30233172
30237583
30245848
30247476
30252559
30253847
30262851
30268967
30273991
30282335
30285172
30285313
30293007
30298825
30299014
30302535
30303029
30310751
30316399
30324360
30331224
30331372
30343970
30359430
30366077
30367994
30373026
30381063
30401043
30405536
30406481
30409990
30413339
30418432
30420496
30426851
30431529
30431721
30432714
30436022
30445242
30455553
30461836
30462643
30469938
30486246
30494650
30502938
30503151
30503861
30532412
30535824
30538387
30543423
30546131
30550294
30552550
30552669
30565370
30574751
30579181
30582489
30587390
30590428
30591942
30595404
30596108
30602451
30606814
30607031
30613041
30613622
30613939
30631083
30632679
30635949
30645047
30647159
30647815
30649669
30669687
30671918
30672910
30673463
30677431
30679844
30684305
30710606
30712306
30716641
30718259
30721495
30726729
30734168
30749606
30753844
30754362
30762449
30763803
30765452
30787035
30789146
30791348
30794590
30798150
30798555
30801342
30803136
30813242
30819456
30822199
30826729
30829519
30829575
30830125
30832849
30834464
30843967
30848054
30861641
30863200
30869332
30871770
30873969
30875926
30879055
30879571
30914009
30914665
30925482
30927508
30929214
30931909
30938441
30940166
30942786
30945688
30956411
30979294
30985866
30992665
30995612
30997892
31003126
31003701
31006821
31008976
31015243
31016371
31020606
31030870
31031790
31032283
31051777
31054994
31070708
31096749
31113340
31117191
31121765
31124269
31124395
31126974
31128762
31143112
31155544
31168409
31172703
31183171
31183215
31186372
31187846
31189036
31193098
31195480
31199539
31204424
31207766
31211200
31212994
31213129
31216041
31226713
31237508
31241403
31248529
31278773
31282184
31285741
31294550
31295172
31296582
31298103
31300214
31304128
31313390
31321018
31322893
31331410
31337722
31338812
31345943
31350263
31350486
31365452
31366027
31366875
31367014
31369898
31371531
31383118
31394179
31396730
31399146
31405451
31405511
31411046
31413717
31418759
31421216
31424147
31426927
31429230
31429538
31431743
31433788
31441246
31447341
31450794
31453750
31460837
31470165
31475747
31480834
31502853
