Feature	Gain	Cover	Frequency
modelito_110	0.402693157591066	0.0261358018907995	0.00817641228939544
modelito_111	0.119283567313397	0.0171736366462736	0.00619425173439049
modelito_112	0.0899570460244575	0.012423064206424	0.00520317145688801
modelito_109	0.0460800284004419	0.00982492652334757	0.00470763131813677
modelito_100	0.0457151263754996	0.0173560564239575	0.00743310208126858
ttarjeta_visa__avg	0.0255113635723979	0.00414421025702399	0.0012388503468781
modelito_101	0.0222433801327671	0.0127017133203371	0.00644202180376611
mcaja_ahorro_Paquete__min	0.0133814933786062	0.00263641069922248	0.00272547076313181
mdescubierto_preacordado__tend	0.00997819561444969	0.0102479021647562	0.00173439048562934
modelito_104	0.00596550635330067	0.00428841881342491	0.00371655104063429
ttarjeta_visa__tend	0.00564338930042265	0.00224478979721357	0.000743310208126858
tmovimientos_ultimos90dias__min	0.00526704953382157	0.0032625365069483	0.00346878097125867
marketing_coss_selling__tend	0.00500283621664253	0.0135611917470102	0.00421209117938553
tplan_sueldo	0.00499991587546241	0.00757010672350424	0.00222993062438057
mv_cuenta_estado2__max	0.00479576309484513	0.00147061647455852	0.000495540138751239
mcuenta_corriente_Paquete	0.00463065747639147	0.00653316615963731	0.00569871159563925
mcaja_ahorro_Paquete	0.00456899425406844	0.00567905107753635	0.00371655104063429
mv_marca_atraso	0.00396513530503973	0.00334080229352193	0.00173439048562934
modelito_103	0.00394236108771504	0.00341120208451237	0.00371655104063429
ctarjeta_visa_transacciones	0.00379877642475792	0.00837697326203663	0.00421209117938553
modelito_106	0.0031801656527959	0.00612667310562729	0.00495540138751239
modelito_102	0.0030373139510565	0.00189563961493728	0.00297324083250743
mdescubierto_preacordado	0.0022342875316628	0.00507685071938992	0.00198216055500496
ctarjeta_debito_transacciones	0.0022010634400622	0.00102906906503048	0.000991080277502478
mplan_sueldo	0.00202532406624583	0.00553576761523	0.00346878097125867
mv_Finiciomora__avg	0.0020023086012568	0.00335124843122277	0.00148662041625372
mactivos_margen	0.00193372190101972	0.00480820704715814	0.00470763131813677
modelito_105	0.00172474335012536	0.00316406677671295	0.00396432111000991
mcaja_ahorro_Paquete__tend	0.00169893247197525	0.00258585148677492	0.00272547076313181
mv_mpagospesos	0.00154311202780718	0.000416377285609609	0.000991080277502478
Visa_Finiciomora__tend	0.0014042635719374	0.00219425250818612	0.000991080277502478
mprestamos_personales	0.00139863109314517	0.00507218530389558	0.00322101090188305
mv_cuenta_estado2	0.00137600281184855	0.00441366957919223	0.00173439048562934
cextraccion_autoservicio	0.00128058173749093	0.00161344414674746	0.000991080277502478
tmovimientos_ultimos90dias__tend	0.00127681404179113	0.00776687942812762	0.00619425173439049
mcuentas_saldo	0.0012568645518383	0.00989849855655909	0.00545094152626363
modelito_108	0.00125065164787185	0.00473308442565571	0.00495540138751239
mv_mpagominimo__tend	0.00118005907447676	0.00252277499414574	0.00322101090188305
tmovimientos_ultimos90dias	0.00116634888764251	0.00489403579279441	0.00396432111000991
mtarjeta_visa_consumo	0.00115975507050108	0.00317076631092664	0.00222993062438057
mrentabilidad__min	0.00115693127789314	0.00719992473992248	0.00520317145688801
mv_mpagospesos__max	0.00113571014089871	0.00209433100731658	0.00148662041625372
mvr_mconsumospesos	0.00112665138289521	0.000648486008333905	0.0012388503468781
mv_fechaalta__tend	0.00109822587780742	0.00355544511446047	0.00445986124876115
mprestamos_personales__max	0.00107932584274911	0.00452508036289861	0.00322101090188305
Visa_Fvencimiento__tend	0.0010623672190033	0.00329282467909267	0.00445986124876115
marketing_coss_selling	0.00106015265271981	0.00659933450575226	0.00396432111000991
mrentabilidad	0.00103953782285109	0.00429678705770877	0.00396432111000991
thomebanking__tend	0.00101335228210516	0.00583476696615866	0.00693756194251734
mrentabilidad__avg	0.00100204008517551	0.00436392628702076	0.00445986124876115
mttarjeta_visa_debitos_automaticos__tend	0.000932292169026043	0.00674134648879614	0.00470763131813677
modelito_107	0.000927880593288326	0.000645594249315672	0.0012388503468781
mprestamos_personales__tend	0.000914689863457394	0.0092013356662873	0.00421209117938553
mcuenta_corriente_Paquete__tend	0.000908683560657452	0.00337058326765887	0.00470763131813677
mcuenta_corriente_Paquete__avg	0.000904494682601948	0.00420287327508468	0.00421209117938553
Visa_marca_atraso__tend	0.000855474712577103	0.00423626858764043	0.00173439048562934
mpasivos_margen__avg	0.000817320276167817	0.00273946159732157	0.00297324083250743
mv_tconsumos__tend	0.000797826151337411	0.00302184736194674	0.00247770069375619
Master_fechaalta__avg	0.000796226717819243	0.00290660007043757	0.00346878097125867
mv_fechaalta__max	0.000768018972934189	0.0015775777898166	0.00198216055500496
cliente_antiguedad__tend	0.000764655836098843	0.0207461034696916	0.00322101090188305
mcomisiones_otras__max	0.000761059010963337	0.00352633234977334	0.00421209117938553
mactivos_margen__min	0.000740637629973962	0.00418053963893513	0.00371655104063429
mprestamos_personales__avg	0.000733996930876841	0.00287302207353613	0.00222993062438057
foto_mes	0.000732447444733767	0.00233161373981874	0.00445986124876115
Visa_tconsumos__avg	0.000725079848755778	0.00630481342455673	0.00495540138751239
Visa_fultimo_cierre	0.000721611559916055	0.00625272628811256	0.00445986124876115
Master_Finiciomora	0.000715256214542675	0.00338650687212052	0.0012388503468781
marketing_coss_selling__min	0.000709424143850539	0.00178021403862575	0.00371655104063429
tcallcenter	0.00070294274604692	0.00333703757259708	0.00148662041625372
tcallcenter__tend	0.000688232967809838	0.00539907826248623	0.00445986124876115
mv_Finiciomora	0.000685676695849077	0.00744008008446694	0.00222993062438057
Master_fultimo_cierre__tend	0.000646632445367385	0.00273446750471668	0.00470763131813677
tcajas_depositos__tend	0.000638953743438409	0.00192720100244899	0.00371655104063429
mcaja_ahorro_dolares__tend	0.000633104234968989	0.00186927215939229	0.00396432111000991
mactivos_margen__tend	0.000624537069878727	0.00332963227651145	0.00495540138751239
mvr_msaldopesos	0.000624311383530917	0.00260560805827698	0.00198216055500496
tcajas_consultas__tend	0.000621507041373199	0.00293752287516303	0.00371655104063429
mcuentas_saldo__tend	0.00062113328946046	0.00321420889101231	0.00297324083250743
mcomisiones_otras__min	0.000608158858449275	0.00444466062844119	0.00346878097125867
mcomisiones_otras__avg	0.000605068467272308	0.00405288116162599	0.00322101090188305
mcuenta_corriente_Paquete__min	0.00057789588390966	0.00319637445706205	0.00520317145688801
tpagomiscuentas__tend	0.00057447870718058	0.00285470493256948	0.00322101090188305
mpasivos_margen	0.000566237556975122	0.00304928066778514	0.00421209117938553
tpagomiscuentas	0.000562843380792091	0.00278686853637518	0.00148662041625372
mrentabilidad__tend	0.000560151614646912	0.00379459415407412	0.00495540138751239
mrentabilidad_annual__tend	0.000559507667934965	0.00322892682568042	0.00297324083250743
mcomisiones__max	0.000556361590856335	0.00268737071854657	0.00346878097125867
mpagomiscuentas	0.00055235745245951	0.00561065240176005	0.00222993062438057
mcomisiones_mantenimiento__tend	0.000545402287023371	0.00360052446427007	0.00148662041625372
mrentabilidad__max	0.0005431492464106	0.00260684944162125	0.00371655104063429
Visa_fultimo_cierre__avg	0.000538837118716942	0.00259254529390913	0.00346878097125867
mactivos_margen__avg	0.000532009026976641	0.00478614073132494	0.00272547076313181
mcomisiones	0.000530966501570984	0.00379506766738915	0.00396432111000991
Visa_tconsumos__max	0.000529852221737772	0.00122302362886165	0.00247770069375619
Visa_Fvencimiento__avg	0.000527373298233871	0.00214966492957477	0.00346878097125867
Master_fechaalta__min	0.000525900277325807	0.00202057548342304	0.00322101090188305
mvr_mpagominimo	0.000524877146058848	0.00207163842319793	0.00148662041625372
mv_marca_atraso__tend	0.000521268533277916	0.00213196284903709	0.00148662041625372
cliente_edad	0.00051928472205546	0.0029562294022807	0.00545094152626363
internet__tend	0.000516338079005334	0.00209516609080146	0.00421209117938553
mvr_Master_mlimitecompra	0.00051490644093335	0.00225007839028717	0.00371655104063429
cliente_antiguedad__min	0.000500940521318606	0.0035528048671337	0.00322101090188305
mcuentas_saldo__min	0.000494875839424031	0.00142964496819199	0.00346878097125867
mrentabilidad_annual__max	0.00047899634570093	0.00259090831940137	0.00247770069375619
Visa_mpagospesos__min	0.000474769017753453	0.0017934778744923	0.00396432111000991
mvr_mpagospesos__min	0.000471063930314594	0.00431028384048877	0.00396432111000991
mv_fultimo_cierre__max	0.000470330587184023	0.00132778574590848	0.00198216055500496
mvr_msaldototal__tend	0.000469472837711942	0.00145931695640586	0.00272547076313181
Visa_msaldototal__tend	0.000468794789092745	0.00130155220081996	0.00346878097125867
mv_mpagominimo__max	0.000468737914011182	0.000968277288776978	0.00148662041625372
ccomisiones_otras__avg	0.000468610504425279	0.00396028619716837	0.00322101090188305
Master_msaldopesos	0.000461097824111048	0.00272992643827184	0.00198216055500496
mcomisiones_mantenimiento	0.000458325108230949	0.0102719658593415	0.00322101090188305
chomebanking_transacciones__avg	0.00045592921171123	0.00230403166736231	0.00272547076313181
Visa_fultimo_cierre__max	0.000455354405753458	0.00112668125798322	0.00272547076313181
Master_Fvencimiento__max	0.000454442385396974	0.00202037173038	0.00421209117938553
cliente_edad__avg	0.000450471932672922	0.00294939581482377	0.00346878097125867
mcuenta_corriente_Paquete__max	0.000448501912500353	0.00286673505543244	0.00322101090188305
mv_mpagado__tend	0.000448022613898584	0.00187479256922858	0.00322101090188305
mvr_msaldopesos__tend	0.000446132633101749	0.0023263399636981	0.00297324083250743
mv_fultimo_cierre	0.000445728544507978	0.00132956005981561	0.00272547076313181
Visa_Fvencimiento__min	0.000444476169457868	0.00131646871998704	0.00272547076313181
Visa_fultimo_cierre__tend	0.000443041790055842	0.00214865544331467	0.00297324083250743
mvr_Master_mlimitecompra__avg	0.000441899950679426	0.00152212963876347	0.00396432111000991
mes	0.000438397032747926	0.0026507087361976	0.00297324083250743
cliente_edad__max	0.000432159137319105	0.00202253194006008	0.00297324083250743
Visa_fechaalta__avg	0.000429366626604664	0.0020903502544041	0.00297324083250743
ctarjeta_visa_transacciones__tend	0.00042878243959693	0.00300384861101219	0.00247770069375619
cliente_edad__min	0.000427715934603101	0.00348100328034932	0.00396432111000991
tplan_sueldo__max	0.000427500051279057	0.00181388440614566	0.0012388503468781
mv_Fvencimiento	0.000426445541082325	0.00278371340506056	0.00346878097125867
mtransferencias_emitidas__avg	0.000424362084055539	0.0028926968988296	0.00297324083250743
tmovimientos_ultimos90dias__max	0.000422335574180709	0.00205406860616774	0.00198216055500496
Visa_msaldopesos__tend	0.000419089383596187	0.00110217203869432	0.00322101090188305
ccallcenter_transacciones__tend	0.00041858562053219	0.00132760590793316	0.00371655104063429
tcajas__avg	0.000415852730457943	0.000544535670621835	0.00173439048562934
Visa_Finiciomora	0.000414744925564915	0.00315472984216718	0.000743310208126858
mvr_msaldodolares2__max	0.000400486543624876	0.00194017173989807	0.00272547076313181
tcajas_depositos__max	0.000398639528065881	0.00104632860771165	0.00173439048562934
mtarjeta_master_consumo	0.000393399784943029	0.00487018742278722	0.00173439048562934
mv_Fvencimiento__max	0.000391652299824108	0.00154714923114567	0.00297324083250743
cliente_antiguedad__avg	0.000387478996741998	0.00311256167112631	0.00297324083250743
Visa_mfinanciacion_limite__tend	0.000382899376698285	0.00123714822579528	0.00222993062438057
mv_Fvencimiento__avg	0.00038222113038028	0.0027142999227028	0.00346878097125867
mcaja_ahorro_dolares__min	0.000378897712038059	0.00136662293932081	0.00297324083250743
mcaja_ahorro_dolares	0.000377945218273531	0.00375324788518236	0.00198216055500496
mvr_msaldopesos2__avg	0.000373433020394639	0.0015143767539679	0.00297324083250743
Master_Fvencimiento__avg	0.000371089492633245	0.00289130259159947	0.00421209117938553
Master_mfinanciacion_limite__max	0.000370688697360124	0.00163124095479067	0.00247770069375619
mvr_mpagospesos__tend	0.00036671329985614	0.00105675727107717	0.00198216055500496
mvr_mconsumospesos__min	0.00036649396063205	0.00122953364001112	0.00222993062438057
ccomisiones_mantenimiento	0.000365754429171095	0.00254248557763032	0.000991080277502478
tmovimientos_ultimos90dias__avg	0.000364995257022602	0.00208964648143269	0.00297324083250743
Master_fultimo_cierre__max	0.000362733952420208	0.00123249178729357	0.00222993062438057
Visa_fechaalta__min	0.000361844245709698	0.00122645440545479	0.00272547076313181
tcajas__tend	0.000361577104221861	0.00573912425265857	0.00222993062438057
mcomisiones__avg	0.000359560841151331	0.00218537284160401	0.00297324083250743
cprestamos_personales__avg	0.000353470423415291	0.000631206042211746	0.00148662041625372
ctarjeta_visa_descuentos__tend	0.000353046084676363	0.00125520793226011	0.00222993062438057
ctarjeta_master_transacciones__tend	0.000353021215044055	0.000586066014266566	0.000495540138751239
tplan_sueldo__tend	0.00035299435723758	0.00178233476436014	0.000743310208126858
ccallcenter_transacciones__avg	0.000350836682925423	0.00255033151076644	0.00198216055500496
Master_Fvencimiento__min	0.000350449281091941	0.00235093433185375	0.00346878097125867
mvr_msaldopesos2__min	0.000349757327214088	0.0011394876110504	0.00247770069375619
mv_msaldototal__tend	0.000348559660020151	0.00108037194745912	0.00173439048562934
Visa_mpagospesos__tend	0.00034815458189978	0.000886310474294076	0.00173439048562934
mv_fultimo_cierre__avg	0.000347419204400171	0.00115690399482617	0.00272547076313181
cliente_antiguedad__max	0.00034701763915516	0.00161578876301773	0.00346878097125867
mv_Fvencimiento__min	0.000346914126417225	0.00167861461928145	0.00297324083250743
tseguro_vivienda	0.000346196544158144	0.000680760308606556	0.0012388503468781
mrentabilidad_annual	0.000346043520106018	0.00149488808526107	0.00247770069375619
mvr_mpagado__tend	0.000344832378711318	0.00122723194031306	0.00247770069375619
internet__avg	0.000341547191127989	0.00268786296802118	0.00272547076313181
mv_cuenta_estado2__avg	0.000339028968802397	0.00398480353626099	0.00222993062438057
mcomisiones_mantenimiento__max	0.000335624017888691	0.00180746025436294	0.00148662041625372
mcuenta_debitos_automaticos__tend	0.000334319222046491	0.00211787118989678	0.00272547076313181
Master_marca_atraso__tend	0.000332012379601816	0.000610924435562408	0.000991080277502478
cliente_antiguedad	0.000331343655585841	0.00231484100076708	0.00322101090188305
Master_mpagominimo__tend	0.000329267367368827	0.00234347982615136	0.00247770069375619
ctarjeta_visa_transacciones__min	0.000326012862580193	0.00211518904454761	0.00173439048562934
mcuenta_debitos_automaticos	0.000325672869063346	0.000910455986262853	0.00148662041625372
ccheques_emitidos__max	0.000324468353031033	0.000502858302176658	0.000743310208126858
tcaja_ahorro	0.000322447145597285	0.00681172466563375	0.00173439048562934
Visa_Fvencimiento	0.000321908667185679	0.00199403817904568	0.00222993062438057
mvr_msaldopesos2	0.000320144414569929	0.00192327550714401	0.00247770069375619
Master_fechaalta	0.000319881804371213	0.000824853111197337	0.00247770069375619
mtarjeta_visa_consumo__tend	0.000318434586408872	0.00149287545607609	0.00173439048562934
ctransferencias_emitidas__avg	0.000317712317669011	0.00127374311181497	0.00222993062438057
tplan_sueldo__avg	0.000312449765662399	0.00173195116216319	0.0012388503468781
tplan_sueldo__min	0.0003114482100556	0.00181176200905056	0.000991080277502478
cprestamos_personales__tend	0.000310275204813728	0.00119929325024011	0.00173439048562934
marketing_coss_selling__avg	0.000308822961223055	0.00193914325306999	0.00272547076313181
mvr_mpagospesos__avg	0.000308331427999298	0.00118682025016012	0.00247770069375619
Master_msaldototal__tend	0.000308002758863874	0.00102047500942583	0.00198216055500496
Visa_mfinanciacion_limite	0.000307440164762549	0.00282984899677494	0.00272547076313181
mcaja_ahorro_Paquete__max	0.000305580239445609	0.00266124911850746	0.00222993062438057
Master_fultimo_cierre__avg	0.000305193913345388	0.00102508038642188	0.00247770069375619
ttarjeta_visa_debitos_automaticos__avg	0.000303919420798039	0.00379173951150072	0.00272547076313181
Visa_mpagominimo__max	0.00030384303385338	0.0023728543280796	0.00173439048562934
mcomisiones_otras	0.000299930952321171	0.00219328716126998	0.00222993062438057
mv_msaldototal	0.000298590821028518	0.00117347443367616	0.000991080277502478
mvr_mpagominimo__tend	0.000298161469764966	0.000591097845534481	0.00173439048562934
mvr_mconsumosdolares__min	0.000297105564945308	0.000918564130109041	0.00148662041625372
Visa_mpagospesos__avg	0.000296499886873769	0.00176544052450238	0.00198216055500496
mrentabilidad_annual__avg	0.000294671360191333	0.00108706841753233	0.00247770069375619
mactivos_margen__max	0.000292062724610474	0.00195244249062897	0.00198216055500496
tcaja_seguridad__avg	0.000291222945656374	8.61256878087603e-05	0.000247770069375619
mtransferencias_emitidas	0.000289804186586728	0.000218568507572804	0.000247770069375619
mvr_Visa_mlimitecompra__min	0.000289743046850679	0.00125849771424982	0.00247770069375619
ccomisiones_otras__max	0.000282203494839552	0.00119018150735677	0.00148662041625372
Visa_fechaalta__max	0.00028074937432101	0.00111834555715895	0.00148662041625372
Visa_cuenta_estado__tend	0.000280562218220649	0.000723480091989781	0.00148662041625372
Master_fechaalta__max	0.000277442655424843	0.00140563379254264	0.00297324083250743
mvr_mpagado__max	0.000276405383155416	0.0010580049187463	0.00148662041625372
mcomisiones_otras__tend	0.00027397376686309	0.0024070231138436	0.00198216055500496
mtransferencias_emitidas__tend	0.000271748254804362	0.000999928403759764	0.00198216055500496
mv_msaldopesos	0.000268774560342325	0.00112412058540724	0.00173439048562934
mcheques_emitidos__min	0.000268492793543414	0.000377274707743677	0.000247770069375619
mv_tconsumos	0.000267179951397854	0.000449053061552813	0.000991080277502478
Master_Fvencimiento	0.000265841838973513	0.00122567583169318	0.00247770069375619
Master_mfinanciacion_limite__tend	0.000265836603427719	0.000850529579961296	0.00222993062438057
tcuenta_debitos_automaticos__tend	0.000264910660171744	0.00191042086183543	0.00198216055500496
tseguro_vida_mercado_abierto	0.000264794035453451	0.000430131837007503	0.000743310208126858
mv_fultimo_cierre__tend	0.000261085112094733	0.00270743740210023	0.00247770069375619
Master_mpagospesos	0.000259585534310648	0.000633898507542134	0.00148662041625372
mv_mpagominimo	0.000259156320254961	0.000606425538978006	0.00148662041625372
mcomisiones__tend	0.000256498682732738	0.00188662013153971	0.00198216055500496
Visa_msaldototal	0.000256176944794827	0.000528091099842856	0.000991080277502478
ccomisiones_otras__tend	0.00025511853633114	0.00137068693217761	0.00247770069375619
Visa_mconsumospesos__tend	0.000253781512977323	0.00184785903467477	0.00198216055500496
Visa_msaldodolares__tend	0.000253314314248159	0.000404937051652964	0.00148662041625372
mcaja_ahorro_Paquete__avg	0.000252774855504674	0.00100968574077817	0.00173439048562934
ccallcenter_transacciones__max	0.000252727365873756	0.00174035570937564	0.00173439048562934
Visa_mfinanciacion_limite__max	0.00024994605221597	0.00122701469338917	0.00198216055500496
mvr_mconsumosdolares__tend	0.000248142928558036	0.000854336479518584	0.00173439048562934
mvr_msaldototal	0.000248112592491623	0.000764246689939129	0.00173439048562934
ctarjeta_debito_transacciones__tend	0.000247967660765635	0.000859479209284412	0.00247770069375619
mvr_Visa_mlimitecompra__tend	0.000247874229658907	0.00121385099057206	0.00173439048562934
mpagomiscuentas__tend	0.000247753574259834	0.000588996122490831	0.00148662041625372
Visa_mconsumototal	0.000247490792311584	0.000871519378105349	0.00173439048562934
mplan_sueldo__max	0.000247073512930822	0.000680208256353572	0.000991080277502478
mv_tconsumos__max	0.000246227727537108	0.00221910529792664	0.00173439048562934
mdescubierto_preacordado__avg	0.000245395519379125	0.00254438338711286	0.00148662041625372
mtarjeta_visa_consumo__min	0.00024439376495491	0.00121612908830938	0.00148662041625372
mcomisiones_mantenimiento__min	0.000243856934943005	0.000320497768423519	0.000495540138751239
ccajeros_propio_transacciones__avg	0.000243036708650505	0.00107081013061189	0.00148662041625372
Visa_mconsumospesos__max	0.000241742983990696	0.00103245937215574	0.00148662041625372
ctransferencias_emitidas__tend	0.000240921242867806	0.00121702999606008	0.00148662041625372
mv_mpagospesos__tend	0.000235188627349327	0.00100050773221995	0.0012388503468781
mcomisiones__min	0.000233016955929638	0.000961565634856859	0.00198216055500496
Master_mconsumospesos__avg	0.000232277915906886	0.00081050976274057	0.00173439048562934
mcheques_emitidos__avg	0.000232102070297527	0.00049768891242814	0.000743310208126858
Visa_msaldopesos	0.000231287389319517	0.00122318811491747	0.0012388503468781
cextraccion_autoservicio__tend	0.000230134476326813	0.00081121645144663	0.00148662041625372
Visa_Finiciomora__avg	0.000225435870807735	0.000499839399871032	0.000991080277502478
Visa_mlimitecompra	0.000223805064100348	0.000903031682117161	0.00198216055500496
Visa_mpagominimo	0.000222976268204362	0.00257988224915926	0.00148662041625372
mcuenta_debitos_automaticos__max	0.000221591872993193	0.000450151255110884	0.0012388503468781
mpasivos_margen__min	0.000221244156709181	0.00218440972729986	0.00173439048562934
mv_mpagospesos__min	0.000217018684214736	0.000329400800060208	0.000991080277502478
mvr_mpagospesos__max	0.000216886440393302	0.000731409896591089	0.00173439048562934
tcajas_extracciones__tend	0.000215948460410826	0.000533964751796351	0.00148662041625372
mv_fechaalta__min	0.000215128622890332	0.000993701787614441	0.00222993062438057
Visa_mpagominimo__avg	0.000214564715037838	0.00084085215140392	0.0012388503468781
Visa_mconsumospesos__min	0.00021452493028863	0.00149221475226582	0.00148662041625372
mv_msaldototal__max	0.000214359399239327	0.000558498207064219	0.0012388503468781
mcajeros_propio__avg	0.000213478152656113	0.000964770228334163	0.00198216055500496
Visa_msaldodolares__avg	0.000213335413822064	0.000454383523773038	0.0012388503468781
Master_mfinanciacion_limite__min	0.000213158432271226	0.000833267892981153	0.00148662041625372
mvr_Master_mlimitecompra__min	0.000212129684283175	0.0013278335235993	0.00173439048562934
mv_tconsumos__avg	0.000212057510758242	0.00033119216534288	0.0012388503468781
Master_fechaalta__tend	0.000211446107374473	0.000619007115038815	0.00173439048562934
Master_Fvencimiento__tend	0.000209942292704454	0.000690622224918439	0.00198216055500496
Visa_fechaalta__tend	0.000209474042531827	0.000969074042410393	0.0012388503468781
mv_mfinanciacion_limite__avg	0.000208764616347314	0.00125564955608147	0.00148662041625372
mttarjeta_visa_debitos_automaticos__max	0.000208343317594788	0.00127522877713863	0.0012388503468781
mprestamos_personales__min	0.000208210671676377	0.00066538581294251	0.000991080277502478
mvr_mconsumototal__avg	0.0002079964008582	0.000617133120729443	0.00173439048562934
mcuentas_saldo__avg	0.000206475151635195	0.00332280558652354	0.00173439048562934
mvr_msaldodolares__tend	0.00020569690091503	0.000652438163933741	0.00148662041625372
mvr_msaldototal__min	0.000204666927005069	0.00108776727875109	0.00173439048562934
mvr_mpagosdolares__max	0.000204554241143264	0.000979775840891656	0.000991080277502478
mv_mpagominimo__avg	0.000204347096492494	0.000634534632922423	0.00148662041625372
Visa_msaldototal__min	0.000203113296611652	0.000587388708029453	0.00148662041625372
Visa_mpagominimo__min	0.000199674320999315	0.00243744567287901	0.000991080277502478
ccajeros_propio_transacciones__tend	0.000198698367431114	0.00111388759985899	0.0012388503468781
mcajeros_propio__max	0.000198384806280481	0.00154316440225455	0.00173439048562934
mv_mconsumosdolares__tend	0.00019610472686781	0.000699243461830475	0.0012388503468781
Master_mconsumosdolares__max	0.000195885717080271	0.000767151099384806	0.000991080277502478
Master_fultimo_cierre__min	0.000195832395316092	0.00110164906512085	0.00148662041625372
mplan_sueldo__tend	0.000195532507503241	0.000715549877508643	0.00148662041625372
ccomisiones_mantenimiento__min	0.000195274631455264	0.000557547705102723	0.000247770069375619
mtransferencias_emitidas__max	0.000195125700443307	0.00104228249629169	0.000743310208126858
mvr_mconsumosdolares	0.00019489525933039	0.00192964156649917	0.0012388503468781
Visa_mconsumospesos__avg	0.000194780232317904	0.000733535738175179	0.00148662041625372
Master_mpagospesos__min	0.000194691230252041	0.000403468170393273	0.00173439048562934
Master_mconsumospesos__tend	0.000193753551974442	0.00150516648446437	0.0012388503468781
mcomisiones_mantenimiento__avg	0.0001916575699421	0.000915403089095205	0.000991080277502478
Master_msaldopesos__min	0.000189615751089306	0.000332762653783409	0.000743310208126858
mvr_mpagosdolares__tend	0.000188991969373001	0.000772878034962282	0.00173439048562934
mv_mconsumototal	0.000188534032654114	0.000760738674598056	0.000743310208126858
mcaja_ahorro_dolares__max	0.000185217722987201	0.00104838242220262	0.00198216055500496
mcheques_depositados__max	0.000184704207986689	0.000586088239243354	0.000743310208126858
ccomisiones_mantenimiento__tend	0.000184522229571754	0.00412962343988556	0.0012388503468781
tcaja_ahorro__avg	0.000179822476679257	0.000308956501710921	0.000495540138751239
mautoservicio__tend	0.000179060820173525	0.00298759852493493	0.00148662041625372
mpasivos_margen__tend	0.000178138491807609	0.000633648551396139	0.00148662041625372
mprestamos_prendarios	0.000177937267414377	0.0023539798260889	0.000991080277502478
mv_msaldopesos__max	0.000175513181697407	0.000386948333128187	0.000991080277502478
tcaja_ahorro__max	0.000174683625798674	0.000452348009027331	0.000743310208126858
ctarjeta_master_transacciones	0.000174669804460292	0.000368851896373402	0.000743310208126858
Visa_tconsumos__tend	0.00017422726435195	0.0007749174221827	0.0012388503468781
mpagodeservicios__avg	0.000173496213669537	0.000692023442791182	0.00148662041625372
Visa_mpagospesos	0.000171910335371397	0.00102700286736121	0.0012388503468781
thomebanking__max	0.000171257363855781	0.000610615571287404	0.0012388503468781
Master_msaldopesos__tend	0.000170644575707598	0.000402513438834045	0.000991080277502478
Visa_mlimitecompra__tend	0.000169863875273888	0.000550623385672569	0.0012388503468781
mvr_msaldototal__max	0.000169661747966367	0.00100341940037832	0.00173439048562934
tcajas_depositos	0.000168586215476832	0.000339632619027406	0.000743310208126858
Master_mlimitecompra__avg	0.000168543998182886	0.00146426734826631	0.000991080277502478
mv_cuenta_estado2__tend	0.000167056531064141	0.000255686394012622	0.000495540138751239
mvr_mpagosdolares__avg	0.000166608163247805	0.00230394521924205	0.000991080277502478
tcuentas__max	0.000166366553252433	0.000486823264406647	0.000743310208126858
Master_tconsumos__tend	0.000166015613935763	0.00107244640523344	0.00148662041625372
mvr_mconsumototal	0.000165850409028645	0.000763816146327729	0.000991080277502478
mvr_mconsumospesos__tend	0.000165713164802902	0.000968534137022664	0.00148662041625372
ccomisiones_otras	0.000164302515994018	0.000640886227546565	0.0012388503468781
mv_Fvencimiento__tend	0.000164273390348787	0.000665636931611344	0.00173439048562934
Visa_mconsumototal__max	0.000163801592845179	0.000662654083122265	0.00173439048562934
Visa_mpagominimo__tend	0.000163168949261081	0.000310228724063988	0.000991080277502478
tcajas_extracciones__avg	0.00016272380185912	0.0011884652362421	0.00198216055500496
mv_mconsumototal__tend	0.000162129971186405	0.00270389622173695	0.0012388503468781
ccajeros_ajenos_transacciones__avg	0.000162118969234859	0.00063488263307305	0.0012388503468781
Visa_mconsumosdolares	0.000161284277321965	0.000847186554487971	0.000743310208126858
Visa_mpagado__min	0.00016108080194287	0.000644976891624188	0.000743310208126858
Master_mlimitecompra__max	0.000160864766918211	0.000576846122108222	0.00148662041625372
mcaja_ahorro_dolares__avg	0.000159688019547559	0.000616411589253928	0.0012388503468781
Visa_msaldototal__max	0.00015893640322303	0.000570675327256625	0.000991080277502478
Visa_mfinanciacion_limite__avg	0.000157805302949586	0.000259189737753792	0.000991080277502478
mv_mconsumototal__avg	0.000157547853694036	0.000299812154182575	0.00148662041625372
mvr_mconsumospesos__avg	0.000157462872585659	0.000313733230327998	0.000743310208126858
cprestamos_personales	0.000157380882097369	0.000846377166191722	0.00148662041625372
ctarjeta_master_transacciones__avg	0.00015698000686213	0.00106784902167451	0.000991080277502478
tpagomiscuentas__avg	0.000156888444889884	0.000593927264046925	0.00148662041625372
mpasivos_margen__max	0.000156404307455224	0.00290966344236351	0.00173439048562934
Master_marca_atraso	0.000156040265623349	0.000322313278843555	0.000495540138751239
ctarjeta_visa_transacciones__avg	0.00015592063585368	0.00192090184372345	0.000991080277502478
mplan_sueldo__avg	0.000155458303049875	0.00191374218927572	0.000743310208126858
tcajas_depositos__avg	0.000155427838146727	0.000815974756386761	0.00173439048562934
mcambio_monedas_compra__tend	0.000154438200927413	0.000779480915578631	0.0012388503468781
Master_mconsumototal__tend	0.000154029518045927	0.000549336692032909	0.0012388503468781
mcajeros_ajenos__max	0.000152597315236106	0.00222120641311195	0.0012388503468781
ttarjeta_debito__avg	0.000152441957654594	0.00184980797549552	0.000991080277502478
Visa_mlimitecompra__min	0.000152362634938574	0.00108254445946536	0.0012388503468781
mttarjeta_visa_debitos_automaticos__avg	0.000152185394804628	0.000524736581501417	0.000991080277502478
Master_fultimo_cierre	0.000151641713557327	0.000901140968581624	0.00173439048562934
mdescubierto_preacordado__min	0.000151398720112829	0.00323591094979318	0.000495540138751239
Master_mlimitecompra__min	0.000151259753327284	0.00146067179623532	0.0012388503468781
tcajas_consultas	0.000150857172397427	0.00145470297006034	0.000495540138751239
mttarjeta_master_debitos_automaticos__max	0.00015074794596359	0.00326949275080399	0.000743310208126858
Master_mlimitecompra	0.000149308968733635	0.000644542627221709	0.0012388503468781
mplazo_fijo_dolares__max	0.000149145169684704	0.000383316717291194	0.000743310208126858
mcheques_depositados__avg	0.000148978398945994	0.000423054118880197	0.000743310208126858
mcajeros_ajenos__tend	0.000148968762803968	0.000648415840215954	0.000991080277502478
tcajas_otras	0.000148564860071414	0.000431173652266074	0.000495540138751239
cliente_edad__tend	0.00014846095561031	0.000837102089036726	0.00173439048562934
marketing_activo_ultimos90dias__avg	0.000147826896482592	0.000790081311725319	0.00173439048562934
mextraccion_autoservicio__avg	0.000145433768975419	0.000462213593342265	0.0012388503468781
Visa_mfinanciacion_limite__min	0.000145095680167285	0.000772914602611428	0.00148662041625372
mcajeros_ajenos	0.000144909730689752	0.000281055408200997	0.000743310208126858
mv_Finiciomora__max	0.00014427142475514	0.00115466821148423	0.0012388503468781
Master_tconsumos	0.000144064543887167	0.000310799586773132	0.000743310208126858
tplazo_fijo__min	0.000143639765571707	0.000333050759346333	0.000247770069375619
Visa_tconsumos	0.000142708860239152	0.000487849016933557	0.000991080277502478
mv_mconsumospesos__max	0.00014267918513555	0.00048758093585776	0.000991080277502478
Visa_mpagosdolares__avg	0.000142504700787519	0.00160940567726067	0.0012388503468781
mv_Finiciomora__tend	0.000141946787819775	0.00130513518773969	0.000991080277502478
mv_mconsumospesos__tend	0.000141728214658588	0.00062261145841465	0.0012388503468781
mv_mfinanciacion_limite__tend	0.000140480244716025	0.000605723545628023	0.0012388503468781
mvr_msaldopesos__min	0.000139443598486676	0.000378928201376326	0.000991080277502478
ccheques_emitidos_rechazados__avg	0.000139111909229383	0.00196553493803837	0.000743310208126858
mv_mconsumosdolares__min	0.000137722756794624	0.000351326841155085	0.000991080277502478
Visa_mconsumosdolares__tend	0.000136943373713759	0.000830591695790599	0.000991080277502478
ctarjeta_debito_transacciones__avg	0.000136673886379542	0.000881228093011818	0.000991080277502478
mv_mlimitecompra__max	0.000135974125777374	0.000413515961745242	0.000991080277502478
mvr_Visa_mlimitecompra__avg	0.000135065543950533	0.00143487319083644	0.0012388503468781
mv_fechaalta__avg	0.000133261470867525	0.000774758193077633	0.0012388503468781
tseguro_accidentes_personales__min	0.000131503494899427	0.000400953829846652	0.000743310208126858
mvr_msaldopesos2__tend	0.00013080399943222	0.00240427194548021	0.00148662041625372
Visa_msaldodolares__max	0.00012961149813529	0.000346502193746143	0.000743310208126858
mv_mconsumototal__max	0.000129493315968827	0.000882439615065193	0.000743310208126858
mvr_Master_mlimitecompra__tend	0.000128432172173793	0.000577512272981066	0.0012388503468781
Master_mpagospesos__avg	0.000128227782841826	0.000529034855800442	0.00148662041625372
mv_Finiciomora__min	0.00012723395983612	0.000416260833630207	0.000743310208126858
mvr_msaldodolares2__avg	0.000126611866605059	0.000524365589371152	0.000743310208126858
tcajas_consultas__max	0.000125559275695836	0.000606692438800735	0.0012388503468781
mv_mpagosdolares__avg	0.000124024406787724	0.000560081594388671	0.000991080277502478
mv_fechaalta	0.000123861299678473	0.0006356814320474	0.00148662041625372
mtarjeta_visa_descuentos__tend	0.000123499047191056	0.00178843016161403	0.000991080277502478
Master_mfinanciacion_limite	0.000123046362293112	0.00108856409138473	0.0012388503468781
Visa_mpagospesos__max	0.000122971914881559	0.000469169117957188	0.0012388503468781
mvr_mconsumototal__min	0.000122817096445088	0.000524495360821754	0.000991080277502478
Visa_mpagado	0.000121566661751676	0.000373352341011176	0.000743310208126858
Visa_Finiciomora__min	0.000121211549924416	0.000345747037140356	0.000743310208126858
Visa_cuenta_estado__max	0.000120314884604321	0.000580210702016159	0.000743310208126858
ctarjeta_visa_transacciones__max	0.000119892225254257	0.00035964552981242	0.000991080277502478
mv_mpagospesos__avg	0.000119758982182928	0.000283319280329879	0.000991080277502478
Visa_mpagosdolares__tend	0.000119468985456658	0.000260597491727019	0.000991080277502478
tcaja_seguridad__min	0.000119359276201595	0.000135209064400408	0.000247770069375619
tseguro_vida_mercado_abierto__avg	0.00011863074140645	0.000651490915412909	0.000743310208126858
mvr_mconsumototal__max	0.000118544872417399	0.000632847299386216	0.0012388503468781
Visa_mconsumototal__tend	0.00011852662999134	0.00128816152827986	0.000991080277502478
tcuenta_debitos_automaticos__avg	0.000117768521136191	0.000501226466931389	0.0012388503468781
tcaja_seguridad	0.000117663808868148	0.000263749467310335	0.000247770069375619
Master_mlimitecompra__tend	0.00011765997162071	0.00059735909577626	0.000991080277502478
mvr_mpagominimo__avg	0.000117504394275517	0.000332103535799139	0.000991080277502478
Visa_fechaalta	0.000117213160932941	0.000379324182877781	0.000991080277502478
mvr_mpagospesos	0.000116879288052185	0.00024895218171765	0.000991080277502478
mcuentas_saldo__max	0.000114800525471659	0.000304502985348104	0.000991080277502478
mcajeros_propio__tend	0.000114224552214474	0.000426132167500903	0.00148662041625372
Visa_mpagado__avg	0.00011364637586265	0.000281669086651293	0.000991080277502478
Master_msaldototal__min	0.000113375660516814	0.000401404632416421	0.000743310208126858
mv_mconsumospesos	0.000112207747306865	0.000731674799459306	0.000743310208126858
mv_mlimitecompra__tend	0.000111912509871989	0.000529716623313343	0.000743310208126858
thomebanking__avg	0.000109998755028348	0.000924610488503411	0.0012388503468781
mv_mpagosdolares__tend	0.000109243742655511	0.000417065243306893	0.000991080277502478
mpagomiscuentas__max	0.000107322070541923	0.000835589965860753	0.0012388503468781
mcajeros_ajenos__avg	0.00010729652027895	0.000193547779171038	0.000495540138751239
mcuenta_debitos_automaticos__avg	0.000107027654350573	0.000500110236787759	0.0012388503468781
tcajas_consultas__avg	0.000105545357025528	0.000404475660323201	0.000991080277502478
Master_mpagominimo__min	0.0001053115281248	0.000457149416281109	0.000991080277502478
Master_tconsumos__max	0.000105294714445392	0.000521605316555927	0.000991080277502478
Master_msaldototal__avg	0.000104725316065672	0.000367416519995917	0.000743310208126858
mttarjeta_master_debitos_automaticos__avg	0.000104289160511433	0.00145415944505599	0.000743310208126858
mextraccion_autoservicio__max	0.000103825377031319	0.000418465056537378	0.000991080277502478
Master_mpagospesos__max	0.000103338219413328	0.000303799677760432	0.000991080277502478
mpagodeservicios__tend	0.000103144789021769	0.000462789805716795	0.000991080277502478
Visa_mlimitecompra__avg	0.000103086376479492	0.000473017480308801	0.000991080277502478
mvr_mconsumototal__tend	0.000102992951924617	0.00061683079111894	0.0012388503468781
mautoservicio__avg	0.000102650122954756	0.000902749539010261	0.000991080277502478
Visa_Finiciomora__max	0.000101592637650954	0.00168950993848201	0.000991080277502478
mttarjeta_visa_debitos_automaticos__min	0.000101497854821807	0.000307212036607864	0.000991080277502478
Visa_mconsumosdolares__max	0.000101310335788082	0.000318786556655701	0.000743310208126858
mpagomiscuentas__min	0.000100589196904958	0.0014400612368289	0.000743310208126858
ccajeros_propio_transacciones__max	0.000100356732793479	0.00131076902378065	0.0012388503468781
mttarjeta_visa_debitos_automaticos	9.98945798767816e-05	0.000394150241722388	0.000991080277502478
ccheques_depositados__tend	9.87787975178822e-05	0.000160705102939227	0.000495540138751239
mvr_msaldopesos2__max	9.75831939735013e-05	0.00211910005014793	0.000991080277502478
mcuenta_debitos_automaticos__min	9.7557255417926e-05	0.000436900762659015	0.0012388503468781
tcajas_otras__tend	9.63981117474898e-05	0.00033914203751084	0.000743310208126858
mvr_msaldototal__avg	9.40699944624772e-05	0.000577804194828017	0.0012388503468781
mautoservicio__max	9.31839765808643e-05	0.0002795417491463	0.000495540138751239
tseguro_vida_mercado_abierto__max	9.29386063377012e-05	0.00102171151167258	0.000495540138751239
ctarjeta_visa_descuentos	9.26627329742923e-05	0.000226055911672609	0.000247770069375619
mv_mconsumosdolares__avg	9.20443001766652e-05	0.000225125802247228	0.000495540138751239
Master_mconsumototal__avg	9.15063324408821e-05	0.000666012873516621	0.0012388503468781
mttarjeta_master_debitos_automaticos__tend	9.10680828133755e-05	0.000195199716321712	0.000495540138751239
tcajas__max	9.03728472926608e-05	0.00051639632423693	0.000495540138751239
mv_msaldopesos__min	9.03209629289891e-05	0.000455717859933696	0.000991080277502478
mv_mfinanciacion_limite	8.99659111624369e-05	0.000305995255106368	0.000991080277502478
mv_mlimitecompra	8.99295620062166e-05	0.000734298778021906	0.00148662041625372
Master_mpagado__tend	8.94598504014238e-05	0.000466212853905546	0.000991080277502478
ccheques_depositados__max	8.90177880990036e-05	0.00035312180232943	0.000743310208126858
ccheques_emitidos_rechazados__max	8.88711748206885e-05	0.00200114617833316	0.000495540138751239
mvr_mpagado__avg	8.83208788439339e-05	0.00058695555713905	0.000743310208126858
mcheques_emitidos_rechazados__avg	8.78407345367453e-05	0.00482520161454754	0.000743310208126858
ccambio_monedas_venta__avg	8.74045541518405e-05	0.000288209440458516	0.000743310208126858
tcallcenter__max	8.70147592814212e-05	0.000321597071747619	0.000495540138751239
ccajeros_ajenos_transacciones__tend	8.69553313001472e-05	0.000483016214695361	0.000991080277502478
mtarjeta_master_consumo__tend	8.6296178153509e-05	0.000302987251296276	0.000743310208126858
Visa_mpagado__tend	8.59261371960031e-05	0.000322016984424796	0.000495540138751239
Master_mpagominimo	8.45117158715047e-05	0.0001821862717668	0.000495540138751239
Visa_Fvencimiento__max	8.39545912159244e-05	0.000297618834453496	0.000991080277502478
mvr_msaldodolares2__tend	8.38323970531423e-05	0.00187153479969649	0.000991080277502478
mcajeros_propios_descuentos__avg	8.38056658584756e-05	0.000253470791555218	0.000495540138751239
Visa_mconsumospesos	8.27437998352668e-05	0.000359681488229672	0.000991080277502478
mplazo_fijo_dolares__tend	8.24125567432365e-05	0.000303639419741488	0.000247770069375619
mv_fultimo_cierre__min	8.16918852789494e-05	0.000765593225440898	0.000991080277502478
Visa_mlimitecompra__max	8.16811851060349e-05	0.000346602709828746	0.000495540138751239
mtarjeta_master_consumo__max	8.00341788356815e-05	0.000424223142981962	0.000743310208126858
mcheques_emitidos__max	7.92846850290539e-05	0.000568906048659222	0.000495540138751239
tcuenta_debitos_automaticos__min	7.91313195306945e-05	0.000700177238634567	0.000495540138751239
tseguro_accidentes_personales__avg	7.8933624902592e-05	0.00174891436172701	0.000743310208126858
tseguro_vivienda__min	7.86574688137854e-05	0.000288298748372476	0.000495540138751239
Master_mfinanciacion_limite__avg	7.85566221394753e-05	0.000186314242088906	0.000495540138751239
mautoservicio__min	7.81819271531491e-05	0.000572166852800482	0.000743310208126858
Visa_mpagado__max	7.75988362594893e-05	0.000545681164562066	0.000743310208126858
Master_marca_atraso__max	7.71113547365312e-05	0.000394444043147753	0.000247770069375619
Master_msaldodolares__max	7.66354613900849e-05	0.000174427842823643	0.000247770069375619
mvr_msaldopesos__avg	7.63954222416077e-05	0.00124481293928958	0.000495540138751239
mvr_mpagominimo__max	7.62070944288588e-05	0.00107473646034853	0.000743310208126858
Master_msaldodolares__tend	7.60814580228963e-05	0.000224722537309177	0.000495540138751239
mv_mconsumosdolares__max	7.59101467917393e-05	0.000333207416478878	0.000991080277502478
ccajeros_ajenos_transacciones__max	7.53438600348904e-05	0.000204023509727372	0.000743310208126858
mv_msaldopesos__avg	7.47099112305543e-05	0.00123622330682835	0.000743310208126858
Visa_msaldopesos__max	7.36435290870573e-05	0.00029943040559434	0.000495540138751239
internet__max	7.31363794644903e-05	0.000552899901642097	0.000743310208126858
mcheques_depositados__tend	7.17650544640766e-05	0.000374412194728328	0.000495540138751239
mpagodeservicios	7.14407390539309e-05	0.000342625070192389	0.000495540138751239
tcambio_monedas__tend	7.13219151008148e-05	0.000243309875243092	0.000495540138751239
mv_marca_atraso__avg	7.08703410555437e-05	0.000413390843195532	0.000495540138751239
Master_mpagospesos__tend	7.07222449439792e-05	0.000138731571350371	0.000743310208126858
Master_mconsumototal__max	7.04860684390565e-05	0.000240313712995533	0.000495540138751239
mcambio_monedas_venta__max	7.04370899516083e-05	0.000242440059983617	0.000495540138751239
ccallcenter_transacciones	6.86504355643783e-05	0.000873295907174146	0.000247770069375619
mvr_Visa_mlimitecompra	6.80643522067688e-05	0.000452121807181269	0.000743310208126858
Master_mconsumospesos	6.71789013739646e-05	0.00158546995071715	0.000743310208126858
tcuentas	6.67322495778693e-05	0.000354889877821832	0.000495540138751239
mpagomiscuentas__avg	6.66897773393693e-05	0.000162393831877446	0.000743310208126858
mv_mlimitecompra__min	6.59146848008021e-05	0.000182899194329892	0.000743310208126858
Visa_mconsumototal__avg	6.55979349993777e-05	0.000818335230604862	0.000495540138751239
tseguro_vida_mercado_abierto__min	6.54933325025438e-05	8.8893990585049e-05	0.000247770069375619
tcuenta_debitos_automaticos__max	6.54838135071718e-05	0.000151082813364574	0.000743310208126858
ctarjeta_debito_transacciones__max	6.53247271218498e-05	0.000270253679268937	0.000495540138751239
mvr_mconsumosdolares__avg	6.52215365556525e-05	0.000464728671859883	0.000991080277502478
mvr_mpagado	6.48990609257173e-05	0.000136041334917158	0.000495540138751239
mv_msaldodolares__tend	6.44588258898356e-05	0.000325950834348127	0.000495540138751239
Master_mpagosdolares__tend	6.44004424805672e-05	0.00036769670922783	0.000495540138751239
Visa_mconsumosdolares__min	6.32425017698214e-05	0.000142195526982176	0.000495540138751239
mvr_Master_mlimitecompra__max	6.31229615380562e-05	0.000279479532322454	0.000743310208126858
tcuentas__avg	6.18023603012637e-05	0.000257544678967308	0.000495540138751239
mextraccion_autoservicio__tend	6.16324186128307e-05	0.000216130723712853	0.000743310208126858
tseguro_vivienda__avg	6.1281825966668e-05	0.000366024823447453	0.000495540138751239
Master_mpagosdolares__avg	6.11957091626597e-05	0.000147425339823006	0.000495540138751239
mdescubierto_preacordado__max	6.11538172487698e-05	0.000146593390841842	0.000495540138751239
Visa_cuenta_estado__avg	6.05991639573537e-05	0.000273622530293279	0.000495540138751239
cprestamos_personales__max	6.05476291651978e-05	8.45876710286073e-05	0.000247770069375619
Visa_mconsumototal__min	6.05291508478173e-05	0.000252739246899629	0.000495540138751239
Master_mconsumospesos__min	5.97811588907952e-05	0.000205731906654039	0.000247770069375619
ttarjeta_master__avg	5.83840640849914e-05	0.000158199303376733	0.000247770069375619
mvr_Visa_mlimitecompra__max	5.81059897658227e-05	0.000647608381632697	0.000743310208126858
ctransferencias_emitidas	5.78632307990185e-05	0.000122339477676498	0.000495540138751239
mvr_msaldodolares2__min	5.67960697716354e-05	0.00013738445493057	0.000495540138751239
mv_msaldopesos__tend	5.66230821595678e-05	0.000361373456560884	0.000743310208126858
mprestamos_prendarios__tend	5.66080131294202e-05	0.000252179020462823	0.000247770069375619
tpagodeservicios__max	5.59068514385192e-05	0.000232648826870965	0.000495540138751239
mv_marca_atraso__max	5.57030010180378e-05	8.54558473931018e-05	0.000247770069375619
mvr_msaldodolares2	5.52900891792209e-05	0.000171134886372399	0.000247770069375619
mvr_mpagado__min	5.52760392020388e-05	0.000261684319782528	0.000495540138751239
marketing_activo_ultimos90dias	5.50241715604617e-05	0.000222043828395001	0.000495540138751239
ttarjeta_master_debitos_automaticos__avg	5.44974650845836e-05	0.000127605253804439	0.000247770069375619
mtarjeta_visa_consumo__max	5.39401968536708e-05	0.0011012821727254	0.000247770069375619
tseguro_accidentes_personales__tend	5.29425500115437e-05	0.000231630357281178	0.000247770069375619
mtarjeta_visa_descuentos__max	5.27823045012604e-05	0.000195253070625845	0.000743310208126858
Master_msaldopesos__avg	5.26853543483829e-05	0.000382371398296052	0.000495540138751239
Master_mpagado__max	5.24532360961128e-05	0.000236183341770323	0.000495540138751239
Master_mconsumototal	5.14990441107521e-05	0.000154859204189417	0.000495540138751239
mrentabilidad_annual__min	5.09968912293572e-05	0.000226450535419811	0.000495540138751239
mcajeros_propio__min	5.09096666334858e-05	5.77674231392574e-05	0.000247770069375619
mcheques_depositados	5.06697153757301e-05	0.000237134895746311	0.000247770069375619
cextraccion_autoservicio__min	5.05739506289836e-05	0.000317195109089649	0.000495540138751239
Master_tconsumos__min	4.99598083736544e-05	3.67340753412713e-05	0.000247770069375619
Visa_mpagosdolares	4.98469984814462e-05	0.000174041940495101	0.000495540138751239
mvr_mconsumosdolares__max	4.98135557546077e-05	0.000423209016619959	0.000495540138751239
mv_msaldototal__avg	4.90052375731379e-05	0.000227099522223567	0.000247770069375619
Master_cuenta_estado__max	4.85639768586826e-05	0.000286021865290472	0.000495540138751239
marketing_activo_ultimos90dias__min	4.80937939506516e-05	0.000398719440658043	0.000743310208126858
tpagodeservicios__tend	4.780667684402e-05	0.000344311875223986	0.000247770069375619
mvr_msaldodolares__avg	4.73966401995748e-05	7.13934719658695e-05	0.000495540138751239
internet__min	4.63676842239701e-05	0.000392075137517361	0.000247770069375619
mvr_mpagosdolares	4.6158804610358e-05	0.000370006567501182	0.000247770069375619
Master_Finiciomora__max	4.61456748428836e-05	0.000140309176341162	0.000247770069375619
mvr_madelantopesos__min	4.53858867217962e-05	0.00010277357303127	0.000247770069375619
mv_mpagominimo__min	4.53201502395512e-05	0.000115842663221583	0.000247770069375619
tcallcenter__avg	4.50637399383758e-05	9.02239638511835e-05	0.000247770069375619
Master_msaldopesos__max	4.48870663123728e-05	7.69089590298985e-05	0.000495540138751239
mvr_madelantopesos__avg	4.43914109523159e-05	0.000235035080751024	0.000247770069375619
ccambio_monedas_compra__avg	4.37438643224631e-05	0.000185439949680515	0.000247770069375619
tplazo_fijo	4.37098911781935e-05	0.000552097829872514	0.000247770069375619
ctarjeta_master_transacciones__min	4.37044399866755e-05	0.000135851439433557	0.000247770069375619
mextraccion_autoservicio	4.34604896396299e-05	0.000115761667158623	0.000495540138751239
mtarjeta_visa_consumo__avg	4.31632088007951e-05	0.00134414767548611	0.000247770069375619
cprestamos_prendarios__avg	4.31137203013141e-05	0.000297328504051615	0.000247770069375619
Visa_marca_atraso__max	4.30813298046519e-05	7.1412158490352e-05	0.000247770069375619
Visa_mpagosdolares__max	4.29861306316251e-05	0.000154820749469765	0.000247770069375619
ccomisiones_otras__min	4.29775699524275e-05	0.000114077525253327	0.000495540138751239
ttarjeta_debito__min	4.25370798490674e-05	0.000710490012146052	0.000247770069375619
mv_mconsumospesos__avg	4.2095005868859e-05	0.000239688181432397	0.000495540138751239
Master_Finiciomora__min	4.19730533748301e-05	0.000148671883033007	0.000247770069375619
Master_tconsumos__avg	4.1498716321067e-05	0.000160093265670377	0.000743310208126858
ttarjeta_debito__max	4.13029546004625e-05	0.000125710612540016	0.000743310208126858
ccajeros_ajenos_transacciones	4.12291030388317e-05	8.69286064968359e-05	0.000247770069375619
Master_msaldototal	4.11364212281622e-05	8.21445949426365e-05	0.000495540138751239
Visa_fultimo_cierre__min	4.07334374391984e-05	0.000176014726769558	0.000495540138751239
ccomisiones_mantenimiento__max	3.9645249792085e-05	6.04650854836702e-05	0.000247770069375619
Master_cuenta_estado__tend	3.96421900886603e-05	6.12423487536357e-05	0.000247770069375619
ccajeros_propios_descuentos__avg	3.95394911942222e-05	0.000208950745718685	0.000247770069375619
marketing_activo_ultimos90dias__tend	3.95186828507915e-05	0.000169949518585548	0.000495540138751239
thomebanking	3.94652965514674e-05	5.79385749711795e-05	0.000247770069375619
tcaja_seguridad__max	3.92780209688947e-05	0.000340091638548353	0.000495540138751239
mv_madelantopesos__avg	3.89136729945839e-05	0.00112403555735046	0.000247770069375619
ccheques_emitidos	3.8910542978582e-05	0.00157121678731093	0.000247770069375619
Visa_mconsumosdolares__avg	3.80414910424421e-05	0.00101928674282397	0.000495540138751239
mv_mfinanciacion_limite__min	3.73679369088942e-05	0.000414448295385239	0.000247770069375619
mcajeros_propios_descuentos__max	3.69065800731624e-05	0.000199093292195877	0.000247770069375619
tplazo_fijo__max	3.68195020028016e-05	3.70950296299937e-05	0.000247770069375619
mcambio_monedas_venta__tend	3.64681650512981e-05	0.000295941418573199	0.000247770069375619
Master_cuenta_estado	3.59826119614013e-05	0.000118257516287307	0.000247770069375619
mvr_mpagominimo__min	3.52191583055313e-05	0.000131593560618011	0.000495540138751239
mv_mpagado__max	3.48372793283088e-05	0.000108495682141071	0.000247770069375619
tcajas	3.4527640931108e-05	0.00021812843180481	0.000247770069375619
mv_mfinanciacion_limite__max	3.43752307987452e-05	2.9748649009386e-05	0.000247770069375619
mplazo_fijo_dolares	3.35283294510083e-05	0.000250442534124872	0.000247770069375619
mvr_msaldodolares	3.35073688046351e-05	7.37227085334716e-05	0.000247770069375619
Visa_tconsumos__min	3.30278530082983e-05	0.000122846559275557	0.000247770069375619
mcheques_depositados_rechazados__avg	3.15377658855838e-05	0.000212256258290673	0.000247770069375619
Visa_msaldodolares__min	3.08632095150854e-05	0.000144279641987891	0.000247770069375619
mtransferencias_emitidas__min	3.08430811876985e-05	8.70884549481201e-05	0.000247770069375619
Master_mconsumototal__min	3.06934318073832e-05	7.68759468463489e-05	0.000247770069375619
mcambio_monedas_venta__avg	3.05604055741424e-05	0.000243698068590731	0.000495540138751239
ctarjeta_visa_descuentos__avg	2.9850393226125e-05	0.000122820970661928	0.000247770069375619
ttarjeta_master__min	2.97641239962501e-05	3.48377480441271e-05	0.000247770069375619
tseguro_accidentes_personales__max	2.95035431266847e-05	0.000261051852728005	0.000247770069375619
cprestamos_personales__min	2.926040026796e-05	0.000202574210234645	0.000247770069375619
mcheques_depositados_rechazados__max	2.91222804293675e-05	0.000103344745725693	0.000247770069375619
ttarjeta_master_debitos_automaticos	2.90131983329914e-05	7.50369961698755e-05	0.000247770069375619
mtitulos	2.8880630864732e-05	0.00318957970086479	0.000495540138751239
ttarjeta_visa__min	2.86169742993183e-05	9.01741295812982e-05	0.000247770069375619
Master_mpagominimo__avg	2.83133262386767e-05	0.000171906643267401	0.000247770069375619
Master_mpagado__avg	2.8122570429381e-05	0.000201801138477613	0.000247770069375619
ccheques_emitidos_rechazados__tend	2.77757702371196e-05	0.000312758117782963	0.000247770069375619
mv_tadelantosefectivo__avg	2.73117638956382e-05	9.40591981857472e-05	0.000247770069375619
Visa_marca_atraso__avg	2.69995347504007e-05	5.93318907478844e-05	0.000247770069375619
tcajas_extracciones__max	2.67219937988411e-05	7.01926567353586e-05	0.000247770069375619
mcheques_emitidos_rechazados__max	2.6382110176127e-05	0.000272029282440112	0.000247770069375619
marketing_coss_selling__max	2.51596112105006e-05	0.000104525216494342	0.000247770069375619
mv_msaldototal__min	2.49102699047391e-05	0.000100734004751977	0.000247770069375619
cextraccion_autoservicio__max	2.4771637116228e-05	9.39719146973016e-05	0.000495540138751239
ttarjeta_debito	2.46313982999485e-05	7.46729335997586e-05	0.000247770069375619
mv_tconsumos__min	2.43916042498064e-05	0.000174759600120245	0.000495540138751239
mv_mpagado	2.43563924732766e-05	0.000203093643482789	0.000495540138751239
mtarjeta_master_consumo__min	2.42740299552411e-05	0.000145139082573884	0.000247770069375619
mvr_msaldopesos__max	2.39131124233984e-05	0.000417866128141906	0.000247770069375619
ttarjeta_master_debitos_automaticos__tend	2.37906339372055e-05	6.58798302975885e-05	0.000247770069375619
Master_Finiciomora__tend	2.34047464670004e-05	0.000166798529148755	0.000247770069375619
mprestamos_prendarios__min	2.29589137140902e-05	9.81967146809017e-05	0.000247770069375619
mvr_mconsumospesos__max	2.25941657448036e-05	8.66670513447663e-05	0.000247770069375619
mcajeros_propio	2.22123959856316e-05	0.000102287102487656	0.000247770069375619
Master_mconsumosdolares__avg	2.21635406681176e-05	0.000169501612021252	0.000247770069375619
tcambio_monedas__avg	2.17229861525364e-05	6.59074576965732e-05	0.000247770069375619
ccajeros_propios_descuentos__max	2.15565846777803e-05	7.18549682473445e-05	0.000247770069375619
Master_msaldodolares__avg	2.14625255027271e-05	0.000114914487380108	0.000247770069375619
ccomisiones_mantenimiento__avg	2.08677731698003e-05	7.29765736543396e-05	0.000247770069375619
mautoservicio	2.05272623883994e-05	4.94187063671363e-05	0.000247770069375619
ctransferencias_emitidas__max	2.00924315870348e-05	4.0544559552095e-05	0.000247770069375619
ctarjeta_debito_transacciones__min	1.93887964176752e-05	4.347193909426e-05	0.000247770069375619
mv_mpagado__avg	1.88342391545551e-05	5.39401435326734e-05	0.000247770069375619
Master_mconsumospesos__max	1.82778559770615e-05	9.67587947384074e-05	0.000247770069375619
tcajas__min	1.80952856826528e-05	4.88712458296324e-05	0.000247770069375619
mtarjeta_master_consumo__avg	1.80808751691264e-05	6.04057103476346e-05	0.000247770069375619
Master_cuenta_estado__avg	1.77381429036432e-05	7.80091843494894e-05	0.000247770069375619
tcajas_extracciones	1.73804580294144e-05	8.94775289762275e-05	0.000247770069375619
mtarjeta_visa_descuentos__avg	1.73175468343621e-05	8.88803484232313e-05	0.000247770069375619
Master_msaldototal__max	1.68191775563343e-05	3.05861757589006e-05	0.000247770069375619
mv_msaldodolares__max	1.67114832728892e-05	4.1848458155175e-05	0.000247770069375619
mv_msaldodolares	1.66455869893324e-05	4.17044336251406e-05	0.000247770069375619
cextraccion_autoservicio__avg	1.63309722563579e-05	7.55823607948272e-05	0.000247770069375619
Visa_msaldototal__avg	1.62448275485821e-05	2.40126475643505e-05	0.000247770069375619
tcuentas__min	1.48400176583684e-05	5.52833156785547e-05	0.000247770069375619
mvr_mpagosdolares__min	1.47472187010449e-05	0.000119642401276062	0.000247770069375619
mv_msaldodolares__avg	1.46827761177292e-05	7.12192764718407e-05	0.000247770069375619
tseguro_accidentes_personales	1.40856249212639e-05	8.05696671258178e-05	0.000247770069375619
tpagomiscuentas__max	1.29257925317586e-05	7.02467065553042e-05	0.000247770069375619
mplan_sueldo__min	9.18640817887941e-06	7.15684388331358e-05	0.000247770069375619
ttarjeta_visa	8.48853850563332e-06	4.37169464017541e-05	0.000247770069375619
Visa_cuenta_estado	8.27465246443116e-06	6.00832988106374e-05	0.000247770069375619
Visa_msaldopesos__avg	6.5972237243249e-06	0.000101200850386669	0.000247770069375619
mvr_msaldodolares__max	5.77244427450945e-06	0.000191789048189559	0.000247770069375619
tcuenta_debitos_automaticos	3.41162663809108e-06	7.29919499231319e-05	0.000247770069375619
