17876563
19462225
19486689
19696619
19944975
21084358
23376096
24391934
25414098
27184282
27820124
28092620
29067918
29146913
29470708
31101609
33464055
33791293
37125346
37267459
40892335
41346104
42292480
42332648
42979430
42987416
43348350
47485529
50038843
50220386
50865877
50974698
51309159
4963703
7480895
8523498
13250907
13527084
14625065
14960772
15837861
18013904
19413392
19565122
20992335
21176253
21993733
22467696
22880601
22907792
24377922
24895283
25295990
25638873
25792437
27332574
28311447
29072583
29823069
30320581
30366790
31112859
31866505
31916638
31982062
32058830
32388016
32846028
33511038
33710387
33757141
34994077
35501020
36412930
36503492
36784649
37602528
38782266
38834064
39086117
40073171
40331686
42114528
42221794
42795616
42951209
43131728
44131113
44165036
44268290
45511789
45580446
45885692
46599088
46784364
47011922
47363340
47630473
50147106
50399693
50413041
50425787
50980265
52344477
28994543
44721465
50435196
51131797
23888666
52358209
5604019
23318115
49946157
50486731
41197962
45792057
51247819
22154906
23503771
30203277
33616617
34287771
38309528
38583400
45951980
46200907
49939016
50507069
23900856
31366875
38021557
51575220
34445375
45486851
46317303
8804429
27117491
46353441
14560800
14742208
24896087
31561158
36814077
39753212
43781114
50899520
39229295
39234639
9084910
13438705
15859783
28297458
42969022
43177146
44359607
49772370
21657799
50632456
50980256
40866407
8476013
45423935
45497511
38161490
51869179
8576597
15204977
40508445
47392274
17808308
45770996
8523174
50541743
13319101
4712253
44447641
41381195
46329628
5471497
7363286
8184781
13149251
15165689
19294568
21149471
22339198
23503205
28763692
34520918
35629998
37396302
40214144
41527747
41842384
43353550
44077049
47094750
5162010
15161787
16106417
23455447
25203193
27139985
29871421
37277314
37561047
43925480
45328248
18756592
28067126
32242459
29177006
37843589
13055707
7865124
14218147
50661981
6995588
35626102
29503151
41225605
50370931
46365209
6785145
21668091
21990016
22414568
37665128
37793119
39497766
41381035
44149001
20493120
27725889
31176175
50593450
34683266
21785147
22649942
42291635
45423900
5587290
16279613
46870233
7154125
12465810
14608625
14699426
16140861
22508489
22636097
27554622
31094738
32615520
33003827
33285550
36488108
36740573
38531837
38893720
44716662
46047682
46528082
18648801
18757013
20975750
22922099
31958667
34117368
47147196
48689850
46690383
30471764
42863835
32391251
43573339
51361278
46699384
23480024
7871341
7351599
20068141
32921782
50670288
23914079
32245127
37738396
46215101
49954834
29100292
51730525
13072508
13704088
14387256
30515146
18773553
21232026
17636752
21322607
5451944
13411797
17493951
4764347
15341706
23094547
51389081
39814781
43805644
46005302
31601348
17397109
25102452
16610432
22325985
22898103
34611914
28276092
29775637
25447848
23592169
19503754
27639153
40382175
19289390
36916602
15461105
31125268
40698923
23241426
41046276
25234581
33018518
14378079
21411982
41326918
42806140
38231877
35424996
28338694
7483885
29572344
21202231
15791547
26179877
32682823
43158655
24545699
39172951
5103454
32689015
32366612
52364140
27275058
43234540
22210566
40453806
45433982
9061571
34060078
13288581
15981196
22506994
24713048
18766136
22994264
48769747
52024399
15813391
24582195
50751441
41573413
50544570
51096083
7950459
14255387
14878952
15288613
15312156
25494793
37692328
29602802
35434965
43865633
50232767
45382343
29912921
50096023
13950964
38419424
32612445
20925095
42848313
15701880
42445262
4989269
25761775
25597404
5672987
31510999
27653972
46369651
42290714
43439959
38271307
13777752
15287733
24967564
19323916
31696118
43983546
50560866
44352692
28128883
42587020
40710654
50516359
20550803
41301578
51034675
18790059
18743196
40517914
51431587
5961127
27975288
45902610
25707296
42344772
45644189
30822610
39239860
46437931
36650224
49977422
22309739
40248940
28369187
37285495
27712094
30011096
13354608
34265406
19075737
14472754
6216554
15200937
40673712
40573121
22686454
40000512
5901735
21553596
18164399
9121670
45538575
46988778
7755501
21683504
8418833
46078583
50451240
23108470
13120104
50183781
34018662
16109150
36073179
15417315
22832375
27420357
30466957
50829579
34109454
51597846
15432086
47436863
36133507
36518123
32686869
22947024
8192908
30207747
40799375
8405663
27845612
7747358
20646876
34507714
27607844
42781136
50193416
36160826
40773083
36040057
47463563
21669219
6434521
26262617
30297531
49795678
45507231
45488463
20034714
9141961
27682007
13270696
4776203
13637992
19066909
6141891
6735926
8404661
8453673
12026176
12531674
18359306
18610024
19361267
22586212
28669645
47050406
13571544
15918681
18631437
26937547
29388492
11269429
25265406
34424798
6598186
16329005
19979784
47574898
27830378
39390952
17475985
34107023
31247363
15300048
22192693
25256189
28291552
9056896
14942202
15088157
18929065
21144183
21870325
23059908
36558037
37469598
40410606
7506429
16879154
34069751
51618794
15474966
21951152
47063742
52217000
38848855
20620398
5995760
28117250
40912912
18170795
47872027
31457627
47408341
13802659
21058214
32246691
35035332
46556268
51364787
40225472
40751535
41162157
32656374
32712922
32981905
50738319
6611113
17470512
35764515
6907350
38220590
16764118
39560872
47598998
8126008
16776543
21384324
46247469
36311771
16042096
7324101
13863414
29253275
22448636
12467036
18991756
33358507
42756132
7366380
25204805
8541873
8911061
13781877
40068638
41406529
5668626
20949417
7156808
51014490
37943099
51004057
5398989
6578604
50152638
44073952
21242848
18628874
44204701
21865876
46337698
50875575
12738092
33359660
38074100
42485823
12439663
19751522
20352241
29143690
29916917
31078257
31977180
44864062
21211542
40801870
30658717
6763666
8304950
23011543
36219876
37013631
43528452
30718259
9143743
33463144
7074325
14148139
36414054
44562249
37973701
46703989
22630047
5372569
15328612
51583929
16836821
17504777
21784503
29840115
51513645
12618545
22997811
38939505
20360689
5536541
6194987
20874022
41918901
27310128
34970062
46078398
39422004
20528808
35164486
42708612
22187956
38799786
43144668
23621659
28485727
35061611
36077822
30331372
27210005
38949665
46042631
32324647
45548766
45783323
6638640
18363023
26113709
24762431
13956543
46470390
46836291
19868087
38162272
40704490
43827293
11104872
15865026
24968670
50062770
23377604
31565581
4861127
29293607
20757350
43111283
21694688
31938319
32087692
39805096
43748369
46768920
47290594
47830621
52192794
39272112
41551218
5689904
49952258
14455507
15954238
6855661
43946287
25335385
37297005
28571543
43716303
44148882
37212921
47632421
38347020
4625366
22515426
43095971
19511306
24728477
35426784
43630255
18699666
37174490
37845845
8631962
33671520
18547959
16780043
37306603
5730120
36877370
15886775
6901723
19782331
6608983
44168633
26145812
44331295
45792767
40669741
47183534
49855946
35272742
14408738
16883219
33494450
29353322
36188300
51152296
24819190
19030759
27705946
46120866
7941974
15461721
27761311
40305988
44597200
36069425
17713351
33599279
44626099
8809967
40981682
24770474
31917374
15870722
4871434
40864023
26602540
21215290
33921430
6667543
17505415
17606986
18298739
18887285
21894066
28529282
31839239
34525207
35570392
35576965
42766352
16128876
18412528
22507540
39885166
4759044
6604510
8225647
30979294
53034911
5793551
8428069
39779165
18915202
20903757
28590210
13807446
25127088
13203287
30669687
31810990
38137645
18969473
28693496
8337019
24544452
8235562
23499244
23213780
38077902
14989147
40815724
51719218
18426784
47024341
18304319
51971554
13143364
19650306
47118714
47621711
18429778
22230355
13415608
12631671
45454336
7328483
25116696
8695981
22616547
46791577
7669739
33932052
37775834
39762056
5822206
16423183
43042061
19699777
39873611
30803136
25064545
7851351
46922754
16828424
27004180
46923360
14938193
40512950
20695561
50586225
15540339
31613927
36544594
24748319
33151174
15762261
20363699
43578186
6963261
15715266
19789466
51896247
28607948
20204822
26581734
30511813
28135349
51339821
36981473
22337549
8404240
8878633
22177994
10828802
42898289
46826860
44113624
41663916
25785186
33705455
35307381
35116335
25316884
7589939
7778636
14220148
31220952
25773795
18412302
17424733
35224905
5014477
46555037
42085537
20684056
26799697
36163060
49851758
24792707
25243729
30843967
35426215
50373913
47151509
47313596
17992563
35121562
30152801
43839281
6717912
36143334
38001388
51359317
14642965
23883866
8441839
5206554
5647819
50738724
13474017
20241664
26150930
5973279
18984885
44659079
45419687
15192678
18912836
52284890
43628285
18589327
20089466
52385669
47897920
39493566
19343884
41605464
6167417
23214829
15306815
30431721
14009429
39989756
43294601
19459539
35435552
14203158
35743783
19588951
40115444
28971465
30763803
7062755
47546530
29969272
4893136
5230399
30200958
6129363
8112440
21603151
22019208
16154210
18367556
18886079
27760073
36850196
28678498
6510124
12419265
5939849
37156259
5409174
43801139
39462505
5193400
6977514
37635726
32205508
43343465
18267735
37735160
41214056
14600746
46405494
34568334
39003569
47602271
32709869
38721639
15916696
20817785
39841397
8205113
35047173
43948787
32209947
36624981
31003701
22236594
22588707
41547640
16826646
17695453
50193183
37666246
35710957
21990205
27710081
30247476
31606667
50481798
40996378
36781816
8583923
21912859
14846305
5056207
21576482
36687656
14976087
5948947
44411896
26234889
30871528
7572158
17752589
13871321
16437930
39896714
29167500
52395603
12400242
42302191
19260177
17380917
15172503
35749089
40664774
30710606
43858910
18702296
42795317
7111808
31652446
12758060
36249532
35763377
23496605
33182034
18637969
41837995
46323159
5288867
15734926
21002187
46705145
18187587
20962138
28646354
29842845
41212174
30503151
15128404
15059421
44715578
27246510
34287762
34352843
36994998
47849269
42088760
15753807
41000569
28704985
18926785
15083630
40164736
13686658
33502766
34799879
23887903
22528784
19633467
26268866
32763549
16738313
16022923
17585387
27029963
28670198
29018475
31172703
44333457
12427486
39007087
31608549
33033685
42903416
32680256
42082628
21614203
41535733
8239024
31195480
22211794
32875764
15910648
12470190
25673461
24610865
28334205
45876883
17563993
15988227
34053939
13473605
39318667
24699373
27447010
46286296
21888194
8899217
9165859
28770764
32759591
39707772
50127298
19625823
50755189
5398239
29429600
29738352
6182452
5597123
41090877
29857576
22606651
30582489
41789455
46856413
40404644
36422951
43143833
7833576
13033383
6778013
41272942
31012890
28288438
17719323
41295907
32210440
43770449
39074939
18982548
46225550
32378129
30394688
6303982
46550450
6553996
8242530
16469572
20487723
21193318
45940394
37217803
35510278
43397045
36522490
50768839
6501767
12771833
22041542
43297812
38114790
25092666
37645983
18680248
21967265
30409990
29574842
18938305
6544367
23577912
25613155
30213402
40934703
42815910
8371954
21260350
33231901
36651738
38029556
6311801
13802244
13847687
18731242
22178509
25640280
41181393
21696290
14494092
20706459
26332954
40980915
43346321
50189018
21168650
46615487
25862937
32111530
45930545
6866641
51515973
17735599
15140848
51443396
15750597
21669989
6981812
33265431
21112623
5554316
45461430
16075918
14617233
50823506
46268630
18894087
26997002
28425943
45610947
42262472
40871613
5962164
17624340
39587358
19100662
43768787
44780992
31168409
50219893
40960156
6377008
46228525
27276773
16626649
40406189
31728473
36879884
31058415
31521734
41044966
27356409
36104520
24223714
32050338
18939373
47104850
26427987
4781104
4830820
4921690
8336137
12674249
12702793
15235288
18651226
19027419
19695290
21519456
21968886
22049568
22209868
22855359
25243264
30830125
30925482
37353215
39423546
41033936
44110422
47357249
9132574
14344860
16863503
19199927
22241413
27016326
32543848
32731018
36272190
33625106
37529411
42104804
25571099
19485259
29316556
5656041
30239116
40798119
42851162
5268623
18170368
21837118
28145571
33252290
35912207
36939442
42988079
43771925
18960695
42108006
36749969
32022281
7274894
18495815
28469802
5918364
27061159
32881651
22655531
37902104
18937523
5972798
28261295
15007887
8365445
34701569
46752071
37340586
22548259
13445224
32284195
51124163
40690067
31946421
17881498
23709511
15065387
17283669
34400108
13532896
18665878
35377357
15943000
43124908
17249030
24068180
18303882
38816342
42847012
37948619
38562863
6637820
21425670
34385748
24992091
46847299
49992882
21903224
31345943
31915633
32005769
18877650
29928981
31146493
42129736
46605334
18782454
21606698
8469610
4884610
21557118
36134811
20729440
31045736
25715904
21510562
25218267
38473981
17657179
18426536
50040552
51890944
5631131
21766941
30753502
32209931
36479374
46928984
8285689
13134203
39536336
41697993
14586967
39294040
28219553
34019737
7178642
45066371
35700385
20698643
44155903
5591223
37827743
30654588
15075688
38809374
51450276
36649533
49860727
21024363
6026510
40318589
46885711
37302635
18851754
20342857
20001690
28162479
36544088
28492626
41779370
35590015
18495004
4581534
23616268
44176870
50542594
24779949
28540674
25426784
33687256
36794200
47324020
25227949
51202766
21456508
36992142
38543454
36982623
51680420
25694997
31321018
34034741
34500152
34649054
36078561
38026766
38054845
38316556
39683538
42780369
44410507
27610212
39724960
28122528
35752831
50663668
43150276
13995797
19450984
45440447
14025583
36497495
21010619
43301698
15011832
7965284
42561535
4992090
5865742
8185026
13134495
22380513
23083762
23940455
26482692
31285741
32587133
33276577
13973932
44192399
36841380
34819335
19427517
23032233
49945915
24801123
39601932
45527469
6411204
47635358
22275468
43910008
45448546
39167899
16164552
21648579
24082364
47673422
13540354
15252032
17559152
7459133
39067893
39923458
39179174
30253847
21209670
13967793
6423522
4868242
4873278
6101387
6402731
7216555
7567964
18085133
18540931
20810355
21979081
22035934
22068481
24690501
25295182
29365593
30734168
32991230
34299659
35340987
39208137
41308225
43038379
45225279
5157781
7726850
21602290
44774388
20926729
38261204
19324934
28512245
33804057
32352550
38080519
35532948
24322957
44679173
46180415
5132070
14525074
7019615
8559837
13752852
14181597
14257929
17474583
20327278
21058858
21106987
21169869
21794983
25274206
25292038
30303029
31063395
31248529
32800617
34734949
34739083
36211384
37396990
37400445
41785854
41811154
42418401
42634980
42816507
43232309
47797430
51106435
51454768
51742092
22372933
22955516
24647980
25615163
31654045
45753284
47896711
50074032
20292809
25915505
30546131
32690510
15731565
22870419
5146754
18288608
15600463
47783296
17739297
41575113
34464401
15199301
25697576
30262851
32513767
22632054
17687134
18276293
24072204
26285836
30001872
50670721
39518108
43902540
5112658
8912735
22319934
33789854
8123696
15907466
22614955
28097172
31015243
7992660
9008324
13062100
16821905
18661474
19272495
21469385
35075202
38112569
43146333
44603784
45815591
46347327
19877638
30570315
33240367
5363028
19193000
23169929
24661419
36613090
46789035
16579855
17988677
24227851
18891438
14073165
23142588
25746711
30879055
12357828
17240620
18896575
20012978
21492316
24044524
27646350
30579181
36868916
40528627
44147003
47044051
50735868
26892657
27761958
47638974
47097203
13893199
14034112
18595899
38603946
43173301
45486933
34315094
8649363
31365452
7708365
36724365
28130250
46568989
5084836
15081884
45483678
15882911
8514708
6356113
12413550
14496847
19264713
29888100
29926543
31405451
35753173
39932745
42125262
44392820
15705091
39920640
45529389
46581784
36249297
27329700
5515175
7834531
23184368
13707983
29697304
23161925
29044566
20954488
7983301
21985515
24784237
38119565
43539717
46908067
37212094
5190485
14004110
15006884
17015440
17281112
18862156
19580239
20560491
21893551
22554196
22662477
22833019
23404936
25435662
27497674
30765452
30791892
31396730
35141706
35337186
35360810
40360950
40667799
44498346
44681017
5858454
8584944
17546824
20911313
21156143
21464082
24530852
31709736
8159428
15985029
13965292
5294198
8364691
42933849
15300381
6804792
33430427
22496887
24086068
22780840
18430828
24144373
20148317
26619376
16793967
27004092
46851650
7106574
7284331
7530739
9133734
12609871
14037590
15179747
16279346
18353896
19051782
19909249
20343724
22227646
23184302
23345846
28805133
29223357
29346040
29689585
31351098
32890529
34165588
36504755
40145758
40372665
42670787
44651181
46762822
46872074
47308158
47677487
47683572
49903092
50048321
13402599
16825235
20758785
22991741
27011302
28430215
29079331
30595404
33852811
34996307
40421941
44705522
46959819
16908497
28716160
38088231
22528844
30494992
14346606
34849497
44124277
45917294
35506891
42868519
15429900
16292726
42973810
23543235
35535049
5800215
34276150
14985713
22326462
21887915
41810974
16726419
25235731
4833578
9205032
14798430
15730327
16131493
18935433
22244112
25017516
26609955
30051035
33263662
34312367
37823087
39975025
40848139
51773200
7282503
15929375
32700510
40727090
33558636
14521621
50071563
50479656
18749888
28636543
31383118
8624130
14392571
34456412
30511319
42716573
47866193
44064153
37836832
49771933
32705662
19669055
41112658
19601467
6466845
42954112
31542352
24562912
6732803
20912139
40020678
21427477
21107559
42272179
43953603
44729018
16133214
29055999
37516069
8255222
7266512
29252800
45525113
5704117
7808669
34171507
25317428
21020486
4587224
5832369
18689019
25679525
43810029
44554141
45004325
36437535
44738779
23000422
31189036
5993809
32654749
46034456
7110790
13591974
22789652
22926236
24662462
26595120
31806450
34742212
34848596
35085566
36062281
36669001
37264016
37663943
39020992
40223990
42408530
43267015
43844427
50494764
21445622
22399922
22580881
28954679
29478631
31763743
36097297
39359461
45634572
34537594
21607433
21674886
5675996
18195946
25458102
15279958
34522612
43158699
31748651
50143254
16944606
33857420
45990907
18721211
44808129
20006066
14230820
5063062
7697124
8699166
18284338
19307850
25036218
32877479
33772537
36541644
38575831
38814112
47426505
5120877
8179990
37814093
43130679
47349656
4723855
4790268
5531323
8740972
12430920
14109712
22308568
22978459
25925973
29169460
30418432
31548394
31627389
32077984
32114942
32137134
35172051
36068244
36758031
36880634
38849596
39117992
40703937
40911945
41147985
42990253
45824167
45840494
46041980
46110819
46351754
46435738
46701771
50601615
50834005
51070231
22942368
30596108
40449066
45875306
50146386
50202049
50595480
51848052
21179322
22066436
36659099
16310796
36087401
5433591
37645220
19432213
31413717
43761442
4696724
6743425
10671725
7815760
31921137
33581246
15734823
34513360
19202139
37210533
13963172
19872325
22306702
50078006
39495658
32944520
31903843
19772376
25944446
42534015
7908808
21879222
22396768
6602675
20310113
23572298
50143285
37219358
37556149
31304128
40646320
15768585
26176481
47609663
13332048
14205621
14413035
17297143
20465970
39200597
44735829
18262061
22234153
28791392
29274132
36659890
32246220
5833578
8505415
21301860
21453769
19330077
14897821
8919182
43065551
44770970
20921206
43300758
45861634
50115721
43303350
46232895
42950886
6810328
43820171
36950821
41525850
19845396
22210050
16004177
32244734
31157111
29986878
39836477
46223216
37960387
5784105
26922109
39946669
49878543
5118882
14360703
22954950
29609604
30367994
5038306
8674929
12733766
13965308
27488520
30414964
40754293
13783457
19855578
25037355
29128604
39499394
43616985
42613614
31945843
15974011
31599410
8713948
26545194
30613939
51457087
38157795
19462363
30685728
37926524
40829808
40839321
7537374
32597736
45360182
30552669
35857220
21167573
21196092
21520609
15168519
20334429
8573311
6797397
18788818
5596423
14665780
22131467
22618734
24583788
26427535
28606635
28906006
29110248
30051993
32128504
34356453
34973518
36069353
38253988
39579187
43681161
44726080
45631603
47597398
50628181
16710633
17874439
22005859
25312860
26505248
32858959
36814604
37362888
45571596
8115157
22014562
31803205
18138952
33710284
5043543
5348049
5606187
5939774
6548052
7768624
8626800
8662419
13128256
14025338
14834703
15179465
15267828
15825957
17112728
17464882
18453472
18916499
19688379
19997182
20101794
20534850
20536942
20572033
20824225
21107650
21156951
21995825
22319802
22387004
22538834
22722086
23625847
24146205
24678802
25014249
26428487
26579616
27135015
27268373
27885444
28451773
28697182
28822179
28830319
29202039
30373026
30602451
32217622
34160289
34338671
34501896
34510915
34836322
35104855
35312819
35577411
36257182
38608922
40801056
40857014
42979458
44507325
44631028
44652118
45581046
45932892
46355373
46835408
47836464
50991459
7717522
13123710
17875403
18439206
19111218
27271370
32404943
36345838
40885540
40945183
41133556
43804393
45877370
50108696
36784052
50049038
44148693
22480893
39984336
26383373
24486518
32816124
35867364
37489249
8012810
13981399
36891561
18767795
13085669
46966862
25578299
43204453
45558709
51483822
25307384
36055643
21215881
21352195
37796515
20389108
45979676
43110036
30165867
41523123
33294114
12808696
13224163
21653476
44083870
29420957
14973618
28702563
4815194
5413478
6331766
6957103
7371426
7769079
8083826
8192362
8702572
9133501
12752126
13093290
14182508
14226324
14338052
14375434
14803136
14808732
15986116
17539055
17948625
17961050
18298293
18699625
18757402
18810172
18822672
19205095
19220633
19364333
19484879
19761104
19837042
20013188
20288436
20577999
20765662
20974987
21044846
21393265
21803648
21859474
22099960
22203833
22390296
24033789
24185295
24202175
25090442
25578381
26435313
26662259
26901645
27327356
28175005
28282865
29098489
29199748
29767506
30359430
33227616
33614833
33992606
34234785
34380583
34403184
34658906
35147050
35893687
36343199
36380402
36789723
37021447
37820162
37855279
37897797
38538214
38914404
39148057
40772622
40870488
41058623
41104509
41590139
42421772
43345231
43370018
43762877
44390382
45495365
46023520
46083123
47859068
49969533
51288066
13180293
15392132
15682239
15968196
18602412
19658945
20292004
20530417
21095655
22861089
26225204
26230837
28383406
31055465
31755104
33124176
36419043
37478643
38779812
44018386
25370028
36260189
49870623
46517586
19982401
50546543
29917188
29118365
26336517
51464831
17770609
44628223
30227432
14323374
30025921
44031320
46549313
15354099
18380028
18954924
19823957
20119811
20265392
21343822
25174118
31317194
40893287
41797415
45628330
6962874
21973837
26430560
7196606
15366245
22827037
43149843
36316872
46914269
23908766
44642363
45979949
31782672
34304026
23331423
25248234
33915483
36682654
39587252
45604319
49836006
20831586
23344153
34661894
37388862
19183927
21389250
43640437
24799364
14159961
19520916
4714528
21934467
46544915
50856314
23476552
43276257
18973893
31837960
45066117
7887957
13638598
25742718
40621015
16019065
20658886
22903054
18899362
4608803
5391688
7771256
14253135
14618706
29708457
29869052
30635949
47416559
13669681
47872715
24148171
26147129
33374975
44403853
14970835
15044794
25698019
7427161
14223123
15981224
19549030
19903006
27542728
29864877
33579873
34029206
34342174
42385009
44954578
45783653
47079743
50629368
38310163
44192192
5861187
22242654
42457703
29515032
37548132
36640460
13273278
15085446
44293960
28995152
25741028
20279828
30152138
34887734
29304706
34236755
5085016
5698261
5768937
6045312
6285179
6342045
6417095
6467404
6862139
7360336
7415050
7773405
8356183
8493687
8962935
9040391
12503208
13147712
13148639
13384707
13501226
13596463
13735083
13751108
13869929
14280068
14280331
14423522
14490724
14691839
14709709
14922872
15001848
15149607
15291550
15464822
15593165
15700520
15766047
16181183
16696307
17170320
17487162
17681118
17754452
17823065
18053098
18126414
18346580
18375671
18487668
18587612
18588086
18657051
18680440
19864019
19900339
20088926
20377204
20621347
20702215
20840514
20852273
20884487
21206843
21608263
21736631
21753316
21832205
22113010
22518596
22920977
22976411
23006089
23186338
23306394
23547558
23831470
23876379
23886715
24134643
24136177
24694475
24854288
25232306
25363741
25413385
26112851
26495956
26690555
26886022
26994737
27164232
27481062
27684662
27715663
27992770
28005689
28075922
28251119
28599710
28739279
28963309
29207709
29215120
29234070
29262492
29268169
29389431
29443706
29448773
29456391
29961563
29983450
29992737
30048396
30143310
30213946
30298825
30863200
30931909
31282184
31367014
31441246
31602137
31692615
31761271
31800500
31968201
31972018
32221480
32428640
32671460
32975836
33511902
33602115
33652837
34012210
34254172
34263757
34450657
34452120
34822392
35104629
35148674
35418534
35818701
36104645
36121767
36255794
36626586
36966095
37325145
37363673
37405830
37485224
37787493
37879607
38113395
38142518
38195460
38335072
38385536
38449995
38588451
38662759
38665873
38956853
39017671
39259222
39370632
39483224
39694179
40071132
40438727
40481798
40523220
40673247
40732067
40822510
40929616
40933842
40970099
41070686
41496793
41509696
41524653
41603994
41943858
42569339
42694456
42726717
42778629
42860870
43382503
43950035
44010309
44308421
44391764
44394149
44679475
44764540
44876424
45374973
45475363
45522622
45840997
46022587
46092689
46144311
46221924
46254653
46333998
46509314
46693509
46950413
46952012
47008865
47291231
47329059
47358188
47367054
47418758
50044730
50186143
50356578
50457438
50504528
50559766
50643135
50667005
51176640
51494701
51500940
51537741
51547024
13605392
14575748
18269611
19583070
19960909
20062612
25170555
25371755
25665362
25733193
25905386
25986571
26305195
26668357
27293188
28657132
29714137
30144893
34288123
34350638
34608204
39406164
39911257
42260521
42611060
43912392
45436061
45725430
50231297
50922438
51849594
52074919
37452147
36335373
21892106
22414436
30565370
31626299
12607861
42635834
5447219
50239556
40223628
8973387
15203454
30901433
13305385
17388523
17770716
18003747
18832835
24905342
26218412
39289592
43686760
46848465
51287051
30469938
8607341
23600073
41282112
52281306
22598552
23353276
47792526
36296085
5832338
6994689
9169152
18449617
20423713
24440327
26281664
26778683
29862986
32067114
32540191
35191705
43324462
47330853
50391886
28989739
6682952
36337456
15402263
23030147
37546269
37218959
34098151
28857186
21366608
28123244
8666459
6608258
31003126
39050526
41054319
24462396
50663665
14088770
45512148
5322099
16882692
36039212
28968025
12584098
20863749
39405806
21663394
26994222
31880243
32130801
18597941
23552117
24335985
21794876
46134063
8053057
12594565
22645855
23391588
28756661
28938849
32050188
32625881
34081931
35334091
38059570
41209221
41420575
41696850
43021490
44041282
45747054
46041421
46240859
46699638
46876588
46919942
47851308
51332985
25606470
46146256
6247929
19709509
7731286
8907718
9083440
14513984
14716777
14761300
14775525
15247040
15375230
15667882
17076858
17660958
18886220
19067157
19544909
19714680
19774383
21374594
21464199
21616233
21974466
23884497
4905982
6581362
19722808
19431246
18499710
24204877
26957248
34528423
39882410
40350863
40925944
44590106
14686404
40537241
4895744
21385590
14564514
28324152
14483680
34601425
38465131
15425235
51838244
8816291
21138268
34681212
31113487
17905930
37124730
5280423
20006286
23804104
8450688
15027408
23202985
37956580
41604041
19335534
25445834
32406133
5353901
7618704
8848279
12798345
17329907
18891285
19624331
25989170
26478774
26555533
27020159
29053419
29596224
30929214
32021313
33712747
34557270
37479284
41454482
42556396
43080178
43192694
44528260
44554100
45423954
45952618
45983358
50430851
50701116
50738290
51215203
51862933
7841223
19090050
34279506
35048049
13310261
13380425
14036644
19316220
21759059
23957759
25392336
29232349
33858975
38715607
41409579
16310714
30179294
34348627
21468845
5316262
14283800
17329329
18664144
20587198
24463851
30813242
34447279
37887794
16108236
29070582
7276380
15374796
16469509
17623765
24078023
30128962
5523274
35931226
15158994
7487432
27260060
16367087
24817208
35023180
37436002
29650771
42972745
9024742
18526662
30354695
33899964
40770482
37167889
16247135
26300175
41085622
8162476
22400940
40681905
24644134
26235558
5552610
25063355
34557653
34095066
18482073
33174915
7133598
24751888
40045145
22811279
5452990
33595490
43081193
43312618
18879786
6330318
23052984
23086234
25398984
26109756
27558203
29893233
30360730
31471729
34371862
40065330
40578025
40888282
41776411
42214792
42221442
42929934
43376675
46012697
47902500
49831800
6581287
13870250
25775416
28318447
29804703
30647815
33284478
45850167
47138911
51942406
15902043
21720578
30176030
37197178
25357361
52350418
15008823
29886064
35059167
50553383
33434678
46300335
12629808
13024213
18337780
23252409
31559518
21170730
23451312
26254559
31661406
35463409
15974046
31530634
49937216
29316823
26739275
28996453
23432686
46726056
40781666
5277165
32356983
46170321
25386420
27797065
29100323
29441783
36789406
18113992
4863734
12685819
30590428
21941199
19524495
33987746
15961175
14440571
17290021
20492903
20758870
21887962
32334448
32415090
38199519
40233838
45212999
46181473
46317284
50819959
20996362
30472329
40156056
15552997
50511738
43077815
23861749
29629459
9192642
8571357
15111195
5121851
6033258
8052228
8452347
14067159
15308078
18918990
25282453
32067102
32889675
39091464
40960951
41652000
43357166
43381730
43651024
43839215
44640726
18289381
20410816
22740691
43583071
12438604
13965249
37719870
28884826
14838724
44353899
15961508
13707723
21321957
21480076
28274584
52314179
16046830
47418054
37255982
38120143
5898003
27723602
26694005
43663191
45026501
5961595
26101626
50167853
32883479
30420496
5985977
6224663
6444540
6723347
6957034
7517064
7525779
7666167
8249934
9198529
12569524
13711449
13841932
14866565
15889772
17911004
18257069
19290835
19457667
20406635
20928903
21678132
22618162
22728190
22878449
24077636
24706272
24713293
25704035
26211117
27679016
28484056
30102595
30238321
36931968
40842264
41380303
43072531
43731728
45510193
4677494
8354867
14560461
18198124
26985604
27202409
30274286
35784027
42916083
19279111
37856982
40306387
42727239
46777766
13796049
19074003
5669060
13365993
23142635
23261988
27218679
36281910
50582116
43590137
33905257
23215514
32874623
35792522
40463470
42115740
45996952
6892345
19481335
4942324
19267801
50315841
40627257
36663550
36117906
17690386
37847620
5594434
43320651
29992532
36503053
51502580
5714267
6565563
15951483
19947026
21150061
21311247
21757385
21875053
23615275
25671558
25906012
29846087
36637786
37673839
39266784
41640213
38133998
14150552
17688092
23028153
25326096
21262568
38997974
7195198
20686397
38260054
14191980
19259162
4615423
4811003
7429300
8773148
8815459
13014716
13828837
17348153
18318657
18784068
21866659
22213170
22488732
26630010
27308695
27468857
29144117
29706619
29922038
31702753
31748796
32607220
32772034
34117183
35371253
35480800
35894206
35990891
37819371
42436396
44779943
45372677
49547423
15647986
20164415
29252062
29504250
34067316
40709259
45595993
12488345
13232337
14481418
14669691
17981834
19646709
22131394
24053653
24956173
35938807
40681767
44264979
44526690
44712999
50168597
20707590
28804778
34571897
37966045
18148468
51763788
14699379
17640287
24750556
27332841
32933032
38557833
44764898
14747961
19632034
35141791
9820275
24669726
16562095
26157242
27265947
30848054
44546840
25320472
20804508
25814663
13696350
20965754
45564160
10950045
46933297
19264035
7658464
15337226
19456074
21526060
30726729
40998383
42432605
43076047
36339552
49855440
28569281
16189537
7176788
37030667
23998594
24554313
22555600
35356582
37211117
27085475
30831696
25722203
14968202
36615478
32798502
8388378
12461962
13032082
14652296
15909096
20665527
24150502
26881058
34091896
35578916
35717523
35747321
37655389
42118847
43074721
46326175
47171490
49419089
47592768
49855148
15690140
36138439
30003324
19632163
47646338
16914632
51484994
35222939
33928335
22636723
9147230
26096951
27391174
43593382
51313359
29766636
34586829
50538900
38829345
7918509
7272305
7834600
25429630
25589901
30677409
31845582
19425647
30185363
38817360
31697047
5475908
35804033
15025300
32019105
24034090
32606724
26143346
35243384
30641865
18117617
30381063
20581254
34638741
45579161
27361848
47793698
38850410
15906897
36575589
13504616
18010511
20903135
7779946
20577060
20849392
23307280
23405122
28820341
33588139
34102703
40712432
49957790
18324007
24717698
35020570
38177386
46961276
4793083
12650966
13029246
13949600
14044564
15565695
15870496
17726991
18244402
22188848
25158470
18531836
25638734
46376230
28518723
34811908
44549956
19292997
50597481
8525041
29697430
31475361
6465262
36933049
6500451
7111402
10523791
13904625
21268038
29760755
32406708
37134299
44486125
50302014
50757285
44414035
30144655
33122086
7677442
47051204
25237339
7544970
20360827
51369751
43136950
25623265
32759920
4974928
6175890
8837450
36908196
41547206
46489550
50534357
29317564
14790184
18049545
35036139
47313700
7022103
8855379
14175468
19856922
20879353
21149254
24084309
25029598
25986798
26480505
28275891
30716641
34702141
36678061
37042316
37977713
39644086
40823085
45473013
45809964
27499641
29988373
32245780
39494750
40079743
17618732
29045540
34029982
41055726
42298424
46568276
13785443
28256623
8089035
39250997
22395213
22343031
33279260
34506128
7356346
36719395
43353939
35922207
12850882
35970546
41378412
41638140
14271504
34314560
27281112
5212127
14017443
15581026
14058906
21639635
29850573
33779440
37377597
50537357
18116690
18442188
22117172
22972232
15917921
19482887
26175023
38505243
15991387
19974025
32285110
24678010
14732598
18104586
20575118
22160162
43674784
5640697
6706442
7416652
14522341
15188943
17560349
18664330
19052640
22512419
25873942
36581652
47905139
50427961
42539946
32812797
25526287
21768584
25823834
40963502
47415510
20231579
32140474
44096470
44646054
37435801
32937493
5129450
18472548
48443206
18886283
27754540
39776649
29109142
18696452
13481789
19651167
45964807
19044575
26467986
46070723
14889527
31567363
15855768
30211332
30494650
44103143
36416203
26808971
30826729
38872693
16578705
29100678
36262696
41826962
43768466
46856523
8222791
16052146
19299588
30459637
44502883
8880499
14599627
50976140
5519960
7871175
12544432
14231527
16025957
18979997
20748013
21786372
46854406
13780180
6528769
7687033
7715581
23426510
15106200
27585105
38307574
8714849
6425172
17819156
31450794
47490873
40415765
37292887
34841053
21553112
14831753
29252420
24832862
14559116
7783804
44567851
27793289
28911096
43843007
19658845
18171835
14701189
21833920
42828869
14959619
41643034
30237583
28592824
39738142
14192882
14392709
14701427
16157100
20977220
26030262
27804991
29861123
31213129
38644252
43287564
45258326
46524771
49571710
51249996
52358419
18831374
15046343
43759660
28281948
14950713
19661173
41138193
18300125
23378698
30749606
13500956
14839079
42186580
29954255
46938808
50115008
42591117
21550728
23401817
14979901
24679141
33603727
34267253
51020000
13548573
46470406
49866624
33916982
17645712
18691633
24532074
7456016
38762037
40782970
15317230
8935662
38169089
5457580
31431743
50543631
14053197
17508396
50454727
6659883
21924288
22451705
27120834
29643907
29952110
30829575
35563984
50186935
7332703
22308615
24467102
29894248
35871536
21554780
47298008
31696780
30384936
43361363
27229360
18209502
24183344
4873206
14493818
32283322
31032283
51318005
21658208
43375321
36234267
8102556
36151182
6548291
17537308
33168937
27481856
36942426
35154282
13495367
47326298
18224620
28363054
15023013
21234228
31337722
44498277
50073595
46499201
7022725
8268765
12401144
18850777
13496196
24713959
19335562
25573524
28249219
47139053
22051774
50441281
31143112
43863757
22432984
36782252
4654482
17634566
8900096
47909704
37489711
6660609
16779101
27200137
29264874
51548557
9157965
15610714
15830582
18779978
21202435
22705555
34819784
43174121
18010517
19747497
26413394
24085421
32291286
24216303
40819475
41599853
7302628
15011842
20336376
22181610
27857629
38309770
45422596
29901018
19680173
26218097
35082346
8603040
6022146
24447160
13826211
18847318
21134988
28639866
30548148
36121208
17953607
24043943
29589765
25668746
19277273
20039232
20233024
14617035
20907559
42374557
46008459
20764233
25155265
43765837
24052086
23347423
4614377
19070981
22500959
36253818
40303799
8202402
45997077
42990928
46295648
51400457
7212549
47030869
32522023
16695977
32720189
29159253
42823789
51949440
40859229
37123652
37773315
12675496
42763889
47853605
29086770
30328906
27196697
23713243
13913296
19652656
32762506
18667701
13575993
7120601
9315839
6415436
20545650
24095700
42089122
40960837
35267929
17070967
21436041
21614989
36878344
18983896
47898781
20650313
22426654
19163142
31496482
34159330
47329176
18599079
17797439
20688169
46681630
4667492
43127603
47610461
23249534
28870795
13546499
23030204
5630292
18140843
45856098
23862113
44361593
24455991
15043465
33717286
37387147
43839988
21460366
22914358
46812135
27393584
14590601
30963988
44710149
14107544
15909027
20400814
25869443
28742775
31472882
32067206
42819177
47418460
51110500
43126636
18878479
25715106
6050081
30587390
39743401
39865295
26137858
45397957
5556477
8851798
9059394
25628031
26137167
31515941
40334385
4877871
14611672
35458423
8772472
14063558
14128241
19502038
7674489
13955199
26898504
22990535
5874824
16596854
17299600
17787093
20794436
20878213
21064092
23671771
25550980
27830617
44160550
51110063
4825888
23576455
25629303
28262492
31237508
35628342
33954018
37261559
14983944
17711522
50652271
50864149
8540170
43646045
13334203
40008636
36992130
29020637
40389938
32187717
39087028
5097378
25765155
15473169
30285172
7240556
14327757
35382374
42836299
24754869
39723326
9513499
33331518
22023207
22127785
37370600
51387240
31969091
44633331
42411414
36575850
31111634
7813938
18966642
16916209
7813470
13233958
28130237
6789958
41633302
43201937
46283151
28626028
28467110
42026695
4886168
37144729
14475151
50207022
51593118
29105067
7940381
7484696
24509721
39770413
35159331
15219570
30414228
30556037
27007174
13447891
9056874
27594806
7048046
41376059
7405170
30339025
8204410
21899875
50806498
15939787
44069308
19745261
37980116
23795257
34790285
18822465
29732471
31112042
44825238
20640668
17197548
6328555
8922330
14378933
25383112
28888332
34479883
43106115
29634875
41540078
14079772
25904541
15087476
24426918
37672372
21724282
44709581
31239971
8026850
16960116
6110566
18624566
20179319
29226722
37977474
13850888
14332787
16793156
31447341
24208581
12842393
40070978
26905044
22903742
42708565
4944583
15803985
28131651
35709998
40278788
49264541
51186605
12139308
23173473
24849305
36932684
43133902
43541398
44303718
47173463
47622481
33936277
8992076
21193359
39330429
9169045
14325055
19206273
35021173
35152187
18959633
43049151
15087922
25784887
45546598
29557001
20295567
39609057
33993731
19068059
21526770
24369028
18074097
36713709
47397766
40437483
24344486
35088525
23029029
22791660
22177274
19651352
29524696
13708593
32979612
7207529
45829703
8012326
27261562
36707134
20168873
42253298
46188268
34215876
6949931
28474615
29435035
9118318
24005166
29198247
18698843
46745581
45822458
13072970
42522878
23711741
34274068
51363169
50112649
20231001
21334316
18831315
43790960
5577067
5812052
18604416
12757592
29815874
39684613
42485038
44758068
33417673
21171424
50701744
22731834
21195869
24704494
29783645
16512618
50530886
7301934
32341630
38876353
30107128
39503302
18416543
12701555
12757077
7369836
32450492
32665104
19698699
39310254
20076752
35748712
32574884
25053883
45593515
39890274
40545136
47281433
30066825
23857973
6596310
20559627
24391575
31528300
32867027
41045928
51221725
15263028
34265155
7681171
29748933
43599474
44724048
33220626
46501115
24519344
47110338
4933575
38636772
24491111
34358595
18411136
27851333
19078244
31584173
30589985
28978203
17861929
7374124
8855838
16468991
18538122
20642063
28700311
26209791
15175836
37978282
24640566
16112826
22319067
22673190
24265261
29239766
31847728
32750807
38424397
51822781
9178863
36658605
43270496
18315980
46830787
6924726
15830528
39820172
45529228
34094563
28762888
33692826
51141237
36238402
35557242
46980666
21898364
27849976
44628091
19246897
20051651
35203282
40949003
24160521
43362629
6580831
50652161
14345431
20273422
21176843
21867783
28495743
30624992
45479623
36481621
39108539
30787035
7636714
44168605
21982841
36900998
17682393
24098867
38609852
8863707
6820915
19123169
45833265
31598992
32514594
35095761
19779755
26579475
33207048
7929077
13726739
19594662
19936122
50682954
28739436
19484709
20357328
6286040
36919028
38545236
26443912
5113079
15168171
22919507
23055334
37682331
39881983
40291678
43306969
51749924
34710752
8554440
18842046
34492795
47376987
28326511
25003322
27273971
4646292
20011875
36039533
27820687
8756918
50643534
6297918
35059953
37646250
23137138
5707742
14280341
16191233
52239381
25171557
8415631
13385826
13974224
15469006
15814085
39264978
40638739
50944046
8408268
50417179
51769082
7564304
21160890
22907776
28880877
30679844
32815231
33738618
34336981
46580135
30794590
35040890
42422149
18991583
47375916
20531029
50933176
37927821
15217465
50794921
42759261
51166050
50188898
46220288
24590548
40781302
29552430
21437369
27277109
19342301
46769617
18327230
24474473
33389147
51563571
44494061
19555694
12398376
17510702
19462370
25665274
26581039
36442574
43372217
22024128
24002907
18995020
29561088
9099148
19950799
27253409
16059616
19751556
33908452
8452366
13616086
5754966
16418766
5900608
9141534
12539163
18629891
18988718
19006427
20529675
20894204
21306808
25000718
33370775
38035038
40176284
40994720
46209798
14329177
37445618
7126627
43161438
35030409
29674578
5510064
37523822
14564174
18380612
46564936
21630568
46181225
19333282
36263971
20147463
24155585
26217136
43790768
18384841
7809854
42017707
39870450
51931137
43352117
47834165
14453794
31429538
36069412
24752331
39048578
6802307
43194199
5190680
8166202
13028567
15820617
17514896
18146843
18304909
22880413
23191346
32188807
33825813
43994915
47584329
50368742
51498763
51515860
51749334
51973313
21221244
29904602
37058185
40802862
41181173
51523352
13903856
14194223
44403715
21486052
13373589
15722348
17288262
8245065
29274389
15960009
13044727
36857261
8101475
18102952
29964519
6707808
27701605
31869351
37354764
36433265
24665039
53484196
53553214
26129863
34160392
28887113
24648778
24994868
30942786
20443577
25230481
26292198
51805194
20385090
8032662
19845726
13082150
26027045
20141428
5684083
14285493
50895474
51011537
46725949
39548890
27724394
27589189
31316597
40982716
31130398
18775297
20985731
5966273
50482461
37385391
38942660
50603356
9136954
33203850
38838462
46117696
39370705
12472134
20349797
26148700
37891291
26086286
42616020
32024119
29248173
12431115
18939926
39452147
8244003
27176267
8941848
19904681
24985450
32261111
33007478
34193860
35350283
41408216
45513015
51636764
51762767
41071409
41229949
43532831
14470976
18934745
23810459
34809276
22629924
34107192
21969552
26200863
43825536
21617892
30406481
14993683
6235407
41089357
18407731
26612631
19264682
17338480
27087536
5450455
39291634
44561024
21079300
7987633
15013177
51735545
20974751
23356229
46936436
5542796
30970363
37764644
30532412
40205014
35252218
38577311
13563203
15251495
19259357
41093636
9116555
7372365
21372018
34679173
15205772
30550294
34830978
40526182
38072737
18209848
23030713
51268651
32651482
13224973
32717820
34681667
36747736
22815856
30686341
37917794
15794287
39613151
31884016
36004403
25277476
21916264
18243183
28668593
31788675
36653953
44570502
46705503
29956574
46398919
25062601
18627604
43848021
25689147
36694234
46020410
6810959
41638093
6971642
18708717
20718290
29390644
31827037
32181465
36600495
5305137
46372551
5052868
19865137
7090583
35231132
23718618
32490306
44504636
21675166
46874512
44613621
8347814
29529826
38971842
43099700
13743282
16606433
28946124
15873097
24794708
32786464
6370898
12507015
14435404
16483160
40739641
13366134
41017411
26130258
51792235
43074881
22481299
24881758
46447048
26432791
14233270
51040292
24781274
44930205
21874104
13502624
24507133
7381815
4771123
40704864
17971301
24824952
28433646
36245232
29690930
39983105
20541686
36983339
51587538
13599514
30832849
19284188
33777815
4810786
19261804
23700384
38539763
46318126
18030771
19261342
28994822
24958602
18647974
7069468
47112622
44106454
4701185
20187842
15656795
15924732
15975375
18337836
20051487
32118055
23600334
15642648
32216956
8192299
17570581
37038553
6089266
24365789
21195878
31250574
39765895
43784426
36894816
39435918
20884974
34327801
35508839
39863536
23352981
46288256
24542523
35823206
13366832
8514928
30034733
27848106
40220917
18254782
31199539
32441746
26670414
35150685
35453296
42516014
28532405
33440257
34175532
27328072
15280181
18400169
18616339
26233887
51503410
27604451
41624216
51094431
24508465
8161986
16699741
34048687
37714451
47844233
7285019
34039014
15808795
30026760
8259717
10271857
29015657
38835993
6507431
34472607
38965615
8851967
28922660
29847771
33041787
41277761
5834537
22662421
19223502
27974643
40799504
34799502
7232225
33543211
39997192
14589238
37755804
45547968
5121848
18599874
40053938
33492351
12571918
30047928
45517859
51538888
51634565
51678613
8878042
7694243
37269444
42116224
14903661
32144916
18289824
45882686
7822351
4956279
4616698
8756120
50943540
16255061
35055058
46790411
40092878
7110391
41312903
14900271
21776589
36670544
32744062
19220926
28668869
36590785
6601330
16439501
17894218
19547205
20763074
23099137
34136117
50100698
41092835
21170343
33399555
23877693
25588312
36597338
35753491
43778987
44733381
24355507
27286889
35399527
38191571
5392257
40393315
5365236
30285313
51389543
21295809
49944112
28455298
37886098
17666324
12513311
48184515
37433175
43138571
44368633
13965600
23078889
31814100
22615561
26743824
30348858
48639898
30447853
13475590
28425575
26453528
39411690
24300026
33628052
36451697
16168642
17662316
31425086
32797029
37736766
21365361
51736670
12691242
28083377
22742711
8839860
47348537
21395765
30855776
37314143
27314252
8121044
13727091
14326123
17645803
20816751
31298103
37602233
43952491
7534811
8587037
19477942
21873963
44654515
46073330
27137016
39058741
40811954
46763340
41290645
5138705
40198712
22884321
25950054
21350190
28335122
42844458
17644462
43650880
13814496
23164451
14278060
21128812
27655376
8688042
44410649
6460970
12674167
31586620
44298280
7804457
14268051
22590730
22693146
24091016
26272604
40060548
5446091
42196511
17979208
42235636
19490886
36308679
25367009
21001533
14771595
42104811
25078302
51309143
7804890
17405654
19041283
17431035
18579152
30148770
29593340
42251463
25021660
22232535
21631595
12449575
13510167
19339304
28402415
30029292
35511670
37405243
51301820
12796538
15669917
32656609
37533574
42423503
17704466
18145860
22753128
13007440
8902625
15901425
15269773
49994371
35831584
7507102
18294759
23622448
31348579
32753933
42938633
7531609
19559749
50044599
44073050
29586183
19599007
27642417
40762414
4933808
41830600
29491222
23040901
52083074
25608996
23534009
23815219
18181599
6189021
19605849
21011841
21747517
31280680
21212937
28841126
51527481
36455059
19269561
23357746
28530178
12632789
5473558
38835186
16786418
36451518
14764052
17487420
26480555
29911737
31121765
31302369
32777064
37276786
44321569
47405450
50705310
15857464
35575036
32529387
19782821
31051777
26009433
46770330
51887463
30649468
5326152
13773973
17876786
19250321
32656606
36121688
44404067
44763270
46148320
22557580
39369822
25084714
41005269
7687300
10177163
25379927
8609524
20157334
23577670
29187983
22863319
6748369
16847179
20292978
21699422
23431847
33422627
45091586
45480119
42879930
21790953
7672268
16208713
19472294
21913123
51219325
20561192
15111402
21231850
13100381
5332469
14331747
18601972
19653938
21806953
21972694
23089643
43808182
45812920
8302924
21204587
34474643
43323884
30455553
26210498
51126356
31749456
34060446
32071843
50664036
41093520
7292264
20263306
30607031
40012991
23261648
15583062
37185856
43736896
25900847
6166710
40210833
16065479
24612291
44471093
48621790
14501311
6338875
13748303
14937970
15152048
17975206
18544965
19908127
22886655
24218072
25390715
26793860
30591942
30869332
33156151
33996973
41893645
8030139
19933046
9070993
24451746
18168806
25361957
8962155
12401072
16046585
20017288
27003483
27479918
27761307
36597106
47009905
50219645
50517854
7411305
19072281
8945244
51297774
35910492
26022492
16127245
49859587
21899048
6987869
51626676
30645047
36642238
46138996
21361440
13832296
43411211
34500586
32315555
4783526
39234127
16381743
7765658
31424147
12454070
28697876
26114425
32641737
29485850
22497855
37285030
49970124
37147978
14272999
18394618
9048157
36802836
25694680
21018916
36930579
39534799
20555041
44940239
46498111
29275555
12974327
14667294
45740397
37281901
31117191
36589585
23427571
6594874
7737911
12651610
19931720
23871042
4875660
15103234
28244805
32360370
22180510
28241475
25049884
34597614
7859406
33393523
34428986
36139209
5708741
51689439
5945419
24417205
23820783
39238664
35154229
24094510
7546277
19923376
42861856
49848315
20581408
14298421
20229276
23712753
34168303
39804345
44763003
45833234
37016436
23869839
46822826
33967593
14339547
43449353
12637338
50667686
29555666
46228107
47321325
15028671
46309481
44751826
16103187
22961466
36196942
21224335
8784539
21321398
13729456
21729120
19915214
22343904
21375530
50920861
41542199
19566045
45531933
29410150
46122326
17617985
14983147
32821386
33916146
42301430
30220257
32270291
18285821
5735768
30995612
47686236
24888044
37933194
44820614
22632381
20945676
35512936
4893328
22567337
40388838
15123177
12428196
31322893
35534936
21515403
22207924
18653124
19365583
38160837
5382066
16163440
15008521
42119749
19005469
22308706
28748317
38137865
8278083
26739099
21216142
42209715
19275457
16027371
37442339
15175327
20270547
20967048
24628992
22018866
22899687
36924086
33394855
46487430
26150481
15122498
46521673
24336227
15910680
36859771
44107359
7634939
29520533
38765838
17483025
4672779
51089744
42784183
14825916
40403101
50820405
30512714
7352887
35702613
5671067
8317400
39085734
47797584
16281388
38814875
41394735
28065043
21513138
26098563
14372361
36758420
46196289
15011911
22275967
36642433
27231374
44057477
23337131
35717400
40481622
46278558
19595648
15215744
21307122
28964013
18686073
28835880
6544160
35307658
27514234
29729606
22312674
20657859
23561011
42509721
31222573
43909894
47590254
18789315
6104968
5140615
37491756
50064073
21928360
51660722
20240253
32424301
36663930
23732023
41262980
23512410
23204647
19174779
22319117
12744784
13195458
27482959
5978217
28595758
22940681
34699910
32633189
50787491
19340294
40837759
40240307
43188073
45349680
22184390
51080086
31036986
42280781
19725057
4668626
44932027
35413916
24541985
15167228
16763129
17869940
31543427
47881021
8460151
35506065
20457676
46315695
50908094
19625839
31700673
6819263
23117955
5207346
14006796
22089668
24226375
29547161
34792022
37829669
5615659
18616665
20432861
37162991
45758398
23025532
8773456
16011126
7246070
8258366
5967894
16772378
14166169
15847791
23017474
31801386
34739180
22133512
42689015
7078199
7094482
23024873
6073907
5241847
20013317
6529567
13143895
28567214
31071424
41023845
34105908
48066928
5660339
32717996
11116267
23752462
24276549
36290725
36992915
14193152
27390559
25022310
5747301
4746022
29764864
13526516
47062885
19236681
21845723
22253411
22547536
22697820
31449506
25786417
46560538
15980498
12504461
34718923
32978079
30927508
13408945
17588504
32784324
40718369
17228009
38574437
18662046
23345708
42901443
26710394
36217133
39921322
31966775
37593072
46491800
20322723
39403387
39405416
23549406
40420923
14252550
22007031
31786891
20905492
36678316
40048258
22359213
32071711
37791109
51008361
29656165
20538227
52144395
15604547
8110680
24465874
38410662
40677887
5734628
17312323
37032942
20844579
28338402
42254702
46479862
6419404
32861523
20499642
22846773
23808078
32054416
18629631
49974283
22003742
36862294
44079305
52215335
49907638
25672758
7479041
29556495
17336498
8738418
24698308
16877078
43075057
44660239
51136167
18434855
21818520
28896208
40581606
23285015
13705963
14074523
17477738
23554014
21882649
26846667
19568062
29877563
19798533
26551018
43329451
36727592
34995274
40847806
30964868
44801962
