42484098
20643787
37879607
38989218
34450657
20154051
28547585
15557097
45563481
31800415
44445250
14522341
51166050
34360298
22014191
20691848
35335728
31944919
50592860
15046343
19308526
50159810
34093621
51039114
43343465
32424301
41785854
41036465
46491800
52221333
44392820
4631640
38181433
30707710
43848156
37791109
40259628
37380870
42750358
18597941
31020606
21245390
19254085
25049884
38803013
32362829
35509072
19462225
26663035
36791793
46438135
43783684
12026176
46521673
23345846
31652446
21200814
38715607
46170610
39386142
27609663
46784109
25254345
27391008
5075663
19082381
28667720
37281901
47834165
44145894
5515266
34274068
22209325
13089329
14116321
36973531
47677487
50244319
6301478
22432984
19087304
51400054
51288471
45301205
24619124
21397647
27332445
20758785
25785186
27483836
44486125
24142623
11030275
53738753
37435801
22248265
35415697
30033106
5962164
51801047
39132946
32945906
25361957
46919330
7653048
24582983
41528828
50155362
14589238
5898003
39841001
31084559
32147213
35931226
52267206
13636613
27774003
6510124
21169869
42901735
27265947
22684396
20903135
20930508
43376675
51191695
25679525
24987488
50392012
21378242
50510421
17388523
8741898
36250635
47282746
23444467
52175965
31784864
38316556
17250710
37864974
4668626
33451941
37703361
43311534
37016436
21789212
29689585
18353896
25277178
38465131
51048366
16921638
9313929
16914632
32355861
29159457
46847299
23940144
33677460
36678454
7377272
47316540
21870325
6157254
51892867
51973511
45001504
14597016
22607697
18022182
25434437
34130751
28313075
19256014
19461795
19081423
19595017
21453769
16270527
34522649
34292361
44628091
36524852
23372361
29275555
50747404
47391451
7358055
38174531
45861634
51926447
33369597
38557833
23577670
33423277
20233024
16292726
15307711
15071746
15581384
30949729
33799561
20520094
30914009
13764802
41523123
5354596
49292011
33940220
38312484
46541751
21150061
19271169
37404671
50386394
27739630
42774941
41490579
14867074
52105933
36992142
29977522
19234252
42472588
43784426
18071847
51108838
24501189
47712516
37516753
6731618
14989144
33162091
36621836
6730974
29911907
44903832
28062520
18804683
33159054
36563082
29517260
15267649
26473358
46603128
32907918
22341561
35706800
14747961
46962282
25268052
24124590
34042978
29187704
17741440
12474293
44636853
31369898
6599986
25307384
20916905
38657990
30830568
13032101
41330861
39324005
41774673
42963578
18010511
22499140
22557580
36307793
50794921
27134566
29144205
11794977
26432420
6216718
25749504
24553298
41112658
21768584
19757550
44073050
45727340
19997182
50152638
15787947
18909653
5178000
23944825
32656361
29015425
38760161
42720912
45659494
28983308
44357776
37164964
43115766
24123865
39135170
24414286
17121095
17647365
42817801
43539717
23853634
4652990
44092481
28297213
15318197
6134097
16216573
30588313
5784340
34487074
22843725
55826103
44194322
15902043
36802836
40464557
20031466
44509675
32881861
14851379
34849790
15009429
30813242
28646627
43787888
18680248
20967048
8138267
35532948
18031192
34264348
38227297
30324360
15734926
35058266
8786365
31645261
28316530
42154693
7136350
44382443
23511210
52217063
21378229
35312757
20928802
45548336
43701506
31841199
21894066
8991957
35929910
18953149
20579014
24851885
20082649
50115721
36559677
8320919
37539596
19544095
50559766
6819263
17296706
27420357
5389869
26892657
35517086
18487668
14889339
19452477
33392081
26427535
50999413
14732598
30431721
27102446
13005558
35938807
45990907
21709161
18943240
46739769
17869802
35328487
34238376
15464822
33269069
36627611
23580573
6914044
41615586
17213690
46181473
6501767
28834567
14841718
28517291
31331410
18815092
43267015
24806382
45518849
18168806
36967031
9725148
23925932
4999505
39579187
36092758
32736245
35183967
29316556
51297774
13631696
30082580
34649711
22500959
19432638
36899022
46058351
21009214
23950103
27087797
42078626
31818376
20539766
40850169
43191170
44161256
42026695
47792526
49991927
51302071
15908788
38258823
29293607
19302918
46461565
46045979
28779984
22904597
27256523
33151174
15966544
50454727
50611618
22414436
9118318
8053057
5028244
33224493
24460543
30233486
35059953
30431529
22754925
44361256
23498232
45407510
13494101
44659079
44455875
34366682
44204701
20274069
13545899
34507714
31845670
28363054
34609869
19624331
20877707
45579161
42104804
23895106
37008541
29842845
25220950
42846764
22915303
33693165
31920060
27794445
7565667
14765971
29215324
24067140
21699799
36885966
23349761
53485450
20327844
50370931
9053419
38398765
45462149
29986878
4726767
47551069
33847826
40573121
47358188
21857806
38029556
6263823
4814163
8557500
19260177
19459539
42836299
43819530
7657348
15128404
21486052
18666730
35719034
13688776
19693698
38162272
18209502
25253528
16181183
39925796
27206631
23214053
19877638
5450958
15978881
34054084
23547558
48184515
32307025
5791305
28678498
36970025
16836821
44724905
28014360
30995612
16832360
31375942
30831696
16021540
40732067
43838382
31557831
25155265
42260521
20620398
32882864
46849998
28334205
36782252
37648399
18489710
47347444
15123431
16594356
30671918
22131467
27247908
30298825
46593333
28669645
32403824
41604041
27698457
38852581
16214651
24386131
28133548
34928662
20343724
18069758
29650771
38889714
35391158
45458448
36149460
46232895
20051487
5939774
47440755
32430741
20621347
21181433
13250599
8371778
22157146
51513645
40872637
26766428
34970062
14776379
29334359
5168434
29563802
5995760
42746500
7808669
5288867
40853219
21171424
42844458
47337447
40731633
29993192
22940681
18758728
6045312
38744164
14852792
46301363
32664755
49852685
22426654
27849976
15420356
6211939
6735621
50806498
40372665
14187526
37278753
36217887
51546308
25363223
40579508
22368827
23196510
16306313
51041005
35188504
6377008
38836147
27605949
18655445
31570787
4877871
9155869
14392571
31599410
20230659
30831300
38261744
42126340
21454818
41000569
44864062
42794950
32268641
38137865
21971905
19758647
20670884
14517726
6136152
36781816
20152389
38127762
46245863
38939505
15750597
46225550
42826394
23806840
37944516
43021490
14416881
17673732
33797111
13741253
41873118
37219358
36130765
23378698
37240667
20620826
45529389
30139697
8851798
9098633
35035332
14271504
8741201
16356290
7029903
35348263
18831607
40857944
12611065
33508678
46681389
36236020
34659425
42108411
43503391
34938486
44094061
21512394
12591342
15992286
44679475
20051805
19078244
15122498
14081440
17491975
34739180
14930013
39548890
35096697
22855359
31431743
40704490
30538387
17814724
6285116
38589557
32077984
6823164
44549956
27073917
35666173
43832058
38059570
7480188
46517586
12519035
18538408
46878973
31006821
37847620
8897219
15358963
40388838
36433689
13995854
40581606
21606698
44204299
42142237
21759059
22911370
28446011
50499749
40243288
6228951
15830582
26148700
44084294
15466433
41650489
39471657
41794060
4861765
44266116
45869915
6645803
42815910
8843730
49793328
23030147
14660549
41279345
50625108
45552526
18687163
50798091
40574151
12789454
20707166
5501851
41901773
39721027
39066099
26114425
37174490
20925095
27601262
51444709
42734336
18124890
44725970
21616233
21967265
20858632
18276842
39783890
50838413
39195611
14992480
8136828
17084841
23840355
29986061
27206725
12771833
52395603
23426767
50643367
8264609
36262696
34718735
20429814
35752831
14535165
40619161
27318189
35337186
40739525
33045793
7965284
8091975
12569524
21816487
23169929
19118921
14968202
38270403
51494701
36597106
44509628
18540931
44071281
24040251
40524671
40410606
32272427
13076699
6503473
26163346
7222294
42778871
22399922
18495815
22729142
8130004
13823066
51207032
35867364
5102266
22224458
30830125
28689896
5495860
44085956
35244352
17997549
46516166
28476428
21929032
8186744
24618025
43333714
15088157
28935855
5448086
24557753
46372649
43863757
13964152
47009905
27397869
23616268
32285110
15966833
7852115
39086014
37481103
14897909
20817785
6347992
53684206
52385669
22517817
25346849
37253152
33374975
43872827
36679981
46010671
8639046
7843764
20040963
50544693
32322466
44572406
4874409
21513138
8970025
24024996
40606161
38495718
47357249
27842225
7415050
46109286
48886353
18631437
25699304
30669687
28244107
37954977
29404219
50875575
28693446
20853285
39992039
33433327
24819190
29557092
47527482
16169117
38835993
32326660
30397638
26560958
32850511
21979081
31979445
47053611
39178348
36748417
17577087
34679173
39167899
29110248
46165454
37314143
21682910
24844634
17416813
43981020
43791221
33333409
6224663
19592617
40829808
26427987
35221958
5826262
37295834
15342284
25215131
28134792
6167417
34596018
26184212
33581246
50833346
19797474
21408649
32899099
18908793
36212003
4917509
17997511
16142529
6133651
16027380
15011842
30822199
7040823
22931809
33096090
30031802
21695165
21903224
42159660
6604510
51163464
5806878
45417199
47522720
18906971
51971328
25532715
47350683
7485293
13841932
31524024
51106435
32079612
13134203
46120988
29506239
31402328
36811309
40673247
28145571
13599954
37680597
17606986
14039814
26453459
39423546
31913836
5871947
33123572
18810175
14297736
19577465
25398286
50235918
15308078
22620481
36209022
46498111
18994932
30469938
43201937
39684613
41880460
24770882
6114393
50111857
44077241
21998788
37315434
18573176
41141859
19212786
21000946
51243726
15700520
29725893
41810915
40210833
23078889
9710596
29731695
35547823
28275574
5672688
45501563
13240002
49972499
37991432
36277515
6038985
17612682
22209925
7418851
13801311
18298739
7530739
38046904
28702563
28386641
46205755
51003212
4572103
50452798
12585508
40224483
20800126
28096905
50540166
18302079
45548766
19520916
43353939
38452797
38231613
25295182
22645855
19364333
46972752
51558237
31245236
13270696
32543848
23942281
30312519
35012116
19534457
18457578
4829180
34775733
15015775
14933227
50842233
37029414
31325827
15541778
47401636
4989445
12859219
4652531
28250947
16037811
18475683
16112826
46467145
13662594
13884170
33182034
40806277
7913222
27863956
20353011
27291969
21395765
53644191
16698041
46134063
6891654
40514244
7543340
19807634
51145783
27494991
49491848
30787035
37641993
51136167
19479658
39483224
51707365
44820614
7851351
47100549
5586888
31606667
26200863
21286997
26111912
28433646
41002149
46151081
42187664
30821068
38539763
27474084
19533005
13778698
5348049
18873503
49866769
36713709
18632282
41406529
34311993
23595069
15007302
15748897
24300026
25994331
16469572
35875630
40673712
12518259
7936718
22355852
40773083
46970315
31826748
16057691
19348920
37679158
35910680
7940381
39694179
7726850
45512801
51426488
28856209
44498346
25663688
26602540
23247797
29368600
7941974
17713351
21366608
38310163
37645220
6813715
31338812
6386373
18187587
44138153
37787493
42457703
23124081
24537609
37266183
53484536
18113992
39021567
30403380
35510278
41483803
8809967
39208137
18716028
12675496
42793614
31586620
25916457
19711803
21608263
31218514
53650515
29754155
42414462
45516885
22068481
30613622
13707723
19313923
6525269
7068513
24617327
8637591
26801409
19295039
51031084
36575850
15274803
18934632
27519678
24111512
30302121
7692393
18629891
44600954
50078006
31002997
22968742
30406481
23877693
8410448
40948566
14121634
19849360
23066690
34456412
19519078
15985029
18413228
41633302
7610799
46041421
5353901
20084703
24695986
19540960
27381197
40574434
5382791
42442221
45979676
5509008
46560227
20241664
20466199
19870126
4899222
28262492
18062366
35738920
27278429
39579731
36443196
43852061
20573541
19143690
10523791
23055098
50733101
6216554
44293960
44546840
12857567
44230884
27715663
41358463
19544909
30185363
14672635
40782819
31429538
36789406
45522622
24084309
16983219
17329329
22470162
41643034
44561024
46498818
28308834
43767781
34673527
19724143
4682386
35056783
38956853
42251671
51358557
27397709
20681911
50186143
42466154
37748207
51415432
49952566
43351935
46337262
21390029
41527923
22733239
8471618
28996959
13172483
35040890
33657473
44526690
42104811
18575108
6046010
32038064
20573227
36706279
20095407
27447010
8935219
46478960
47793764
36789723
26403574
34634446
35440667
41603994
14355161
26566604
5823152
37156259
26710539
41189178
43528452
31820726
23242758
7207127
15886775
45983135
7106574
23883866
28485727
15169047
47867660
22363125
32291286
32295986
44626099
28264028
38069438
17770920
29492617
13033383
14559116
22922240
15715266
29424652
12400242
36440045
8161986
18476773
14831461
50518373
8493687
45864022
41900749
27356409
12571918
17684699
18069943
37740812
16191233
50186935
28340953
46919942
29731680
25733193
43276257
23012683
46001256
24543245
30038462
30226367
38207175
22599033
20627536
4868242
23443327
21241098
45426040
50275103
38914404
31336870
28927375
36464788
20758870
24690501
47170478
16920215
50409369
37875658
36260189
36793144
19552430
39911370
23445259
50156609
46797414
45610947
7592440
23252409
26690499
42979458
44299135
15007887
44780992
31087660
38008488
30684305
25401877
15369267
18938305
39174368
7833576
24002907
19511306
30191204
14309064
17735599
51639434
43143833
52287444
16083785
40995458
35299097
6717912
22515316
4783589
36110237
32415090
41509696
44612031
37170572
29122380
22976411
18448923
5079398
43735153
46151320
16920545
38662759
30406412
32137134
9165859
30025792
35818701
6402731
26413394
6622225
35602427
26178941
15351435
37176723
22496887
20810355
26555533
20152464
17541556
5900790
34081931
41750555
31554369
35753173
29992737
25989170
29874660
43174121
15536934
49766897
33373690
20930907
43372657
18982548
14642965
21430188
15642648
47078008
13273278
36030827
13802244
47058449
39109035
46699384
42411414
34385748
7626156
4855230
32014763
4910126
21694688
18887285
39494750
18657051
6674064
4722755
12531674
34356453
30088794
32812797
38278307
39376413
50701116
19075281
13951331
31559518
20731061
30073130
44348495
41089357
20151101
46887106
27603248
45875306
32617694
28359514
36647214
8015603
5591271
15756252
4895744
31810990
40632130
21617892
39804345
43716303
37445618
33770232
7062755
34882990
10824664
53575912
7019615
15075688
30979294
5599172
18775746
37642675
29706619
42415134
40005928
23089643
19573610
46048471
33772537
52121848
25746711
23353276
34875661
7324101
21968886
29850573
28282865
38538377
5563222
15287733
13006526
29767506
14543986
12733766
47486324
4985961
19232474
47610461
34136117
46452313
27479918
43363361
8583923
15871168
28082347
29146081
32640955
29485850
17695453
9513499
18993540
5489137
4777026
41134285
45376742
19326430
6118254
25353644
21621611
30552550
22325985
33741194
19301039
20743809
51105219
6117544
6707808
44380467
27328072
7052545
40847680
35807840
6141891
41524719
13698078
46961678
6763666
37013631
15727126
12525695
41813422
22555126
18487109
17614576
41138583
45840997
27246510
30413339
20032327
32378129
15252032
12636204
39494100
23711741
34474643
19798533
37491756
4863584
15581026
37532257
17953607
45824167
50668858
24779949
21763168
28309487
15247040
14953414
34936391
22978459
32991230
27272281
18699666
25986571
35085051
47418758
30245597
8638757
17359174
39836477
50733082
37650548
32792615
4601587
20525657
38195460
24750556
18692422
12996158
50223135
40381462
21425438
30582489
39429999
49910811
16412907
41601744
26139017
12558795
22319802
34053939
41337005
44033139
13408825
39158594
19445622
40544803
5615762
27310128
37306603
24117242
6710856
15980498
44957606
46973880
7232225
30734168
49903092
41181173
23186338
12539163
13832296
31502853
30040077
25347355
46240859
30613939
25911302
18148468
31248529
5698261
15882120
12632293
40511854
19600304
20236998
32587133
29156621
27336693
19403977
19485259
36490238
30695445
46715707
24455541
34702141
6101387
43236343
47132232
47683572
43929599
15919806
29253275
51502580
38783321
23584073
20996362
35246953
46914269
49903362
34620152
32625658
27750607
4873278
38134576
7080580
14313789
36288447
29215120
38620791
18430463
16119369
50435353
13781877
44403715
14914223
14522492
28944783
39982602
30197854
31371531
26485792
47104850
24082364
22043838
26579622
40092878
43058705
36308679
40246568
51769082
26150930
22153316
8624130
20012978
34299659
23549406
47408341
43616985
7195198
18956089
24728477
25905386
15813391
51070231
47436049
46023520
43679148
6907350
4615423
26135495
30176030
26106932
43344574
8256522
24821012
52123635
24706021
5578164
19481335
22192693
6328555
14285493
50895474
23071155
19243778
50483316
36422951
18228047
44131490
34012210
43561341
36669001
8130491
31381292
40352188
32770055
17290021
13741366
46701771
23886715
43950035
42530726
29922038
31095835
18587612
26670414
44041527
21926022
45571596
33326142
35962473
32119120
24731835
21335475
6747204
14372528
8541873
52136362
8069491
5535730
47890594
30566577
37452147
45555715
21058858
25252466
21364767
14360703
25722813
6864213
31713682
42917016
14231527
30811951
32217622
13596463
30048396
23306394
20706459
25164709
36655021
30279134
19295859
22813968
18578005
19060896
24170253
52003843
19617168
15974011
21107650
21013418
31763743
12433518
37021915
41502743
50073595
8617972
17961050
43661800
36544088
17500260
22920977
44192864
34287762
20851255
13453716
20027134
24279801
50146386
28646354
28129665
22480893
38505243
25584052
25087620
39809045
32384104
50155390
50413023
28829056
9085350
24431480
33671520
21058214
45456431
35765407
45212999
31475361
8430755
5203702
34938499
24025778
43181689
28509226
14894400
14639497
6493423
50601615
24217151
42749981
23307280
14017273
33269989
28956118
26336517
44495468
17281112
23998594
50645925
23121505
30418432
43685905
20231579
21784503
23099137
43238093
40199950
19873299
27411551
8314083
7427161
38872693
50595480
7778413
38549065
23059908
41209221
42833566
46804379
21887962
44491108
33753930
28073566
39472269
50889715
29278995
51493944
31748796
45070298
18595042
27723602
29365593
37662134
16157100
31661802
8729477
18734145
38998234
27512942
4829676
35506065
17971301
44646054
38334956
19983544
50482059
12437461
5652403
38466803
17911004
18085133
20428428
6925895
16562095
4759044
30556037
18876579
18359306
44148882
25017516
21669219
31689451
50864149
36758329
36339552
7468353
39614213
50080623
46231173
20356592
37715396
41420575
26778683
17634566
41696850
36170481
7173606
6922244
27677386
28310436
13814936
52170046
45473013
7559491
14814182
36834887
17170320
23357746
7998158
17440648
50629368
37072661
14742168
52214965
30726729
20879353
8394206
15418782
4642230
34596439
29761625
6731295
13995304
13927527
29732471
23057313
39982938
22722812
46463214
15637242
33459996
20967139
13781575
32856848
24794758
13696350
46872074
18405670
46295648
20974751
20723813
43825536
34265155
32700042
32992609
36097297
6535124
21668091
46111227
28514539
44291834
51332985
30879055
50926199
19353451
8612707
39192369
7284331
50922438
8880681
5421392
47647262
13592929
25078302
27660374
26690957
18293295
13153433
29018475
47011206
36248587
5993580
46560538
50819959
29320021
32324647
50449270
51500940
23541105
27029963
20577999
33638926
28791392
32005769
44679173
17076858
32358516
24918546
6637820
46198234
28924334
35418085
17360220
20535362
45874760
25526287
42860870
36196942
51020418
12754033
46228107
25915505
29815997
38469090
5900608
22557834
27673233
16706778
5457580
15690140
14290482
27004180
22590494
44041282
14194223
46078438
18699625
26087514
26182271
26507426
27488520
51795430
50588191
33994274
28530178
35912207
39323854
8048310
45458916
29538783
19626238
33825813
29478203
25932071
19565395
34327795
41009513
41542199
27223775
26173125
32334332
36294215
35159331
14761246
44662296
28963309
39117992
26218097
14567250
47463271
34310476
8341766
25798227
21674886
15900796
29223750
34632806
32808901
34571897
36850196
40864023
20229276
20492903
22588707
18616339
9167864
34781595
31039427
13310113
15600463
19699777
41454482
33273989
52018417
45758398
42835052
37717206
24781274
24135316
32050188
16124242
36503053
42805665
56106942
29770478
40021187
15596897
46410486
29126857
37518554
51931137
5714267
42786568
45912013
41892439
14952315
49823628
40694119
29255512
31806450
36303599
22914358
20907135
45379717
22990812
43570266
38300417
49795678
31168409
18183968
44993204
38538214
15187410
50482461
41429387
18981436
24660160
24659468
37514039
41281076
7372365
26746284
4769245
40911945
39947322
24675937
40089576
21307122
47635418
22035887
7275193
33399555
37404464
22579637
21268038
21392771
41092835
23446757
36968640
30606814
5515175
32132507
41629167
44026294
19027419
23593441
22512419
34715066
25807227
24514361
26300175
47112434
28121315
7014836
9050682
45809964
29320662
5554316
19629584
40334385
42227546
23918599
34785450
41017411
43184061
39347369
7487432
37755804
24561800
37264016
13627408
15337226
28938849
35185418
5640697
41769521
30517826
24532746
31560687
41039434
21241846
16764816
47376953
27023058
13010770
19635283
47008865
9157965
14332787
45488463
43756908
6476766
46867547
28705698
25941251
40899225
29725321
12525620
47138330
27797191
42211015
6013790
45856573
27501812
51749334
28639056
35075202
8368903
31938319
31620656
6828106
44779943
37643674
7476254
8285601
19608570
51396724
13292206
14063558
5606187
31654174
46136608
15275277
22128495
8522995
14327757
13525934
29965034
39392460
4781104
14073165
28778816
33374680
37147896
7253729
47033388
14245017
37506195
28766435
13251513
37521309
6444540
50202049
5933246
31626299
25900847
45402782
29130655
46917530
42861856
30990937
5442711
21604700
24228128
21579558
6859902
19623188
6792609
5948947
28249219
6797397
31309821
15070423
43106115
44654515
45147817
20148013
34207494
5251451
24853449
21451500
42593994
51354998
20071637
39164613
50604201
22958183
31196639
14847678
18929065
8660729
30940166
32803064
34379085
55709195
26627557
43630255
45525113
20622516
44168633
5208103
53738584
19152662
22395213
24905342
35730689
46110819
9116744
30543850
23908958
19450984
30494992
6434088
18945923
42125809
6346387
14460731
51973851
21241463
20136898
50559864
34328216
52011364
42689015
20480525
35390967
12617618
37428660
30635949
18592261
5038529
24996876
20688169
14025338
35370059
21756197
36380402
29952110
7834600
34452120
21415868
32536924
4576863
29124510
9087464
50546543
14615536
18430828
13965292
8733071
46876588
39359461
35590480
15433962
13573237
13334203
13618913
31803868
46971113
21779759
51527481
8063264
43038379
40932252
7567964
22316915
25017974
31544655
47173463
42251438
30018623
18988718
47367054
14255387
37185086
18640325
14619403
22400940
46869196
21234228
43733774
34039014
41095524
7852140
40128630
32020911
16767907
44084608
47823307
6968004
40906953
7620969
43138571
20507760
35135643
18657563
8244003
25095628
36490712
47906757
14233270
33492351
40848139
33516894
34384595
46811900
29175253
16097479
23215514
29114793
19648914
20377204
22538630
19806022
38835644
22890714
43227192
51252852
43111446
14586967
29200270
9099148
32857976
9786707
34360210
38169089
7394837
30293007
50976140
50427961
27271008
19944419
25425518
30109541
12441818
25353962
37655389
17495751
16821905
8193185
36060179
31363910
53414513
20857708
15205772
37897489
7834531
12828027
37482243
13482150
21406975
42221442
47383258
16644820
28550230
12413550
29549329
51659286
47822980
38449995
19166193
24086363
45615933
27909264
8409832
8201262
38857570
24851168
39880560
39593711
35191705
46958386
14513130
50112649
42784183
50683445
39332135
39783237
39172731
22497855
32030656
21292693
47481436
21445622
49882235
25379983
6026510
42522878
29169856
18444101
18446994
18031167
39929047
16969701
39983849
45930545
21201518
9701011
48458267
5684108
20528808
19695290
38659370
18412302
4957992
41905053
23947492
6912788
37007872
37820432
50559072
20884487
25800966
28947824
35047468
38402403
33543211
6467404
34658906
31814100
29903280
20573155
8210090
8462479
47415510
35749089
46117696
20977220
36659099
22655531
16335187
5678428
21831784
40012262
21858512
26773082
37714451
33962783
19494310
41197223
46315695
23607823
37767544
46030579
34792022
46487430
18992236
14243012
18420869
48621790
30631083
21176843
12687824
21343822
25062601
35148674
37546269
15114094
9132574
7711151
15008823
47568678
18338493
31845582
37172407
17977954
12809771
27202409
29390644
23813736
14808732
23040464
17842819
35417868
43826435
5642299
34842300
42139076
6154888
21401125
44168605
5346308
22581368
32994180
12435890
33427983
6047885
37759363
32994663
5814632
6829014
40995621
44734559
30316399
4784541
33524977
38072784
40519079
46051895
7120601
20924363
4657935
32261111
18792023
5085016
36707134
51676738
49979068
18991756
52144587
31811948
22319117
19135352
29316823
5283149
23846277
52200696
28841409
5930126
26260641
20213666
18906462
45387637
41947904
32741143
20173277
24706608
13014716
36062281
25304582
15776226
40176284
28450786
15195512
5018627
23181000
39200591
21236003
39841984
20088926
33754169
51645111
12438604
18651226
24721980
31121765
30794590
34677621
19202139
25383112
28994345
13340317
8934362
15149607
45951427
7658464
6597592
42090639
46814551
38296685
36794200
4826654
39437734
22736094
36950821
8409392
20989611
29268169
28697876
39385165
35334091
16120136
6745256
24817233
14620349
21458732
40730640
31237420
19633467
7351599
37692400
46211661
15944603
34506128
27974892
37926524
7178642
21486903
18538946
15039412
16130227
44621629
6862139
13708847
23983687
6957103
40646141
29477066
20148317
25519825
28312880
21457183
23626444
14440587
31613927
46933297
7461467
18211312
40422252
4817185
24720909
13613315
19562841
50892301
51538888
43541398
36612380
45028848
19288420
8546975
6396524
30765628
20353347
46347243
40652990
26064219
33510101
35570392
26747211
17711007
44264979
23590001
32483473
38001388
26104749
50682954
21352195
28142618
50451372
15262202
32933032
50044599
8136268
26905044
47886177
30144893
33763578
22343031
41260988
19709710
45456485
23908766
42446955
26705713
29144117
43074721
24941345
21937143
37325145
5280423
46220288
37593072
18304781
13840037
17424733
20874892
5475908
43845771
33199445
12609871
22131027
26997002
29128604
6238197
50971214
29174741
29334507
13232459
51678780
21998285
7995010
8957540
39209450
12470190
41960627
24081972
25700200
26671263
18884134
39402557
32397553
36578922
25103385
37421846
25000718
26127481
26377326
38424397
32356983
36882962
22711304
45524805
51195106
45738807
20310113
29510493
28061213
23133236
40545337
20532867
41253920
21366360
6829749
25599804
52281306
46952012
18231754
47638974
29962631
42879930
47088765
19549030
6360392
30128962
20291574
37363673
15011537
36296085
46144311
20553869
4810786
26161875
25527698
15910680
35865746
15059421
28930680
8415631
34525207
21739361
22891006
6928147
13310261
28492626
16018509
19594662
38603946
49935636
19659753
52755438
42374557
34503426
6779829
23603394
40184641
32772452
32948410
8030139
32802963
25366625
42403064
40249339
45397957
29318190
27776755
34681667
14389932
33994877
5972798
42186580
47872027
14866565
17823065
45765994
6066989
42763889
4614377
5850342
34093005
8342929
23917644
9085328
16164552
24648778
44352916
14742642
50494764
25381055
20025220
16424870
14985713
15179465
7663283
41035409
24962582
50755783
8646237
31979546
14251777
7111808
21607433
34363191
41059389
30367994
45840494
32859468
15687363
13024213
23592929
4648651
39167045
26248360
21882492
21976957
12990730
25367605
24465485
5225278
17516499
51389543
29917125
15960009
28653033
47329176
18389289
51220739
8666459
41844153
19872325
18719270
32584701
13103337
31394245
7887957
8225647
20295111
46699638
33096426
35139727
42591117
38585335
37238920
36634667
45376560
24462396
39058741
18244402
8863208
28963859
46706333
18391536
25149915
38142518
24150502
18934481
25073106
28437237
25629303
25715904
15766047
31543427
23159421
14280331
14536299
34534873
50943540
43986738
31715492
33377008
42067413
14150552
47584329
27920696
32197170
25316991
20108303
20699827
41277761
20840514
40694578
6003064
18387995
24553515
47466473
23853559
27448179
21760850
51695358
36737981
46967842
17563321
33712747
14801500
19271263
20990707
25700847
35256742
27293188
48749326
17576138
51539092
7231804
23804104
13557768
25235731
7307563
35381187
9799795
34770876
7687178
33430427
29109142
10671725
45616027
12799567
45423954
41365387
50193318
12504461
14192882
26243975
15612631
19997505
14671815
8711921
19774383
27231365
28872753
21884204
5121172
47110436
7485701
36740965
41840804
20705696
13548573
42998145
38345273
38128657
8772472
49846741
49913095
8484429
15168171
39769778
50740075
22187956
15820617
38816342
5556477
30749606
28009057
53623900
22436842
5615659
13026132
8650824
40223990
50069807
14455507
35150339
52239381
21787412
18367556
37476098
21924288
13500956
35045002
51126356
49926318
52079135
21951152
28567214
28950344
6689609
43701547
18336734
30387874
30279115
31884016
44282214
12430920
24689128
8941848
47346282
39823072
19041192
27271398
13147712
13903152
42611424
38142197
8273829
8855838
35800109
28770764
36149344
32287679
18053098
6406043
7771256
12698386
28240149
32346694
33993731
8702572
31675949
22319067
7291255
29924498
24160521
18731242
25143120
31866125
18882651
37197178
51848052
19988187
40058321
26401799
27332841
5819859
47783296
42300343
20363699
40233047
44497372
37836832
34114267
16101670
22183746
44569525
30873969
22948991
34097950
29592011
31418759
23797422
7260242
18112490
30763803
21396513
47534840
26202430
21078549
20315579
46681621
51215203
39998640
15749915
39238664
23810459
50628181
29630043
20874022
17514896
17070967
43667634
25712606
34672594
13022249
51547024
26950839
37956580
26263943
39722507
5597123
9046281
44082908
22516943
30542716
46286296
35259290
22572329
15125068
7227283
24414468
20776526
24307126
46587992
43754565
13868745
14234166
6957006
22337549
50048321
29388831
20863749
28304071
33256195
42386049
24999357
46221924
34398462
45903618
34884121
33791340
7666751
41575113
6854295
24985450
38026766
47859904
36847739
23831470
51359814
35181897
23465390
6823978
30231768
18782117
13784082
18642159
27164232
27226728
26662259
21526060
21384324
17945521
42816611
40621015
41272942
9820275
24312976
16423183
21308442
22610151
30262775
34495138
35316841
33007478
52179870
34027889
42838618
7187332
34830978
47337293
41840424
18000646
30662845
45807762
39135990
31467086
8116238
18242976
23369889
35926203
24355507
21348626
15734823
5402489
32479866
21892106
41085622
4979040
20743791
8950902
28662787
22501892
6369311
5705420
30233172
39403387
18400169
15269773
21948934
50920861
13553694
49771933
42795930
18595899
45374973
30861641
25392336
47313700
19260821
40233838
43287564
19517369
19486689
15085446
38321639
19369312
17483741
50435105
21819805
43179239
40198712
39707772
5337530
51498763
26124010
37847384
51805194
50417179
33424606
47376987
24675645
38054911
13842362
33209275
18104586
25074064
26453528
24072204
4871968
40801056
43771925
13306431
34108829
39996202
18028443
46045511
8448483
32061604
47638845
34998833
41099099
34093190
15425772
35102936
20632396
36581652
50498785
35311399
30769096
13955199
28750375
23465846
24824952
43577508
7803392
47068803
38243608
18515607
4770247
41214056
33680112
5430917
6268793
29379799
20940297
50878547
19856922
22518596
23982396
32651482
23142588
36526037
25642894
44202254
20538227
18337836
18832835
23671221
32816837
36845204
17585387
39466429
26755395
27049146
33637088
5414606
9070993
14524138
50685810
39891094
8449897
5795204
32050338
14448275
46965282
51517192
26184096
6424977
36900992
33558601
24515317
29060906
34918741
20308360
52350418
18423652
5773838
28827269
32449971
43663191
30829519
40970099
31696780
41370049
25645319
34279506
51215385
42125262
12507015
21587330
31878789
51678613
23142186
37332810
47137670
42747731
29375301
33566562
18272548
23372917
14543949
36544248
36104520
6926004
51040292
40185847
17878140
22035934
21024809
7434107
45419687
12637011
28237774
28609949
17688092
26824205
27797065
23402530
17948144
12816868
32214480
33033685
46160195
33105653
13501226
36716040
36862294
22141485
46399914
23476552
6069760
21215881
19610335
36004403
36488249
25229127
22003742
7852118
19993811
17661499
15374061
4811003
51336525
14889527
28753429
34820362
28473456
44470675
38434268
24459729
18749888
24127795
25046764
6055576
19942436
17716210
5136406
28693496
5830101
25624393
50742133
15991717
43901073
44645608
20558295
36143334
32130801
34352843
21890887
13605392
7517805
12413116
51239070
43357166
8285431
45846127
22632309
26846667
44544616
43999895
24828832
32577146
28448704
51537424
25312847
34627280
20388740
32486618
35249234
45994410
24679141
27213423
51470517
33736211
6170153
40998383
8619238
50591968
51139949
38893965
36571313
45419983
4598424
20179319
44710149
26486034
45783323
47419038
8440054
25060241
37049445
13159892
12752126
30806532
16097124
18280653
22622048
22555600
55694062
37494791
50351727
9199016
20660121
28561452
50092923
42173473
30134711
15557860
14719818
14446632
17964933
20875339
4830820
4722388
43397058
46709528
6296370
30451258
13402366
5704117
46347327
21536524
44932027
22233788
52461127
19366108
35017708
42430943
13473429
5121851
49974283
14300679
19034403
43352117
20145063
6242623
17016734
19708117
8293420
46595708
28885589
15486794
42990253
50219645
26163578
51762767
29325315
8736583
49944112
5184155
34997206
21550728
5413478
7022725
46951380
19852976
28237733
15033767
33916982
17082478
32061497
37409063
14392709
35580772
40923302
25016328
14224546
41826962
46131780
33312194
13745890
4863697
43737996
6641524
50749547
41805279
49505219
18832204
20948377
25698019
24644134
22724295
17634500
18248015
53564021
7769299
32488660
25915904
28336140
33170112
49825856
19417074
20852273
42987828
13326538
37859175
49761463
26561527
24685946
32975836
51019344
50499237
14946475
6709436
6572000
45416385
6311801
26994737
32925269
18822779
6769952
42766072
14340348
8686943
15300381
13958280
37211117
12537508
37663943
8528085
19261804
38119867
34112659
19583858
13029246
8911061
47570305
14706495
23554014
13963571
12977906
18862156
50821213
29911737
46159152
7857719
24032674
29088756
6411204
31327555
34325593
19797197
11727772
47291231
15217465
34853264
45350798
37248926
33896637
12384779
25612084
47875499
49965380
21250954
24612291
40727486
6499386
23090262
15655117
30374051
29441783
51135457
6073907
28462322
31349572
26470870
17869940
14914528
17553541
41317861
7294237
38147394
16418757
23328347
40291678
42933849
21871569
26764094
38054845
43081193
8837271
18979997
28366124
31799269
36680144
19432213
28964013
47308158
33422288
22064906
18671370
38536552
44554141
20886356
19019085
24217258
12650966
21490783
21003252
17621242
47622481
8781178
20704602
22232535
32339421
17285356
43839988
39398904
20138456
45527469
5531323
29326546
45409977
7110790
8696154
37402927
30784622
25628031
47636543
18294759
14084799
26661464
18891285
42708612
5671573
47788618
24554313
24069612
37014730
43645338
27542728
13981399
7731286
15088739
34160191
13082150
21492690
18133454
35778545
12787761
8376261
24542209
34482104
8462960
36455059
44160550
13543961
16918631
33675509
17719464
25314421
39783783
24134643
16437930
13773973
13659207
18159479
36653953
18198124
35851571
19343884
49547423
37750130
29086770
29605975
23224568
17787093
31213129
4833578
4944583
51636764
32209903
19777829
14457467
34019756
16418766
26595120
22335846
30826729
19158920
14631587
35152187
20702215
14431046
21309306
26562152
15594937
20784779
51991776
13778566
21989432
32315555
21653476
13496196
38164610
39776649
9324004
29146913
45057355
6448498
6303982
13606554
50398483
24694475
15785883
31124269
20122786
37213128
34408789
36891561
20985731
13726739
20385090
35712744
49926145
26105251
8103740
9000828
30584559
25253776
50373913
7678004
34091896
14599627
23337131
36857261
18707608
35518101
21934467
23585578
22617311
35714968
36263971
36069412
26305195
13828837
23510497
42987416
19319911
13913296
8123686
51086344
46484514
42822489
46902136
51176480
31446776
24139516
20400814
37051754
25033283
5217641
50999096
9040391
50207022
13165242
14885631
27479547
25847660
8084907
4908034
22249047
18304909
36039212
41378883
6653559
16046585
24111006
50750646
22673190
8770025
13610695
51593598
36335373
28506638
25573524
43780794
35012860
30985866
5452990
46885906
33502766
51121200
29262492
5706504
5631027
25944446
23869839
6932938
23821458
26179861
8096719
12637835
36650726
7527180
36487945
43061190
18973893
36338857
8902625
50237794
44471093
44548728
43449353
8862963
18617309
40327514
43765837
36890543
37198963
37349944
28859998
24007660
24854288
31626434
18760381
31226713
32401245
31575264
12411822
39758713
6859795
14838724
6531015
9039693
6950487
18608903
19228968
18609462
40405586
29621485
55729587
44989343
35069478
27092842
4727691
47866193
36880634
21731253
7175645
15803985
8335389
39356033
15156845
22380513
27291111
18895698
36919028
39958607
51173464
26129863
34492795
16695977
46096430
29152291
6170335
36911045
24168557
19354531
21990205
47097203
49945912
20872395
14016381
39642741
17537968
25589901
25764907
26460534
27963180
51402357
9197960
32075763
29718174
28820341
5779333
34517089
31441246
12835029
22023320
34093175
23941863
50652271
13869929
36521651
53596357
40980787
34537374
20285976
25986798
52255438
35747321
21469385
25317384
36413288
13504226
52210303
35041587
18710696
7255448
25138762
5967894
36204909
16741377
7715581
42641699
15938869
25673323
13224163
35653770
28246702
42797755
13148639
8123696
20688144
40257705
45601290
14688506
21995030
22471073
32854476
37182896
45586305
31817182
37170352
12401144
29491222
5924751
17645803
41290447
28807134
33694117
32869955
50968155
38965370
27201667
23030713
35257066
20010590
13848004
15009058
12594565
31207766
7403486
8773148
33996973
19465298
25166732
37977713
33091242
34755557
8843262
41077230
17967659
38461072
25462390
22528844
36589585
14536129
53471633
21361440
23857973
5510123
19985762
49855440
29682680
5145202
46211271
30895250
18674772
31602137
33370775
44182943
35057867
5222532
31515941
8116291
31337722
36634946
42781522
24888044
20018444
51219325
39369260
51681836
47600587
29207709
26022492
20095466
8827893
19074169
27713612
44691425
43927387
38306562
14691839
8509527
33662792
7164571
47603192
37967883
26169591
29203609
37819371
13044963
30697148
32748535
32720189
7014591
7737911
13965600
38298721
47270085
15698418
23761601
45046146
35226966
39414307
35521230
26137858
39479043
18630605
16512618
7763355
26642530
41652000
4873206
21324831
51431876
30474679
19633721
14272012
51268651
24809624
24476003
41879034
37635726
40834602
43199169
49945748
49938805
35835065
14210387
36038289
19669155
50568104
31834637
23330327
36964314
19045995
50080130
14346119
16471702
45471200
43192926
16800790
21403110
38481722
32438554
35125379
22557360
8370876
36068244
36292993
36687656
51457300
37694354
8151659
46731497
13503416
35710957
34082848
17549513
40247925
21408448
47337419
15552997
34060446
51233911
44699553
7738474
5680039
5705219
23845457
17303662
39017671
26435313
39187833
40580237
37785517
46830407
17545172
21291414
12401072
20763074
23718618
46048534
35897379
28500976
23695185
8696760
47112622
5474469
22378210
8671354
44672705
14922872
14412636
23425680
44309935
39820172
19053410
13483796
40677356
24754869
31295172
18751650
21431350
29037067
31470165
25421305
21305721
5459610
44567851
35910492
34698911
19662502
34051611
24813768
19218139
34116083
30758437
24801123
8933624
47106949
19220926
5140615
23795515
14536443
14125696
42887482
50166970
17960776
18733215
39087028
5190680
16042096
8768822
13965249
48262961
14412753
42990928
46474138
50666304
19472636
5799907
32918605
52218678
37560428
25754405
13495810
37545047
18892123
12472134
17366855
13540354
6242275
37927821
28606635
8460151
13849534
36217133
46249212
40850838
35578916
24208901
6023061
21520609
20615950
20336376
13328620
26750459
24554071
47797801
18563406
15898742
14009429
23886979
20259118
29369363
37673082
24845617
6940173
50729657
43902449
23006246
21209067
15304525
36116445
37485224
6824581
21079426
33215665
26450569
20948701
14846305
5487805
12685819
35907309
26325311
13985251
41278641
25950054
15581353
28681128
45465910
50237822
20863231
20345050
12640031
26574875
55667641
30721495
29279702
30302535
43790960
24208581
15777750
20276124
40369232
34368375
26492735
40252481
31192687
20082756
25037355
50374026
12773482
6338875
41517292
25144719
20883120
26435392
35222939
8367760
5691217
41104509
12455028
40126562
33411031
6599244
8115038
17419863
38960554
30762449
21549565
12357828
6461181
44325087
28241475
29724247
40041604
14239557
35656007
33174915
49912152
51626676
33867209
26975011
23063668
44366566
24507133
51689439
36178891
24237754
52125326
8387599
45888325
51410912
17754452
29391948
14620770
16065479
15904956
37829669
14063326
50574736
36690232
26957248
18836602
22356703
16759196
33798889
37489249
17691680
22882973
40754293
4616698
38530055
13142198
42898289
25702260
4667492
40797318
28853539
27697709
14346606
49967362
39753703
42083033
14596526
20193022
42954932
45790533
8247412
46128585
33905257
24817208
32428640
49860727
6547439
12607411
25349815
19112871
32831122
18559916
20888455
22460929
50786775
35318116
35802107
13802118
19390493
45743381
43839215
44268765
50715555
52299876
7145055
9179642
41124766
39708658
13524706
20274251
21526770
35493643
23253097
39805096
44631028
51525614
33344194
15837578
51548557
28509038
17970663
43571162
8053239
18380634
40449066
30994129
34160289
31850093
31300095
7173942
50975145
16944606
8907718
7325112
46143300
42256540
51478013
21264846
45475859
34336981
19933260
41002124
14775525
18564418
35526916
6178315
20883142
52122520
20148635
25081749
46697675
27196063
29515032
46564936
29456391
22181610
8370006
20286346
20490088
38562093
27898406
18555197
19588951
51124163
13380425
40448057
24336268
20147472
20947416
18899362
40289058
45046202
50094434
38849596
28490050
22584346
5333902
39978238
40193755
21465059
21916264
17686267
19356909
14839032
7387407
7234999
13471202
18672671
47058188
28135889
8571439
14539283
27646350
35648807
42746016
6132668
22702008
22614955
15213991
18798523
18691636
52351228
14084016
5607714
21329679
23033669
5354687
37848154
18118974
33757323
28449608
33154677
20189268
32312504
31989511
25445834
22295162
4910315
20260733
25594353
6713347
19019474
19332659
19636414
9035267
18776211
38119565
43753179
19350648
41340876
32967297
45859513
50834005
24808402
6035812
16330927
51176640
37688793
40839911
14493818
16359730
15041084
5400937
44716900
46997690
46202311
27137016
32209931
18688228
15585120
30868675
29484970
37147893
23069430
6179575
25741028
22567337
40545136
34107192
24626513
24428561
14250298
44621468
19080085
39423669
50171789
50581267
25571099
8250597
27655376
32406133
18412044
5748071
21428479
34015973
40481798
27618792
20866303
22203843
40796623
44390382
20931494
23079737
24448608
34719659
20867481
47019352
17534899
36889924
31968201
45631603
33858975
34341295
36795359
29697304
25688777
6597428
26964911
32216956
23295097
14542064
29946219
36678061
39322205
5614807
6314138
34171507
32765230
38659093
8857346
7695129
28737278
20263306
44585654
34682082
25092198
13852845
44075497
39731674
20093651
8914183
4848482
8714849
12530147
31694996
30337973
46178388
39918137
30267026
9091903
13445409
5700541
22376338
21156492
7606590
5409036
40994855
8728735
49707572
32606724
15895496
13508018
35176908
29116069
4605056
15392132
5701314
25110541
22308169
46864443
17721717
49869606
44077897
18531201
23845359
34984529
29098489
20765662
9041478
21206843
20160780
24033789
42586982
27071216
36479374
47621831
33759666
14496847
51520729
31557938
5160759
24327283
35382374
15794287
30649468
15497752
47881021
28573060
44764404
20392253
30462643
33407591
26137167
20761245
22220138
52339092
5339299
16159224
15218219
34960091
8643893
16075023
25256032
15003567
16471052
39145446
44643393
36071549
6236258
31298103
42798166
43173301
6603696
31786891
50546537
5801189
44397872
35697881
31942286
15733299
40723154
26719549
31199539
45792560
37290012
49925645
7356346
45572466
13109472
47049985
43059500
6951985
30579181
18146740
39683538
42753380
30733351
17125226
30905976
16779101
50168296
46319725
6558378
19433410
28968084
41409579
43161438
21203855
9037818
37286893
9121484
14241105
46739957
39323634
14392690
44150729
45480119
51171585
6725571
30604650
34499204
32833296
15614745
18291259
44569082
17487162
31260049
14036644
43756066
19549392
18848641
36652294
8553906
19590317
21819993
5990476
50658104
36087401
34325254
6336139
21553844
44849573
32700510
8458756
5500287
35528383
27683311
13742751
27029803
32187717
30129581
20944733
16737088
24108138
44274470
30552669
18063063
15262211
14235579
51464831
43708364
34724352
29094075
40006833
33386643
21231850
36090185
15843748
39775452
27195268
15395993
24447160
18784068
19644239
34807168
27649878
22833289
4916736
42186857
34114902
50678283
7003294
31851130
13013154
40600079
44667420
25610752
23007189
35047173
18842046
31326654
15043465
16455727
42299247
33025288
21976033
31089473
4697123
26099389
41140436
20574094
14470976
51523981
42654853
30971691
44653952
4786640
46804206
17929587
29642411
34357939
7053870
36206367
22691832
50922155
39202878
29427269
32341630
5617025
21301860
15786942
24164467
45071263
46008459
7978099
21887915
13749556
39638007
22425777
6319435
46309481
15722348
21038280
37546090
50391886
46019053
20794436
44699807
26069459
50787491
23013048
39750712
35932235
35177574
14990319
23393158
22516770
50825674
32805386
51680420
44606049
46465834
52074919
39202479
34630519
28805133
18516879
27747026
33269217
16319209
19063123
50738724
27268451
7662441
5460423
25336582
34617057
8490141
18003747
30096381
17271926
22654573
18579152
5945419
43713011
7727261
42475233
38495903
35417953
8017912
18318657
41418065
8689622
43617346
25398861
44165083
6593376
47465433
21786372
4954806
6608983
37406656
47012161
47644224
14564174
28289708
32334313
15975375
47018340
25070832
22639682
12593560
14114389
20641510
53647229
22377538
22826959
35141791
18288608
35090690
47151509
5269710
19630288
49947825
5314088
6770125
20880444
19425647
5629824
17770022
32791267
22915426
28737837
5760273
39145138
26143346
28914982
30147567
7492135
47872715
19021177
32251900
13978723
42133296
27229360
7382503
13686658
6932156
28121092
29252800
39200597
23624552
5149324
13072970
40816067
28524843
26662463
15703840
8619904
32189762
36590785
47641224
46467110
30243401
29326562
28494615
24436001
4670388
20056162
27523030
22368415
14375434
6402420
33717286
44267068
5112658
36472975
28605723
22196535
34203451
22319934
4673750
31391983
5290476
18101083
53553214
7205924
22387004
6312681
27334440
44136972
16018678
6330365
37533574
46950878
39870073
18903945
46518563
6949519
19246897
6484466
21181261
40762414
24070608
15792829
13710701
24432366
13544903
40601904
12818153
22061346
47646913
50539644
24721411
6130047
45747054
6283662
18027636
14483680
7802609
29812956
19892542
50423333
44801962
27153070
5207346
25505499
39531689
23446025
16702188
28305836
24442256
25067134
37218959
32330191
8507159
29105067
19034711
4815194
28427664
19814806
18757701
18749828
23986919
43034072
26856152
17058552
20087289
20447479
7149940
40079743
13521178
13615263
29820235
45428964
16890307
21009331
55716081
21576482
37529411
23862113
18045923
45527048
34875994
22674375
35773509
8224111
6734157
8827884
27299858
37971879
37942763
25122187
20162398
29170126
46860638
19396789
32176103
19863048
16075918
27780713
35056089
46275306
34283499
27507863
39421985
39198819
43058410
41133273
36811092
17507284
12566750
21496991
14893093
31749188
44045596
22547803
31399146
29760755
14909325
51973313
43622857
25022310
13017653
43203872
49887886
9056874
52617912
5716017
21405702
29529826
40135824
14764325
35147050
18822861
17987473
26269981
8330607
37727322
6565620
18481533
18955741
30158883
14228618
14472754
8384567
29957881
41269788
23347828
32478892
17825622
16420221
20720423
27218679
19098074
6336855
29519135
30350771
45823247
39239380
37171521
29725887
31748651
43947361
24625275
13756421
25379927
28979133
5178739
51201858
50358883
20543222
7034955
31969091
5314220
42457979
35730956
24781259
34263757
27134362
21043144
47071424
51006711
44659959
6612373
40239845
29160504
26892352
6749771
7154125
23026176
26797828
45453792
19701219
44519329
24345649
39837197
15058840
52193677
20545079
14431725
26285836
42123324
21625821
14283800
28663224
18187873
44303718
9142159
36981473
14772123
29550564
47323100
47183264
33340038
23265575
38657035
45649184
21122249
43867574
34996307
30590428
5085000
46209798
40240307
38569875
36554465
49994371
19653938
21496582
42490165
15705091
6298468
24455991
22547621
12821033
26233887
19612557
21394722
23739060
6572066
47276991
36069123
44045300
30797424
6523218
31201395
36079302
49957790
34712879
18625597
7272305
51299800
39174402
6743425
27710706
46400244
31112042
50839302
21582184
7099681
18801645
19979598
28050280
48800716
23811308
42721706
33239566
29142534
13780495
41696187
17242772
18315340
42500510
24517000
28994822
24053653
5727767
44236551
17087373
23845454
15175836
31903843
50175320
23541699
31535570
43146114
33006372
29370572
31948076
7766135
32690510
29568452
23869217
24533403
18801960
21250470
40369228
7338200
22227646
30716641
19415126
39163196
30078213
7518547
20855707
40885449
31765361
29279457
18732477
32165343
43359569
7010067
6868237
20386416
22836550
14011075
30213402
36671869
51762154
43080178
18290879
13120235
47814055
25282537
36067967
28458175
8735125
27196697
33390834
40219409
8411510
17373317
47790917
27407511
21900186
47134918
23144712
13924625
22811279
22198313
33527660
5190485
29690930
43269927
21546266
7504645
24235636
37419286
19096811
14760210
21060595
15703046
25973050
37493129
40523220
46305547
23372075
34305223
46067072
21553112
23032676
22827037
16859497
4949735
7434669
34107576
38008809
21134988
14816809
31988791
18664144
26581039
49747523
40981682
12396852
39623587
31493174
17288042
20035980
29393839
44030167
12574001
22615021
49763571
13830911
8818748
30721306
15951517
14842469
33142466
38338937
23202985
19715682
6641087
21506283
39783865
26690555
14399520
27238235
13626173
47062954
27651556
23998195
17531807
47064163
43975202
18995020
18843708
29609604
22241312
20610772
35885271
19789057
25626165
20676561
5997541
4637427
41607688
20812098
22587836
31453053
13493598
42805889
33025285
44774388
20657859
28442766
30091681
43831414
21206905
38522783
22913095
41817141
22488732
51212074
44648640
34034741
45640494
36843158
22947024
18257003
34742212
37553249
46356322
23972719
29339480
42172484
55826348
7048882
13949600
23332240
25363741
44642363
50863027
5887689
8405214
7019885
16558574
50914496
47673422
29069922
39464343
6384319
6072955
19652656
5302247
34681212
41147985
19736065
29531761
6330541
19871826
47802142
49293689
31276332
18094514
4574331
45649042
4609209
7259349
21606877
12761726
32680256
20380387
34557075
13142861
43550374
4944297
33124176
17240620
23142635
41813946
43784718
38473981
26579616
21676523
26211117
20076752
13638598
5763282
19534843
39536336
38166328
34849497
15604255
32287510
19547205
23671771
44617815
7242831
18224290
22328840
5205194
5440817
27770632
34819285
51205078
25765155
47347626
34288123
43065551
46705503
7180772
19792909
38347969
20202868
14013579
26399845
17565017
38411287
27916753
44683977
37449888
19072281
23764353
33915483
4985298
12631724
23566292
19006427
21197022
37042316
19104809
18023526
10516823
27093631
7416652
8988592
39663778
34828216
20468917
35576965
16126243
44807184
30494650
45564785
37217388
19984157
7749692
35315729
7312939
23168374
47313596
27227422
20652640
24530852
21212937
45455926
27765297
50517735
19286129
46326175
22394512
48292605
33777815
29183095
38588451
39173475
24059852
18739351
14038897
14423522
19427517
35259827
13028567
43788073
5305571
41673238
19796767
37514517
42641125
26377847
39986045
39792024
27036991
17589650
38841852
19118180
13622121
17806398
20550762
8711438
5965280
35052250
8857713
39601932
41303004
24640503
44340553
21862876
7401236
40969967
13727091
51869430
8199314
31879806
18773824
43834082
7095154
19322503
14106818
28485630
20538918
40534275
45440447
19282303
38348292
18414639
8553849
16344879
27261138
33706822
44764540
49862151
19259162
20369944
8414215
6181557
50436465
20892708
16381743
29401366
40538912
34712967
17786754
4699841
26564370
45627513
18706185
35038354
18339524
41613745
5961595
18936806
23177683
43364473
16011126
32478707
7813470
41545281
19968807
31803205
45943001
18580078
26750726
19130724
24136177
18439442
21389708
23578635
37643897
24465946
32283375
6125715
32909759
40162411
15026965
6685371
51398411
28859539
39239524
26376789
22035167
56278140
42229632
47937325
8367439
5021273
49915768
22927219
20707898
32885126
52370382
19833260
16992993
22091857
47058672
8125216
29586928
35475274
31787315
21803648
38874905
47481229
24127220
46268630
15855768
28716091
16922910
47171490
28101906
13825696
33257285
5409174
42385009
28272545
21724282
18702296
52040113
13536427
14821075
34039161
28848298
44579437
37736766
46022587
35532809
36113929
42571548
26182538
23156160
20651180
35380203
18154113
21834420
25725493
13411797
50759323
53708591
39666548
15736020
22543920
51397770
7161882
46769617
4572644
44089509
7023821
35249821
7587536
21989055
5772732
23161925
12413738
7405170
15006884
25533692
38835186
18353607
16505163
40093007
32826038
7197246
25149039
51792235
22451705
22178801
8900096
22187145
8115157
31189036
51249996
5027870
16375023
18550931
39374801
37777663
32095505
20098115
39738142
18919279
34130654
13496567
13839623
8645700
8698362
7906486
31429283
20471245
18396748
32246220
37348795
25337085
18790097
28748317
5544326
50990278
27634403
24479776
40307201
49952258
7021195
29511332
45372677
25160235
35410294
5292348
43121747
21563888
43488824
28984948
55841242
23552117
15917472
5591688
17988146
17382224
33908452
22481299
19940935
25860568
49959267
42837465
19837042
6963261
20888162
24842366
43146333
5118882
34779719
32949490
30848054
5112728
26572035
8851967
14016673
21212488
7165447
15919420
38482372
5305756
27689060
31713123
46144691
9153350
14159949
43670156
37919459
31598992
24391575
43308757
22683614
42574227
16360948
7692085
18940592
42769631
46142037
7913859
35134129
39670689
46225434
46502305
7838948
26176584
35628342
50365478
23576455
19397486
43327248
4625064
51892232
14708540
19908469
6356113
31932375
4682980
46040928
22496061
16391243
15463053
36513954
12447536
20640668
46972765
7218135
29602158
46376026
20338541
29378791
44805597
26047151
41437065
42715508
29484738
18829533
47366557
13330989
31528300
31015243
13656929
20185919
36974766
41587196
17770716
34193860
8413662
37587565
26932631
43038954
6917959
7467782
18856982
6209753
34706018
7859406
14701496
50545808
40825096
18538122
14413035
8854286
15179747
19916477
8312107
43057364
20529515
27584788
33954018
29750011
33430421
28425575
13743370
31183171
37663560
25643082
26816775
7639542
19829964
26964446
28283880
46466290
7206624
33992606
45493719
7279258
6562252
4741325
17539504
31185643
27132634
30596108
45821318
18983795
47330853
27375903
29591172
17530136
41146242
39254598
20011875
22385386
18844236
19171945
28175005
46489550
16634097
17376104
14236707
35520626
18411095
44591077
27393584
8364691
32140474
42962302
30240087
22322007
15425235
35036146
51321954
5422567
50173416
17632159
32440534
14481418
7204145
30855776
52339397
17525829
29748987
14073954
46322666
44770970
43561784
29234070
28714985
51365230
21590836
29314718
23355343
25253138
28130250
25164065
19616801
24728970
24652120
33395191
7638339
41947766
44292138
8599082
41797415
13746964
41867108
21861679
15907466
23894795
5535335
39849402
47864490
20764308
42594202
40202765
45210033
4656496
14901654
4693381
55651085
12680070
6505499
29596224
26966918
6150553
30199501
50044730
42994108
34299621
37156011
25223727
12735802
38518871
5413252
50944046
27505864
9138634
26524604
29429028
5112643
36950020
7503197
31183906
40827665
30457875
28244805
44681614
41324948
25791064
51636286
45538575
5841577
5793859
25572569
18831374
23616852
26436020
30062326
32644772
37187593
7153971
28532405
19836797
36011180
22117172
19264713
13995050
14975871
18619097
30683032
30502938
56056834
16901544
16007830
39837501
52239218
20814206
47539888
13887780
18421362
5377149
19904505
50736490
32916818
4928401
52134380
15825957
25379732
14160835
28701247
31847728
21374594
46450560
46763340
29070582
34298745
6691811
36412138
18722597
29762458
21455848
6986468
24349544
33169421
8976572
5519960
29816270
23405301
6371787
45757336
46823976
39922884
20192784
20807521
46848465
47619789
18654151
51087551
5419787
19024158
30607031
46485900
46726056
5138988
19442395
18553067
21722846
34115665
20019807
46763127
25288607
22732868
20381731
46582843
42128005
33166930
7920479
28388862
49900139
30562420
18341305
46921689
32528787
20315039
37162991
36687571
8202402
8356183
42203463
39739301
25927214
20967569
40110578
22329563
44728952
19367346
34949234
19097957
25413385
26163679
23083454
20506798
18721211
50684227
24440327
6297918
15581249
16307004
38572627
17662363
31146584
5672735
27307149
50222755
33402983
21375530
13637995
29634074
23902342
28664723
40311030
44096470
46465448
13930836
6407786
20669489
7672268
20882655
46470406
8880499
23101641
47276347
29059159
26556397
22248711
25802132
21077352
7970484
42883866
30458063
8267816
44651181
25641480
50544850
43909894
14678101
16637286
19774440
21064092
37466469
19789466
13946016
21831435
24832862
24122231
17797439
51955585
23324898
5981730
46604354
40223628
6450201
44760905
31673511
43751269
35369733
35154775
20797135
34638741
31816695
33876285
17712072
40097983
40146411
6423522
30238321
41117729
14437508
32902945
24963628
22501763
40837964
14103849
16008880
20079102
42868519
32067206
23395725
6290096
33804057
18149998
46154035
22943534
38222936
5202564
42731323
14053442
51003387
7102942
5190136
47053985
19537450
23225903
27814567
17559120
31475059
5882367
51813742
20111397
6076540
15873097
18788510
49878543
24447807
25081428
27055520
7999540
39330429
18435568
4835086
5547313
13764648
27830617
32748623
15119796
7777269
5315341
19020187
5359207
24278227
23437200
16011666
50643534
39162942
6678475
26145812
44336608
43348049
5826240
24983772
7679245
39869272
29673183
17861986
15771529
25165975
15080910
21160890
25087190
19479780
40714043
36966947
41491214
37531434
42276687
19264682
5584120
28655612
33310202
7251986
47099214
37628761
46095906
28428547
33928335
50520229
21266398
50930066
28590210
43437782
32963423
51210522
13092357
46248351
5611773
20749546
29103415
28957287
27804991
15705019
19783110
46244371
34317981
7502166
8802113
24094107
24762431
8110680
4933575
5406426
44381878
40551815
37185856
47146523
46553055
20259511
18351700
33181177
29177694
8395277
8143997
28912748
27958643
28435386
21644595
19933046
21268160
31222419
22013732
46020410
31867523
46822697
34698214
29067896
35259582
20460702
19669055
27143092
39515177
35753491
44069308
51451272
42764721
7657763
18335213
5133776
9040387
13774381
22453898
18944318
37370657
26098535
17517526
47088492
42408530
21951969
36751009
9006433
22996045
34126592
33173002
20310634
5212127
46966862
5693561
24478789
9109707
6891312
23374815
51155092
28685272
34845313
46435506
4580316
50782643
31429377
30949860
37046558
13197503
9083440
17637183
42687941
46143127
17564364
16469509
6460970
20587198
50062770
12525856
24958435
24508744
14876226
33009825
21917219
38577311
41349572
18218651
51027260
22853829
37234064
46814033
37010049
23547046
21210166
32717820
39626738
34177131
15909027
39512563
33421992
19032248
37324991
8056453
30555298
17692374
18547632
19117938
41027210
28645238
29226722
21005353
23755111
29312663
23505115
22728429
27327403
17551995
41627232
49896064
55886296
13377658
31447341
40428356
8255222
7999553
40342032
38269036
12976341
14155912
22012363
42089979
42328904
32496953
36539530
39732578
46217718
7276393
7564304
46023539
5148501
21460086
28033407
19798281
6932297
22324898
34462761
6682952
15484262
13136327
30686790
35776107
19808026
4863734
29317564
20524627
18010806
41544335
15418998
38170374
14503733
46323159
7292842
50957816
6797171
38040378
28816795
29439653
7376691
6880294
53605650
40770246
14560370
7010322
44321569
18679441
33394855
39417115
21509061
29384194
45745816
18779598
18810172
39407172
34374266
43599474
25903266
15762189
21175829
27233159
51059955
18671068
36511482
7871175
55860023
31702753
40917493
16006775
8402000
47358816
6589323
5448460
35377357
32067114
45629791
17820821
39291665
25553729
13832856
43373552
41101314
47596384
19431246
26458737
29607618
19064232
30945688
18603782
21149254
34609696
20630879
20428324
40262207
37169058
15310469
25136007
46851650
30728893
22118897
40878477
53799741
38997974
23173473
46169419
28421447
31210101
14276986
26474640
31223842
29177829
26633004
43076047
39426182
8450688
34991108
27851713
8706954
44506681
12527279
28484056
29528202
43872695
44763079
51059832
45730856
30574751
18941688
23145796
34819784
26430673
7141248
8375526
5631131
51911173
15279958
23974884
24686285
26904589
16166927
50200098
25768224
7234952
34439912
19845575
21807974
35365752
35717400
13681415
28057578
5935583
7022929
49990780
25852576
12522808
32706941
7796512
15037446
6878039
20486164
37803952
28288438
21614989
17822801
35655869
15339036
50423151
18878479
28819427
15869556
31349936
21427477
22421410
13691515
28820897
37933194
19578700
41140518
21630568
35493841
50186699
17409219
14677777
34649054
45072840
20101794
18619531
8012141
25376619
23766631
46544915
8425744
16524098
4976298
26006078
35833177
18886220
15924732
47550997
39360366
20625667
37397376
28696717
37938321
40727090
34050116
35130324
27596380
23522045
18405374
49913283
23321354
19169966
42950418
44124277
8688042
50698596
21542679
51234448
22688157
19567594
19575445
25242435
13025680
35187259
19547007
25712555
34937534
5068899
47416559
51186605
6786499
7857471
27582877
14931876
28965320
45456695
43149843
17637594
47878763
51837889
35611924
41595229
49924382
40268179
8478690
14272587
7173257
14325055
14478556
40874868
18515625
28536722
41383177
47907395
5774630
33504673
44154138
25302512
38523480
30938441
21896300
33602115
14600742
29370943
23072452
20071945
35836636
13926073
41369241
27469255
20001690
36158951
6734691
16134829
15263028
14983665
20766416
24417205
34695990
5754966
25694297
20666112
21286853
33331342
19859263
29557001
18158053
32406708
28328889
7488849
15371410
7298883
8634509
37994731
4759892
19200530
30502215
20588291
27391174
14201927
4792225
51337889
32920767
4875660
17348153
5516648
13848680
29518318
38347020
31877808
42213086
52329611
43281752
23728759
43987240
22188848
28791599
29019251
18698843
13676564
33652837
7855988
32382455
22830399
14327000
6669487
6115172
49911310
21778908
13394848
14713422
38672065
39266784
6319269
31742249
35419945
44837289
24711402
24721066
35263044
52067348
22003824
34631009
44498277
19554933
51243452
40666455
28043328
29316314
12405416
5453911
6596310
29829283
40312774
17657179
40220487
14348529
32022623
40638739
15151712
19187600
26739275
36167286
30950712
21313091
24389954
6976506
18256991
33497356
36614042
47029794
19902045
46266943
18114410
39074949
30589033
23235652
43958941
15219570
20475788
46508623
18696452
30135937
37534815
31549927
27345665
38595143
20810465
26086286
20131340
40008636
40000512
20040919
22292238
29729606
41055726
24089860
27005362
30160290
47931849
17726991
51972132
7938851
13707770
14830186
7847123
31350263
21142390
6736698
31927163
5138705
40782910
42795317
44700335
26295789
19327297
21308351
20401973
28835880
34776650
16225269
15988227
34237578
15167228
17315631
20690673
39184185
13032082
5556226
50118043
5177548
24831125
37405243
44570502
46591049
37447274
24180237
40742632
18325367
21313075
14272999
5189235
14067259
26362909
15884501
17676666
7773257
45800153
46373745
32937493
24117182
19018802
6704199
46107922
22077727
31130398
51417333
28408177
15227424
31422912
14037590
18434484
50851055
51190450
28414963
18822465
18120243
47302098
46404573
6213941
32851262
18993845
24670376
20829132
50398647
6428913
34466317
30591000
28080192
7636714
19651977
34495299
28141151
8773456
4721046
19340294
31549258
8185026
49881028
45792057
17722574
47491332
12396149
29324284
20226380
19980657
29118365
6727211
19651142
37386026
15979223
25872569
50830531
33535608
15009102
13369637
26722637
6000564
33105445
42116224
20093223
30981060
21795888
53459287
28843322
52098424
21614203
23787089
5097758
32097000
51700334
46843734
5763084
31747131
25107689
43146063
24735976
29317307
33809209
43843937
38956018
18850224
13683316
13231030
43324292
20604128
46734538
17560873
7575375
20411288
7908714
19663023
29593340
50976232
15188943
31426691
39610408
50638049
44413124
27433897
6223538
6132617
44701733
24690611
20997876
37482614
43820830
35288441
24557816
8262381
41005269
34055042
25827321
42288010
47272174
13912369
14992144
20799614
17850918
20759458
17654336
50364997
35012986
19074003
25177527
7687033
15735589
7360769
17207699
35131914
50667005
7411305
24500341
20472794
28674081
14522680
13336698
43552523
18974210
27716028
15043223
47845729
17559152
5895414
16162673
36615478
41613070
20447925
20909723
19335562
39975025
13656395
14028947
33553704
8163707
20270547
50113164
30169703
42434596
27701605
31433788
51132033
8213552
6949931
28721918
21781540
23285015
51679235
34022888
34278507
35389694
31718203
5791290
5437703
27799707
37602233
7130550
42714019
33916617
29589765
31603755
14394563
43543013
5146754
43391748
51695546
24698308
27236074
15401201
51620880
24748489
41028212
13554554
18624566
22616720
52324575
24107406
39911257
43481821
5286674
30463482
8179990
37822267
25090247
15372402
23800579
35598642
35066107
37558367
38515441
40701094
32213808
31761271
12876935
22847492
17779484
44716033
18904671
42948853
5586062
23405483
30542176
51228753
46438050
17628314
37799142
28583010
23057391
28698733
22569012
35635835
41107468
17567474
5097378
27712616
19642728
21084327
46183179
16163440
50623902
7068388
19528161
38693952
15990555
21703487
23603438
4899184
21486023
16847179
15366245
15449704
21483425
15981224
32625881
35023180
35823206
28668593
50140574
45118974
17787203
23610921
14520830
50867894
29420646
40501200
28739279
40035786
42413522
14176841
31880243
51820701
43680728
45739696
5406906
32435664
26793860
27003483
35538983
25715106
51729011
22300701
14069285
33463276
53823388
14034979
18214592
55632279
17611199
8974427
21736631
24955752
39085734
16468991
6944367
36437038
17329907
15956468
8696703
36115782
19220633
13397547
32980322
47868926
5301522
38537067
5082926
34277272
8222791
19959819
13638991
16020406
6428411
24661419
19493292
27524629
16856912
37261559
13895709
8859670
14697595
51700453
25077112
38423379
25601733
32106639
46073107
31003126
39502900
21455116
14104902
12771754
6273078
38829345
45213715
19992102
12785521
15052466
19924620
50482794
7207529
7792380
42647819
5580639
30372938
5806507
18275514
37446856
18285821
4795474
30102595
51494406
51283247
19890009
26225351
25477150
14220148
29333957
40531533
39379853
29428865
35921289
52028753
31958563
32437882
8693823
43551099
26499681
15081686
40817405
19005469
21613248
44554320
31661406
35093200
34683502
37856055
28503088
24552174
34065874
50670721
10271857
42757090
46256058
27022461
24833019
18791592
47276595
42977831
13790714
50473605
51734980
41576172
7875645
19236681
12405394
18840237
47584647
15104566
21708102
39108539
15271246
30173727
22644039
46070723
38857494
8189980
6592732
51202766
7605374
28067773
6406504
38665873
19094546
34777326
35931358
21701370
40610990
5687937
22992122
27508038
49827756
5515825
22933854
26154540
38866231
30026760
18644921
7369613
25031571
28317551
35350283
34267253
45628330
45995249
47567732
35052435
49849980
21974466
23060860
47079743
23497309
13316271
8887175
21351481
31056879
34195141
28434607
8183942
13163517
36442574
31282169
9182359
29317319
36691253
39730866
50737665
14215772
20539823
27820687
34240245
30000578
22035309
19205095
27720693
41074767
23045196
43190991
31613450
12651610
43133902
47298507
43345231
9136954
7254248
13387861
4755626
46915082
23585443
38845500
21583196
22459128
19639263
6876308
26229844
31296051
7938643
23222419
5596969
15776930
26245357
20564971
33264090
31530634
23063451
17675488
5641696
20159555
6258925
29964519
25632988
7206891
33666022
16919002
16793156
42988792
31113770
14625187
20470425
22201775
14379455
52161997
5833578
7728216
8789594
47690289
18692287
21196092
39847652
36511504
46770330
22372505
19448600
8038273
28417972
51105125
32243358
20539348
30730587
53807118
28101680
47548584
22041542
10950045
32215124
37339593
7218000
13974604
43026356
8937145
42592433
29605127
41776411
19195124
27205205
36595042
37293063
45965388
21625463
14169210
41397070
36177530
13544715
32221646
26941886
8445841
51822781
17557917
16101579
30677431
12649901
51009313
24710975
39881983
44730334
32019557
26166858
24771152
31016371
24683376
41310054
14708270
43946887
18013071
40341385
15053581
18317699
18488774
6721851
17876937
45004551
36878344
49913965
18657073
44636287
20667585
23427571
40012991
5532388
16262723
52287501
46857230
28291294
28338402
19587012
20922676
27550777
31075050
40960156
19223502
31960775
22845588
31313390
31827037
4759116
5423610
44669550
20799607
22639412
36515311
18966642
24035837
19925242
40596033
40515523
35784310
4793083
41093636
34105449
8587329
46428069
38307574
33380420
42321973
8268765
24699373
44100511
5421986
35709113
24477815
25003322
31957350
41015988
44317538
42077686
45792500
4974928
53690096
36439599
49102693
31644743
17914532
19265297
18993738
7925380
41908398
26027594
7589939
6122969
29096406
20068578
40060548
23135347
21741570
25814663
50201700
46516920
14872154
23580366
47176837
36597338
42867244
41798474
7414243
8640340
41526971
36245973
29544733
50161837
12448566
6336035
12661733
13549789
38759231
29754660
18630636
14794406
31197116
21133263
50167853
14207660
30879728
32625457
18144424
38237114
21433477
16448307
46384304
14630478
21872948
5532579
19524495
33279260
21920876
26751819
41582103
18645376
21681292
41648209
21266709
20559627
44855332
31520283
46398919
24536337
5315634
32221480
25617500
24202175
45026501
25579025
36758194
36068335
51380297
44710165
22810424
42836931
45997077
6110419
31623836
25232306
12785043
22610748
12435708
45481457
36664735
24019545
45665991
39086321
38410662
31505495
18753227
41577274
36930579
30649669
7325998
20878260
8945244
18499710
14091965
35790715
25673461
43202084
20135971
42725523
25943594
14828213
19472294
33679920
16131493
6374379
31619519
40169920
28419763
4716299
34111179
37292887
14849158
43784517
22327229
27813558
30274600
15823457
31560404
18580879
31905561
50835190
23866436
45623633
25129388
55676852
20263187
46943140
7227921
34468831
21829098
21503717
17434107
20093849
5875867
34848596
18686679
47846288
42412008
17351841
52271777
44172390
14175468
7010422
13317798
50508144
40193946
25766591
41858271
46586889
8667069
7047766
22172160
5963439
19880142
51039123
22783460
44356579
46283151
18964889
39553128
6501836
40144093
32629695
20362942
46697888
14791302
23036801
14790184
42206265
22735196
20052050
28060682
34764291
19563538
31575568
18306411
19634136
43049151
51089744
40587302
8689735
6391943
18737199
37407706
15592970
21221372
8122310
16531091
17990235
18140036
41314075
42475710
31628774
43312084
5586156
22784019
6291946
41308973
4628655
19565788
33783643
22225369
30665926
8401969
41811154
22882370
35534936
42903416
45393687
7324830
4990356
44669616
5561121
32684029
37051147
8701325
18639131
37956335
40602064
44291007
8737478
18919421
26769211
17651735
50154155
45484608
36441565
27263013
44667772
30843967
21156951
27672143
44407689
23061202
52208317
28539049
29555666
19020614
23760857
35099810
44659120
32736271
43201742
51369751
7952699
40600940
47039043
5103673
29633662
8119474
12869951
5063062
33251398
7544970
7886305
17336498
41114028
15478871
37554616
13210666
18386459
22307669
27635807
42436396
55691190
28044560
22740691
15274941
21900129
41612504
40897384
18584175
47429025
12691242
20879206
19431921
26798196
26265278
19557670
48577092
29982577
22458330
17613856
41340323
14608204
5583153
27356048
35192584
25062673
27059095
46175696
12853665
26490266
18916499
50361243
27586776
24956173
43153333
34999977
8914765
23288047
47687006
30321800
15701051
27070490
50467846
20915557
7830035
13366832
43287385
24276549
30801342
39608372
9031732
31041746
25830013
27007174
42448250
37424312
14513984
26382346
26546582
16089518
39041730
15515782
47640218
53790486
41267174
18138851
23191346
13386853
17062761
20015840
51709077
31420798
35002232
