38288533
22005859
46355373
38112569
46254653
18262061
34304026
46928984
49772370
27820124
31366875
31601348
50220386
51004057
51389081
52358209
24699873
30001872
25004692
31453750
33403758
41547640
22547536
34739083
51024512
51364862
19503754
39289592
50586225
23592169
16914632
37693949
32284195
42859773
19462225
15165689
32921782
50757285
46496041
40703937
45770996
51801047
50502712
25181601
46026125
47646338
21794983
33252290
19272495
34699910
46035722
26260600
25361957
21879222
27845612
7992660
24495920
25458102
49764959
24432843
28462608
19087304
4857429
47574898
21149471
50152638
37269711
34022888
27653972
39171302
8998978
32717996
23094547
41301578
41535733
26612631
17084841
46491800
38922189
21107559
35833507
6510124
35978064
35981599
17645712
37943099
24750556
29877563
33358507
51735545
6548291
38385536
22396768
29861123
20536942
44353899
7363286
35509072
40314200
43124908
19707307
50553383
14230820
30107128
46390553
8668234
44735829
36660937
16022923
20013317
51472468
51313359
15065387
38335072
50974698
53034911
20231001
29044566
16610432
8559837
47797430
32712922
38928381
23455447
27275058
50315841
36069425
15943000
23444467
23376096
51729375
19335534
37117407
17617985
23028153
32978079
43180203
21515403
15341706
17349199
29884930
38113395
30303029
24451847
49870623
20315057
30587390
8126008
36240519
36149460
46936436
40306387
28825657
43300758
23197588
46584131
25088393
27105198
50823506
45529389
12842393
23377604
32574884
28989947
51288471
32736271
4631640
19456473
41785854
23056059
32883033
31350486
41842384
21357278
30066825
27253409
17658319
23040901
12467036
35307381
29674578
27286889
39710908
16021540
29353322
35312819
7983301
46581784
33285550
17912446
20031466
36458618
51034122
50920861
47347444
42992559
18168806
40740081
27589189
47051204
40406189
13231030
40733964
42791035
47485529
32628426
28318447
39172951
6224663
15296608
41495370
35917485
21486052
21625463
34520918
51542711
18790059
47308158
35493643
38321450
32159349
50973071
23534009
44391764
42771607
30929214
14181597
23344153
8631962
21683504
12437461
29573152
32877479
5450958
46588859
40579508
24020264
46411303
35104855
50407207
42948209
18195946
21201518
42296099
32676464
43830114
6237672
21439572
36678454
27279701
49969533
35059167
18069943
33434678
49859587
44633331
49886020
22372933
16292726
28334205
51247819
50751441
47171144
38152235
28822179
24799364
18204331
44046783
44652118
36102503
15374796
4771123
45066371
25063355
24497158
8973387
40648648
19267801
44562249
30211332
47282746
29886064
23621659
14560461
38608922
44298280
46012697
50155362
44308421
6596816
20072241
31248529
14116321
25036218
25694680
22743235
16960116
29969272
8336137
30925482
38576862
39211197
40809651
36688454
26739099
19253152
7697124
4917509
26268866
21516654
43913793
42816507
19066909
22684396
21800446
4884610
46582843
44722254
51636846
28483660
27130479
48184515
45861634
19580239
8453673
23925932
35702613
35636209
37864974
34283075
39913644
15203454
18470522
37008541
13475590
51892867
35116335
23265575
32135680
39449056
31003701
26485975
38332427
38035038
42836299
14128241
43099700
37523822
31143112
52105933
43343465
46078583
22448636
8205845
23242758
12591342
43144668
21397647
19279111
7940381
37646250
19931720
37405830
35743783
20078031
36414054
29145283
4668626
38040378
41181393
14501311
34872528
19997182
34767876
6785145
31070708
9061571
21971905
32268629
12026176
22528784
35666173
33098744
25622178
20828067
26315330
33671520
36966095
14394714
21058858
44098469
14669691
37400445
52197658
46526668
18878479
14530050
22024357
28859998
14255387
40782819
36782252
42302191
13458805
31322893
13270696
5348049
37556149
42973810
37071106
36236020
36996408
46997690
38589557
4706667
5604311
42838938
22376338
40819475
22509818
16890307
46847299
8138267
5536541
19650306
23357746
15402263
43690706
18631437
25258523
15749683
37682331
7276380
24987715
29828780
44403853
5447219
27391008
34314560
52395603
37050893
36518123
6935140
30829575
34507714
27795573
31859603
47881200
20812560
8863707
44684636
46849998
23078889
41212174
28433646
33156531
44311016
38465131
28868543
17563132
27053975
43232309
47810998
40934703
4814163
33410742
26109756
15787341
46122326
34018662
50729657
35559378
20572033
36075988
49930713
46572928
44502883
14187526
50496052
50370931
46150824
8012810
25716837
19872325
50504528
17612682
18743196
21390029
4790268
38557833
31096749
20071637
46041980
42634980
30673463
8341766
23921188
50829579
6735621
28237937
45433982
22113318
30538387
37940658
29544733
6667543
40359471
41528828
23259345
47050406
5791305
13502624
51031084
21465851
39805096
15974046
27231374
41483803
43843007
47905139
24557998
32032422
6134826
49903092
22947024
15690140
14109712
40259628
27420357
39871220
39198357
51581582
21486777
46467110
28983308
43503391
7113633
22915303
28419462
33018518
5689904
8780317
47583312
43143833
43735153
33899964
43353550
28683695
40421941
44380467
33217484
36845015
40704490
18810175
40410606
42868519
43238093
27418431
18353896
38663146
22230355
41406529
33570451
47460045
21171424
21000946
22432984
46560538
41295907
6763666
21870325
8304950
37156259
14942202
30914009
6608983
25700847
43184061
37123652
44682667
46024570
40021146
8911061
44303718
27512063
28830319
21285571
43838382
20925698
21779759
25919476
28485727
28669645
7289411
14913111
37508014
6705681
26427535
51108791
51949440
47712516
13143364
27265947
45792057
28990339
46612522
21026568
38001388
31331410
21554780
50189018
44494061
21951152
51439224
6236258
22007031
33856280
5732868
15667882
4893136
30649669
19540912
27327356
29146913
41267752
8286814
37859256
30718259
19356690
18420869
36890543
24513513
33451941
18929065
31626299
5995760
16836821
36597106
40906340
51108838
15316017
25645319
47337447
18303882
34648567
33582666
23011543
44376075
29869812
28625437
7431691
28075922
22338909
20387258
39992910
33494450
38939505
53632099
21903224
38495718
32111530
51494701
14207660
39390952
40995458
20688169
51457087
7626156
28757381
19744365
22557580
5168434
38162272
30879571
19082381
52244992
40673712
45488463
25570571
44733381
27739630
5607242
37814093
26113709
37072661
14731797
53671046
41889034
12531674
6604510
51396724
20845603
38114790
29642688
6777828
28363054
15010843
14689653
46556268
46247469
25234581
21669219
35047173
25796084
27474084
13781877
22178509
12831193
29840115
40291678
22231762
29429600
50839302
15675462
22655531
51106435
7409430
37529411
27310128
35929910
19145380
23059908
14975871
46681389
33033685
50707537
24815898
20877707
24851885
32800617
46319725
30213402
23000079
42456053
29785979
27202409
36647214
22879766
28261295
26663035
46869196
15111317
41535548
29961563
14355161
37741990
33333409
30798555
50785320
4829676
26435392
47459768
50851055
33359660
42485823
27842225
18359306
6732803
32218561
31371245
33097529
47063742
46390056
23472493
36219876
40872615
20620826
36762781
23806840
19661173
38137865
20705466
5926431
12519968
36236055
30409990
47436049
18209502
37180644
15267828
34997206
27153532
46347243
12859219
28275574
37295834
16706778
43174416
50419001
50875575
7597913
50111857
36262696
50203120
51125891
32715338
50492630
47039097
37813549
34276150
38099321
19260177
31810990
37144729
49292011
24165949
46232895
21695165
51724238
19243778
14517726
17388523
31606667
35749089
14907535
28057578
26443912
22192693
8411444
23386985
8115157
20807040
37514272
38253988
18597941
30595404
20698643
35912207
30051993
31429538
8809967
21453769
15140848
43737939
43590137
36263971
42707695
30914665
14494692
40372665
5554316
24819190
45057355
25242435
31613927
5967894
31811948
40888282
16738313
14389932
21784503
43201937
46030579
21058214
21976372
51659286
36158068
24344486
21384324
27246510
42251438
43858910
44161671
22341561
21464199
18113992
40949003
8541873
21141576
19361267
25994331
7444747
43929599
4989269
41789455
42689015
33994274
29114841
6377008
42765478
34822392
20360689
44131537
15088157
44295440
35035332
18939373
14747961
12621256
52215335
43787888
41070686
39792024
32009228
20907135
32524678
36649168
36781816
46423162
7653048
33916982
45564160
34503426
27134566
36651738
47593990
49979068
25376619
44628091
42780369
33374975
32030270
46541751
18637969
51971328
31957350
18877650
15418782
30613939
30669687
14938193
38316556
16606433
24044524
32374849
49882235
40514244
36724365
37902104
44526690
42492832
44011657
37210533
42320594
42808681
43276257
29275555
32881861
32543848
25243264
35224905
51513645
40225472
13203287
30602451
35719034
16329005
20700204
43912401
32433785
36791793
28805133
22338667
40193755
7592440
27276773
26801409
27356409
31345943
8409392
28425575
34324930
47792526
13354608
6167417
35418085
34098151
19777829
51297774
43771925
37837419
43716303
39730628
21169869
39499394
35535049
21967265
31715492
46185991
19078244
32077984
36068244
45824167
32137134
25672758
28927375
6216554
36196942
7074325
16042096
15824653
19540960
15768585
15252032
17585387
31724665
22308568
31365452
29590842
34970062
34298745
12428196
31300214
35752831
28678498
25307384
43246327
17881498
31321018
22127785
22023207
34338279
22705555
20279781
7852115
50140383
44370295
17541556
30431721
28770764
6645803
6611113
35040890
20230703
22579244
42815910
8401133
21334316
4726767
13408825
33543211
21427477
46826860
43188073
18915202
40840656
44864062
6977514
33794444
41880460
18475683
42750358
24799879
34080765
51151451
51220739
38029556
35734007
23169929
7154125
12757592
26619376
46885711
43561341
47094414
18298739
8880499
18891438
18412302
30861641
38803013
44147996
46739769
42929934
44758068
20828061
29748933
5056207
45631603
15342284
7851351
27521598
20457676
6141891
29011831
19459539
37532835
41643034
35458423
40839321
18043705
46708466
50373913
21603151
30582489
34776650
4759044
41329792
5597708
22528844
21990205
15916696
32005769
23006089
42635834
33182034
20327844
19588951
44148882
40892901
30997892
32087692
42301430
5962164
27029963
29018475
16019065
15753195
44152919
29316556
15642648
24675937
46562102
21375530
14203158
50351727
6778013
26892657
28492626
30813242
35700385
15235288
44147003
27577163
24801123
32189762
22426654
8554440
34513360
41344140
12609871
13817766
42082628
19772376
23378698
20903135
40115444
42223984
43616985
5564800
22187956
24197120
16423183
5363028
21469385
50409369
7222294
39176070
40523220
21720578
40563935
32403824
45979676
22337549
39148057
27256523
42264002
22160162
30879055
6411204
42708612
17606986
46517586
46225550
40358267
43784426
6301478
27830378
18959190
6907350
12474293
31782672
35435552
29552430
24463851
40798119
44659079
35748712
50697896
35773509
12833345
32705662
38473981
23066690
36859771
19520916
36335373
40970099
15001848
50643135
5154193
47065668
13474017
5993809
22480893
37863576
41112658
50127298
49935636
20017288
40829808
33315059
38270403
18991756
18697888
6940864
42108411
20012978
24784237
20824225
25673461
47551069
35854713
15059421
41380303
45527469
45579161
33936277
14070350
4696724
24082364
18664144
25679525
27865602
42987416
20930508
14718222
5305571
36055643
37680597
37796515
6026510
14220148
22855359
19511306
17470512
44688859
19302918
8666459
14597016
44392820
14841718
32759920
51707365
21968886
15910680
43539717
18521302
7965284
35377357
40773083
8337019
15168171
47872027
19270302
47851462
39208137
29258996
42139076
33265431
22487953
24136877
26427987
51207032
24125313
36578922
14642965
13411797
7778636
49945912
21095655
8531446
33525523
5382791
34461250
27303668
34042978
39109035
38054845
28014360
19847541
23052717
42826394
40210833
24690501
12357828
6501767
17988146
20465970
24069612
34620152
43058410
13871321
18367556
33696140
15300048
42561535
51002662
25915505
28590210
18982548
32362829
29740165
30763803
45586305
42442629
37694354
42898289
15083363
39300726
42832039
37715396
34918741
37212094
30798150
30830125
15715266
43528452
33369597
27479918
32435205
31020606
47866193
37174490
40524671
5597123
42125262
36039212
13273278
19933046
36879884
39841001
37645220
20363699
45417199
42154693
19316220
23998594
29601857
42260521
21020486
22954950
4776203
14009429
13250323
18758216
29045540
45783323
37340586
9056874
24614892
42423503
19633467
20141331
10828802
20528808
44094061
19789466
23861303
26991821
50927022
21607433
37836832
43844427
24678010
42534015
38119565
21242848
50392012
28646627
23142588
29169856
16329096
19517966
41568827
34557653
21526770
14235294
13637992
29535735
26661464
25412562
34264348
23823934
9132574
26304029
40754293
9024742
47418054
41330861
32355861
24619124
18578005
28971465
41604041
37445618
22395213
32013770
50193183
22275468
46335330
45930545
40005928
39457409
15433962
18678043
25014249
41336223
12771833
37545047
34940943
33896637
36097297
13599954
14973618
33638926
50735868
51926447
26150930
34820466
17424733
51443396
27434406
18217268
47408341
50073595
36560632
6587878
9070993
34781595
35847830
24455541
50670721
45840997
14589238
5354596
47598998
25031571
18300125
23577670
43768787
20051805
29842845
5972798
24272980
17732238
19234252
53615515
37657604
44168633
32513767
24770474
32270291
31117191
23369889
42126720
24207409
39132946
7726850
39423546
41605464
49952258
50441281
20522924
19087358
39323854
17567474
7284331
45840494
23026176
41808109
7212549
44681614
24545699
34052504
25618619
33373690
16921638
44549956
37306603
33767040
31652446
20241664
16832360
40257705
51364787
28219553
43357449
29697304
17735599
46919330
32882864
40589363
14347235
19669055
13473429
33741194
47104850
5948947
13810632
49860727
51030132
7195198
44361256
37240667
25386436
20817785
22390293
19403977
23007189
14271504
41815197
12571918
19202139
20089466
41830600
24728477
23185110
20954488
34299659
41308225
5812052
16469572
40815724
20831586
6638640
43827293
42522878
22399922
38142518
50115721
45004325
18205638
30494650
45001504
15099536
6911864
53793791
22014191
36748417
45610947
4613265
5871947
28561452
17732514
37197178
44648596
44546840
29524696
50806498
30829519
31051777
5129450
31784864
27278429
25445834
28841409
20148317
9127972
12519035
21621611
8225647
22425777
45869915
26049231
29169460
51730525
25393348
35576965
31338812
24210639
31296582
23331423
22209325
33427983
41058714
22068481
25785186
33526265
18651226
30848054
36992142
15705091
19577465
46603128
47357249
39707772
51947923
40969816
13781575
42256625
32736245
36092758
32324647
42990253
18610024
31195480
50449101
23285015
31183171
33356898
42187466
35307658
27677386
4895744
43072798
29109142
32731018
36039533
6548052
8264609
18699666
36891561
31663542
45875306
46701771
13286099
14914528
24083536
29731680
44554141
21576482
15938869
29689585
51494406
7808669
27391727
26602540
51660722
46405494
29478203
31920060
38199519
13033383
50094434
51943877
17634566
44077897
18538408
13540354
12631671
41147985
19488200
6356113
6402731
44110422
14460040
9046281
32241730
17240620
24603432
33151174
16289911
34450657
27433897
23307280
25715904
35061611
36380402
8837271
19027419
15305223
29424105
18680248
46223216
42794950
15300381
29986878
40911945
46110819
50146386
37847620
40960837
44230884
8962935
53388887
49771933
26097724
18143909
20620398
18211500
29504850
42104804
8404661
8847497
45026501
47834165
34274068
42168940
21985515
36789406
34718735
50356578
46392503
31168409
14867074
32406133
20932396
41409579
46487430
15046343
28509226
16532432
14440571
4777026
36121767
23883866
20926729
21307122
27001020
15008823
24381623
36627611
15128404
36104520
46950413
4781104
14846305
34325524
7834600
47783296
26173125
15011842
23261988
21753316
18906971
47635358
20884487
7178642
30712306
34352843
19074169
20156486
13688776
24160521
30579181
34849497
27646350
28425943
28646354
36078561
40528627
38207175
25905386
6402420
25694997
26184096
18667745
5294198
13802244
38026766
46137491
51523981
51695546
6465262
30956411
23616268
6022146
6013790
33162091
41523123
50838413
20632396
22607697
22203843
32091647
5640697
15464822
35818701
39694179
43267015
44010309
45522622
23184302
29983450
34356453
39370632
44726080
50738290
17684699
41260988
28263705
45869325
6598013
49793328
9040391
15734823
23511210
37278753
29706619
43573339
18140036
25173983
40899225
35753173
13134203
32522334
47291231
24644134
14627245
50559766
36630306
32181465
51124163
50048321
31696780
43115766
30503151
51359317
28702563
41420575
44041282
46501115
13951331
44820614
7530739
47358188
35104629
40772622
18217360
7360336
18482073
7834531
30143869
13696350
40420923
29547962
45440447
19625823
7062755
43323884
30144655
5155887
7106574
16181183
20758785
27011302
43681161
43076047
49866624
16344879
23499244
34679173
36062281
15071746
40573121
19462363
43351935
20475112
22210050
33224493
18937523
7941974
41542199
38059570
47638974
46280361
5230399
25037355
46550689
18430463
31063395
46151320
20560491
6553996
15522420
22729142
5515266
35154229
46762822
21694688
22618734
23252409
39579187
47683572
8744993
26218412
22940681
5132070
47009905
33614833
33464055
32861523
36139209
46726056
8824767
30324360
38312484
17789044
38220590
40481798
44679475
44725970
22387004
28264028
14002388
25235731
12674249
42766072
31574890
24217151
44911406
14326123
33858975
19292997
9155869
17721717
50653917
49827756
45552526
6089156
6346387
32680256
35764515
24085421
36134811
6077416
21245390
39117992
39836477
46351754
50976140
8069491
39820172
45743381
19254085
19554933
46399914
26505248
43299819
7216555
34819285
21352195
5433591
34403184
50144162
45538575
12400242
7485701
50597481
6467404
8851798
31913836
37476098
35867364
19326430
50430851
24068180
4830820
13841932
8336913
7029903
15907466
4842114
14716777
17281112
6665824
31627389
17770716
18973893
15753807
19698259
16512618
22588707
26285836
29253275
6045312
20343724
21608263
22227646
24583788
26555533
28938849
29215120
41209221
50186143
19864019
22976411
34829190
16559626
9085350
23372361
31394179
20532867
40864023
14346606
8449897
29223357
46221924
17713351
32217622
51166050
18489710
27403467
37147978
36741022
18960695
5606187
36589585
41810974
22203833
45419687
23306394
25733193
50546543
30316399
5705219
38522095
4868242
34653154
40762414
26470870
12675496
8923181
4587224
26824205
22131467
44029237
32378129
46872074
25371755
21989432
21209670
25155265
30185363
45571596
43863757
7843764
7936718
30418432
33423277
13334203
30426851
4875660
47097203
46452313
44138153
30268967
31892008
51070231
34981670
16944606
31675949
25277476
31748651
36950821
39481813
30787035
8803021
23465390
15678893
33581246
6741427
44613621
13545899
33705455
31121765
39403387
13380425
17981834
40819287
13028580
44626099
40053938
25944553
22722812
17953607
32747637
5207346
34288123
17491975
23345846
42593994
39896714
39021567
44486125
36930991
8238317
46347327
40044498
30606814
22414436
46914269
41473740
25642894
28062520
50066533
29441142
8452347
29912921
22614955
18276842
44751826
31124395
14036644
21759059
38715607
29232349
31543427
31658126
46333998
13062100
32075763
16764816
43065551
8123696
17290021
22920977
35191705
50482461
5556477
29293607
45745119
22645855
41509696
29346040
53524000
40770246
21262568
35348263
51186605
22470162
5146754
35753491
43091290
38835993
31278773
5399153
18716028
39074949
17695453
21044846
21206843
27794445
42979458
4976288
21234228
38307574
30826729
6417095
17690386
32700042
29401366
14889527
34649054
44654515
40334385
23739060
40242434
20588291
18448923
29650771
35871536
20310113
32759591
44679173
26662259
18288608
47008865
38816342
44204701
46278558
50834005
36497495
26579616
50398647
39804345
50628181
38956853
12438604
15262202
38340206
34380583
31713682
38603946
42990928
21400990
13310261
50454727
6581287
26562152
42209715
13965292
14686404
19693698
22209868
44646054
30734168
33240367
41041975
25335385
36680144
32291286
28567214
47871374
4714528
31366027
36868835
4608803
31880243
24300026
16306313
50643367
36659099
50044730
21241846
7887957
8667069
44774388
39996202
21674886
19414262
36847739
29304706
34384595
7234999
14701427
23620924
22064906
4654482
43650050
22906092
50667005
37428660
21689331
52074919
44204299
8563110
18896575
26435313
24553518
5973279
30843967
6862139
15291550
47418758
45473013
19490242
51617566
13496196
21268038
19343884
51504930
39587358
33433327
25814663
41023845
25718490
18702296
6682952
15906897
30834464
19617168
35931226
50112649
24033789
42187664
23215514
40449066
37967883
23476552
4877871
19425647
29729606
37013631
29110248
19353451
17532715
19856922
37482243
25142378
29126857
44770970
22273687
16437930
30546131
51435661
41317644
25386420
18541764
51484994
44033139
22697820
34053939
29605975
41378883
30979294
46752071
8620049
18959771
25063411
18518893
18579152
25628031
10950045
22556797
40008636
18085133
26271712
47053611
43765837
12808696
13906912
34292361
24456289
24905342
23503205
32690510
32587133
22632054
21200814
27020159
31285741
4873278
37879607
33174915
25900847
14481418
14360703
25462390
5690482
20702215
33319944
41797415
21406975
25295182
19264713
7415050
43181689
20670884
33932052
7987633
7371426
31884016
21616233
6303982
45593515
27291969
25665274
35148674
19864057
38872693
42328904
22358500
30331372
17687134
36303599
31786891
33392081
19521488
14233270
46435738
50193318
36440045
25578381
18847318
25220950
47171490
28462322
20879353
37736766
19044575
4811003
18938305
23804104
27830617
29234070
34792022
9157965
8908070
50170165
43038954
8105446
47329059
43953603
24992091
22683614
8370876
33779440
14192882
22914358
36634946
40403101
45419983
4933575
43146333
14567250
33804057
36880634
49880582
8101475
22319802
53575912
40732067
36447465
44764540
16065479
47088765
50202049
51268651
34601425
44651181
39158594
43628285
46970315
49911832
5280423
6444540
35321415
29144205
15593165
18487668
37787493
40673247
5768937
5822206
26957248
42861856
17336341
50207022
24052086
13525372
16689440
16644820
47173463
46544915
43839988
25392336
39731674
28336140
28896208
12976335
12430920
23671771
50856314
15247040
18540931
32991230
20292809
12855333
16278347
30367994
23157702
22978459
44471093
46933297
50601615
51040292
51126356
20874022
36799625
25401877
23184368
39515752
30949729
13305385
6089266
47797801
47100549
26105251
37314143
33905257
36209022
21374594
33273989
20965754
24034090
17961050
42613614
27774003
25741028
5761187
36862294
18862156
35570392
16050286
19299588
8735125
21894066
23987925
20538918
14742168
45524805
5495860
30716641
29268169
18681520
32442324
24123865
32700510
18495815
47677487
45833234
27760073
36857261
21887962
45212999
46181473
46240859
46146256
43645338
35171027
52121848
32209931
42411414
51249996
37855279
47330853
15855768
22343904
29992737
14989144
26700652
31350263
17505415
30645047
50167853
12413550
8662419
32874623
21663394
13328620
45581046
42860870
47416559
21458732
49413355
14416881
38662759
31773844
39200210
13501226
42472588
45983358
22633710
34608204
15581384
5353901
20377204
46919942
51332985
13592929
18020523
7189100
8242530
14521621
29485850
26994737
30293007
19075281
22319934
37494791
25017516
7771256
38035924
15902043
20610772
39893777
16702188
41837995
15889772
13498731
28964013
50787491
47058188
30631083
51288066
38310163
36339552
29088756
39392460
39771710
6578604
22177994
13005558
26739275
43708364
47673422
28693496
21250470
40145758
41544533
5515806
34325593
37264016
22139691
28288438
45856573
24781274
36877370
24543245
21107650
21445622
33492351
28606635
44763044
31559518
18346580
39683538
8053057
20758870
46509314
24127810
36965511
23012784
33430427
28924334
46889632
6804792
15687363
25021660
51502580
22481299
46268630
43651024
23823453
20492903
41454482
43021490
45747054
50457438
14280068
23547558
42556396
20872395
32287679
45525113
51398411
32816124
14983147
22599033
12632789
51792235
35938807
18785975
22827037
46041421
8471618
21122249
20840514
31903843
34385748
46856413
14053197
23615275
22356703
9313929
7336997
51848052
26300175
20229276
33124176
34712967
22253411
42611424
43183297
15700520
26705713
22451705
8347814
7019885
22035934
18003747
16695977
18588086
37662134
13024213
20989611
34336981
27498510
38157795
50645925
30432714
14125696
28366124
26482692
42844458
20794436
22843725
20894204
36201890
13832296
41699668
14073165
35771080
36455059
32188807
15366245
50971214
41000569
21403110
26383373
50595480
45462149
20705696
4677174
34943145
25807227
35066107
13707723
29862986
30298825
31626434
15043465
17712072
18657073
9165859
43902449
40068638
21301860
39750712
21606698
14325055
6745256
38562093
25986571
29441783
38357978
38712456
14392571
13657482
23227691
38914404
42819177
35334091
40848139
5205854
50625108
22530314
14194223
15007887
19774440
41429387
18891285
42817801
18657051
50819959
37042316
28028035
26485792
41181173
38835186
22958183
42903416
31819997
37546269
38573551
14338052
50080130
26997002
35510278
17911004
5320801
21995825
36004403
37343614
29175253
47274531
7136350
20553869
34718923
50080623
13557768
18112814
46479862
34854345
14309064
46521673
24821012
16709621
36666868
7702807
21550728
15468595
6988783
21653476
18587612
23886715
6743425
41408216
5678428
39946669
39020992
51048366
41575113
14775525
23404936
50078006
37663943
15337226
21736631
29922038
42591117
45374973
51463285
32424301
29199748
34470185
38181433
25223727
20810355
37631827
44145894
30262851
46008459
23030147
23142635
7476254
12691242
44041527
30765452
23442868
37773315
44089509
35158611
15205772
17661499
28766435
22555600
44366236
47376987
13014716
24084309
19524495
33579873
39330429
47622481
51287051
51318005
7544970
12594565
39108539
8161816
37791109
37218959
29456391
34702141
20761245
35244352
33106539
22690048
14307120
42749981
14560938
44410507
42979901
21803648
20240253
8619904
42090639
31954394
4615423
23831470
32214480
44779943
18699625
43700033
29550564
33772537
37479284
45964807
23876379
34869293
39494750
17087373
36422951
18430828
41312903
36981473
50663665
47176274
7567964
15924732
47584329
42432605
51176640
47853605
36758913
39050526
22380513
9820275
15264244
52388349
25033283
24148171
38136429
29365593
41613745
36939442
38520379
18298293
36087401
37363673
20854818
32430741
34790285
5698261
19633721
20621347
24514361
27271008
32750807
33825813
27332445
25215816
7778413
22427087
14280331
24537609
12752126
21361440
7485293
14025338
18267735
33675509
6707808
28484056
40089576
40278788
36690232
39048578
30685728
5118882
18851754
29529546
21668091
30831291
49878543
16083785
5039843
19472294
31673511
45809964
49547423
50534357
52011364
30285313
42703777
23446757
23869839
37435801
40303799
47898781
15009429
13967793
12401072
33510101
34681667
42694456
47868926
26690555
44585654
14513984
28795633
31213129
41805279
27720693
19163142
30197854
24053653
23761102
6424977
32341630
24554313
27241701
5421986
34193860
35350283
35709113
30247476
26630010
50944046
27992770
7724660
20032327
14691839
33340038
5814632
7537374
17861986
6957103
19477942
35480800
13143895
33095461
22811279
41776411
8364691
26413394
16829146
14166169
37185856
32671460
14081440
30153090
43060568
8251829
44498553
47823307
37489249
15734926
35075202
50391886
14470976
7372365
24390806
14194280
19624331
7773405
51745095
15909096
39074939
43571162
8733071
44497372
6166710
32617694
35382374
43350729
5027870
18934745
23030713
27164232
20443577
21857806
31441246
44621468
20863749
12637011
51361410
29850573
9169152
32685974
38020781
23617261
25526287
40079743
30863200
47636543
18934481
23945319
35634836
36250635
50629368
20101794
31968201
8784539
23962261
46314865
43503900
42569339
13085669
25353644
21134988
37038553
19223957
44277282
50682954
21892106
44071281
23186338
38299654
23153719
14423522
34012210
35159331
38195460
41039434
27655376
8643893
18719270
41074767
30144893
43950035
8624130
32415090
35391158
21351676
14490724
8085013
21343822
30990937
31718225
7022725
8855838
21786372
8415631
18825635
36641829
18733215
39330144
4793083
25111773
22009576
35264068
51087551
30078213
24731835
22244112
14549440
45428964
13638598
21028774
30406481
27229360
19610335
36503053
14732598
44561024
18966032
31644743
31972018
29248173
50701116
50991459
29429160
36048540
27750607
16166927
16157100
32209947
14559116
47597398
38693952
13847687
15733299
48649593
33527660
47418460
18744698
31738821
28476428
34634446
37439976
52339397
24817208
20148013
34287762
12685819
32784324
5693561
23173473
43541398
46770330
46965282
46967842
40176284
50101012
47049985
51517192
26905044
30179294
17823065
15750597
12656791
14283800
44340553
18248015
21678132
23862113
30213946
36908196
22640018
38538377
18886220
33915483
42778629
15149607
5085016
35907309
18243183
20472794
25016328
31480834
33857420
37926524
21976033
35578916
51037392
40092878
4994575
36296085
31700673
42781522
7111808
20082649
6101387
27797065
28968025
25643082
15698418
15006884
44728568
44509675
34510915
42516014
27793289
34568334
40727090
44168605
18211312
19074003
52296709
36678061
39536336
34682082
26180571
5322099
20535362
18304909
14505379
43038379
21506283
49855440
43981020
28835880
24553298
25094466
17348153
7720447
28079752
40223990
22722648
22377538
19909249
46705503
13981399
29200270
24530852
18698843
27381197
34131188
19658845
38849596
18899362
24854288
21366608
16331964
26495956
13453716
23877693
26305195
34311993
51680420
51400054
22343031
20765662
25312847
43074721
21490783
28071681
45360182
19936122
28282865
28704985
49853693
12507015
15188943
14985713
24557816
31979546
49944112
50943540
19837042
8185026
9099148
18053098
39483224
52125326
42652042
32950559
22319117
19041192
32871570
17688092
8083826
8110680
7253729
5543006
44512622
5212127
29100323
47375916
46848465
40220917
44760961
18758728
50926199
24517000
20141428
6179575
15008857
15173059
30176030
23089643
32890529
25078302
46814033
21731253
42763889
20852273
32229560
33091242
30143310
34236755
34112659
8405214
34136117
28473456
28530178
19220926
47610461
12702793
44026294
20806927
19639238
31383118
50044599
32478892
32050188
34081931
37325145
41696850
46699638
46876588
46952012
46693509
47429025
32020911
33809209
35085051
37195397
42747731
39259222
37134924
31189036
20587198
8204410
5801189
24648778
21526060
35648807
8919182
37153601
31628774
37767544
6535124
27027956
41036465
52350418
31294550
19473594
20263306
35506065
28057660
31816695
17876937
36747736
20499642
39823974
37977713
14620349
12733766
40758962
48621790
35613087
12650966
31620656
31945843
9072658
16468991
36687656
24002907
25347355
14191980
18102952
18873503
21861679
35520626
25317384
31396730
40443882
50275103
18000646
32717820
15830582
7731286
46144311
24803975
37635726
6612373
44758649
22557834
41085622
22241312
36634667
25944446
36178228
8428069
26124010
42386049
44069308
44825238
47044051
41497217
20996362
34607969
41272942
13553694
51110063
5573043
40823085
18979997
21833920
24440327
10523791
9000593
34130751
21941199
34342174
6749771
36575850
43174121
8945244
51397770
21340115
24335985
28005689
17170320
24501189
30040077
24072204
34065874
41281669
23117525
8136828
14630996
15834521
5795204
41813422
38505243
29223750
5440817
23090262
23369999
33847091
17559152
44903832
38609852
15263028
24307126
18318657
18671068
22113010
19845726
15267250
39291634
34712879
13965600
23527308
26743824
14818593
19206273
36272029
51500940
43106115
18666730
15052466
43686760
7010422
21829098
36539530
37533574
27332841
13147712
25435662
46804379
14678101
6336139
13153433
27488520
23253097
44592195
15714154
25090247
8052228
31806450
31694996
43376562
7099681
34034741
39601932
42851162
50428130
26816775
20538227
25584052
39915878
21614989
7468353
35418534
30753844
35532948
12457985
23711741
25143120
15179465
40350863
50351205
9205032
5714267
27586776
40844529
29020637
23908766
15122498
16133214
8493687
28359514
19431246
26574875
35631116
42385009
51548064
25043560
6717912
20737451
6580831
38258823
15951483
18822465
38857570
12444275
16562095
20082756
51547024
44192192
28700311
14297736
17662316
47151509
27779579
26453528
32130801
14289957
46463214
32239783
13523613
8460151
16126243
37339238
17797439
46447048
18831315
7456016
43762877
8773148
22715790
46734456
22400623
29596224
14332787
40574151
51700453
8570031
7833576
21408448
14037590
7999540
32038064
35910306
33301069
9145725
5453911
5018627
5457580
4646292
27218679
29098489
18466906
13597371
28309487
17329907
36930972
40511854
47902500
50922438
35717523
35020570
19648427
19034403
50643534
18667701
21617892
20974751
29973271
13541699
33389147
34658906
19601467
14665550
7889286
34719825
15609948
25046764
45917294
18804683
30082580
8003395
22460929
39725670
13605392
47859068
32815231
30596108
31602137
36575589
39087028
51769082
23554014
15981224
22512419
32140474
43173301
29903280
8907718
50049038
37344198
46317284
18634557
12470190
18606210
37917778
24808402
25429630
14866565
7638339
35823206
50675493
29070582
25390715
43901073
40664774
11727772
30420496
12455028
41349572
41858381
22220138
37956580
31606277
31803205
40223628
21401125
23024873
39999168
46022587
7677442
51219325
34720962
26932631
27448179
31367014
14285122
35337186
15974011
4848482
21866659
25986798
29279702
32607220
37485224
39264978
41496793
42374557
43080178
43839215
50219645
41045928
17501479
7841842
6654480
36966978
39017671
44149001
39099909
6510139
47367054
29053419
32544401
20001508
39471657
12612158
5924751
44738779
29708457
53623900
15585120
47313700
18887285
33326142
21457183
31413717
33712747
35259827
47436863
36060707
7427161
43192926
36778897
6132668
43133902
45563481
9023420
5939774
26581734
30992665
31761664
52067348
31424147
39369822
14496847
4616698
20524847
14617233
30237583
13783457
50568104
50968155
36669001
49795678
42784183
27393584
33370775
18284338
32821386
22580881
43261972
27754540
12658814
31298103
20699827
13148639
30200958
4863734
43287564
39923458
6181557
24849305
24751888
35653770
12785043
19205095
32311135
24462396
15448862
13072970
19246897
24507133
20707898
28599710
17440648
32889675
15358963
28491555
44394149
51842284
46070723
5084836
16779101
17787093
44498277
20857708
52221333
27231365
7572158
51365230
4673750
23510497
9048157
47567732
18791592
21974466
18148468
43825536
30431529
42186580
25022310
19232474
25105653
32577146
36121208
51795430
17754452
35701211
36488249
39860341
50118043
43353939
14455507
21023509
18010511
18696452
6073907
31560404
31763743
20565976
40801056
20967048
7272305
42475233
31748796
51548557
51869430
47348537
39376413
24455991
24467102
30128962
21501269
5617025
17487162
36151182
32358645
27542728
33207594
18416543
14968202
35440667
17297143
42746500
19638892
21768584
35141791
19900339
41547206
19490886
34391419
23624552
25357361
23797290
18616339
41807459
15075688
13134373
44403715
51064620
22990535
46284473
8174203
39609057
36097762
51955821
39911257
36748797
14327757
6000564
7769079
15056606
21395765
34571897
24582983
18472548
32486618
44348495
12610006
6298497
41133647
15552312
5773838
5337530
31295172
50186935
7857531
16097479
35004023
7517064
8912735
52286417
5586156
22948991
29433078
30754362
31207766
23202985
43191170
13596463
34310476
14620770
35517086
38305010
18379529
41151394
8660729
47079743
23096193
7094482
44528260
37755804
16130227
13735083
28509038
32975836
21079300
29207709
38588451
36143334
15217465
5631131
46136608
5900608
37553249
38762037
23593441
34487074
44194322
15870496
35717400
45871335
27715663
35012860
39494100
53738753
25869443
6745457
7405170
20148635
20001690
51215203
18337836
50427961
24532074
29432038
31429230
20098115
19974025
43994915
26595120
41104509
8650824
17975206
18995020
18114410
6115813
5656041
41109422
37516069
27617869
22211794
8505415
33791340
23867900
8837450
20326355
8479368
13904625
14525074
20977220
43663191
44640726
34474643
7082453
39738142
8863208
32067102
45653456
39320445
30226082
24792707
31869351
31426927
51862933
32606724
16916209
43681450
14764325
22554196
15688902
45932892
30359430
15692892
5874824
21513138
17015440
23918599
6544160
33736211
21673784
23956471
5283149
31570787
20884974
15400711
21819993
32243358
31212994
36581652
5833578
39931165
23401817
7227271
20270547
42457703
38449995
19544909
17842819
19983544
19192887
28241475
25915904
36713709
37281901
4826654
25383112
45486933
34936391
46943140
22571315
42484098
19644239
18832835
36597338
29375301
46489550
52134380
5422567
30126480
33417955
21428479
19761104
19877638
14803136
39318667
35074630
13660388
41826962
42115740
21318762
20878213
23954894
13046270
35704777
24616482
46178388
22091857
51212074
8302924
21156951
46209798
34093005
14494092
20707166
20380387
34452120
40893287
28609949
13935451
18482029
29158901
7110790
31761271
40859122
40048258
22332283
7155416
45423954
43272585
41603994
40224483
44656984
7243406
18832204
15332102
19308526
30647815
47621711
46564936
20620979
36416203
34853264
20231579
5532579
10402481
15893316
22003742
32144916
40200396
50452798
34456412
22606651
42214792
45833265
43357166
52159003
29156621
13365993
21614203
18405670
36894816
41652000
46837058
28440253
44699807
36487945
31113340
29390644
18049545
44639111
34107576
15825957
17016734
36204909
7153971
21306808
38149134
28608812
37304658
42795317
6850107
18389289
43731728
46591049
32493548
7165447
14327000
36412138
40006833
51201858
51456612
25702260
46023539
11276652
13640995
16391243
44554100
12584735
17366855
28581470
24832627
21757385
22501763
41589495
35613206
16469509
49994371
33445611
28626028
14340348
37491756
8721777
17805641
22673190
29621485
23426510
42143785
30847686
35259582
44791397
20200053
47509776
25698019
51749334
18289824
5578164
6290096
29609604
13029246
41667441
21196092
25722813
23061202
45110046
40352188
4833578
28262492
30048396
5763084
19096811
32221480
7192663
35141706
31878789
36600797
16191233
15452362
15287733
6599986
20480472
41317861
9035267
21064092
30942786
40638739
44160550
14065365
24824952
6925895
40929616
18749888
29957881
34488258
18691633
9114827
37172407
28121315
13773973
43192694
44103143
39385165
25430777
41673238
31369898
44590106
40621015
21436041
36471106
32234489
6669487
36615478
19865137
45301205
16090866
20385090
46549313
36664735
17660958
21867783
36113929
26443475
36983339
35747321
6328555
20757020
40947775
18630605
43372657
34792977
41005269
20763074
25316991
46283151
22833019
6114393
27260060
19415821
8162476
30590428
14159949
42436396
5454677
8941848
16208713
24985450
33662173
41277761
51678613
51736670
23191346
30047928
51762767
30618413
29731695
13868745
44631028
16169117
30604650
41197223
32949490
7809854
18411136
20051487
35059953
22921272
19288420
24694475
28357641
30985866
15469006
39192369
30436022
7069468
9324004
28246702
13913296
22378939
7064913
8285601
13974224
20088926
8186744
14239557
24665039
32438812
5075663
26110397
22910937
20691848
21427379
26272604
25872569
26619247
51914226
37715491
21505184
32029447
38577311
42408530
37655389
20682036
14044564
17800090
18380634
14922872
39359461
27407511
20915557
25643271
36490712
29059948
55632279
26211117
25775416
27704721
30413339
34842300
24086068
35323419
46494904
38334956
7040823
35282315
28175005
25095628
19641337
36624981
47313596
42410629
52061269
12816868
50864149
51121200
6371787
43324462
43701547
25181315
21874104
45997077
27291111
7955668
33222162
19797197
26708359
41810915
29173629
40681767
7230309
19479658
18244402
26069459
18737199
42321493
51515860
32464353
32207456
21972694
5190136
22913095
36522490
34938499
51478013
37276786
39167899
22292772
51478355
17337516
32750866
29627473
7681171
27823448
29754155
40666269
17076858
20336376
13306431
21367563
39323634
38572957
39091464
43646045
32933032
27594806
8756120
52281306
8249934
32625881
39782567
19152662
13973894
42227546
40718369
7505776
24852020
32205646
18993845
21760850
21994986
12796538
18782306
25873942
8606276
38410662
5140615
29767506
23349761
31837960
20164415
22518596
30024517
13727091
31774620
27336693
34884121
33511902
29138245
21513475
19572900
43110036
41633302
26922109
14251777
17630042
6003064
38538214
39405806
24675645
47112622
6797397
26022492
21255446
48800716
12809771
24163945
25029598
21675166
36707800
23405122
50750646
7110391
35069858
22488732
42670787
26076295
21212937
18042693
48292605
19629584
46550450
43810029
35152187
34263757
23797422
15489075
34882990
41524653
16016416
23121505
23810459
12655289
48859719
42721706
15237392
28244107
44170970
15033993
24969179
5594434
8950902
46023520
18280653
5669060
14175468
20288436
37452147
43336177
33258435
37820162
23060860
32490306
4662311
31237508
7994215
31204424
25241659
26886022
23898983
27454198
37167889
43674784
6706552
36930579
25916457
30721495
41063181
8202402
7535841
24815998
38801125
16046585
24391575
31502853
31799269
41253920
51709077
6565620
39174402
4805235
51155092
31814100
28721918
47423747
19874949
18981012
35056783
34492795
25699304
17304765
29952110
18198124
50794921
19079026
42979430
28681128
23249534
32478707
36637786
14522341
37803952
19680616
49102693
5615762
50592860
34342388
14470228
27447010
25653632
39322937
39730866
35990891
5817007
40388838
19806022
25715106
7749692
22728190
44954578
26263943
18573176
18981436
14378933
26138219
35335728
22622048
23957759
35139727
21195869
6520890
8585378
8902625
33693165
26432791
43685905
24542209
35365931
8900096
37124730
19174779
16163440
9109707
38965370
24611675
36217133
51135457
22242654
33279260
40591100
17681479
32869955
19432213
27007174
51719218
15736020
23626444
33553704
39958607
25252466
5452990
41760992
37219358
13828837
50915410
28134792
5230594
25532715
46376026
34710752
24698308
15087476
47790917
27839649
19774383
33257285
30726729
51763788
37290012
19081423
31557831
37433175
5288867
35147050
41397070
24679141
15860832
21563888
28092683
20356592
25663688
31045736
45482123
22691832
14794406
20925095
9147230
36994593
23124081
31241403
15008264
15486678
37703361
34107192
14369157
8772472
24202175
35575036
32024119
32720189
24652296
7023821
21605008
31569244
50062770
46867911
17647365
10601137
4976298
38633313
28753429
35704303
27055904
30940166
15637242
14460731
25367009
23931791
4992090
28324152
18426536
14615536
42446955
31542635
6283662
35742995
13869929
25419483
7207127
29368600
21868955
24117242
13743282
20731061
8816291
39882410
46885906
39670689
19063123
28347918
31988791
15552997
44715578
30532412
34845313
14223123
22500959
25527698
14321263
43345231
38744164
42530830
41818197
31670825
47852200
24618025
28124303
24476003
22400940
19892542
37253152
50652271
15600463
47311278
30273991
27344324
34830978
23156160
15901425
4776225
51911173
28739279
22232535
33992606
16483160
31689451
39823069
35800109
14395066
13955733
13599514
4893328
13823066
17599088
33652837
28963309
26200863
34992138
29865144
46961678
53715637
38852581
18691636
45517859
19547205
8848279
14600742
13369637
27087536
14063558
30002542
18893298
21635183
5430917
43376675
39631928
14931876
37375690
39880560
23638944
17750484
4722755
28791392
51805194
25363741
8452366
24706021
42118847
23125875
46001256
41893645
6674064
8639046
19792252
19680173
32800277
19563538
20400814
8553906
15820617
46830787
30945688
43599474
15990555
20643787
46962282
52342428
25282453
26355749
14808732
29642518
29202039
15910648
23827729
20226380
20295133
15237851
20295825
20928903
40072251
16524098
27407781
18707495
30463482
26243975
33263662
30769096
29760755
46681621
26712358
23972719
21862876
14440587
51498763
26292198
25000718
13965249
13606554
41017411
39512563
37454173
8631333
32261111
33426350
51538888
32772034
12680070
43313828
19555694
33637088
43149843
25798415
37267993
6153016
25792487
5105857
27512942
7711151
40870488
21284886
8714849
14198113
28668593
4650712
43843937
39869272
36419043
43513473
13364683
44662296
9513499
21227257
28338402
14290482
18209848
15833340
23224568
19710992
6097102
30686177
23029029
30869332
45072840
31567363
21335475
16159224
8458756
39548890
19493292
50358883
32017974
43227192
22590965
29146081
16430761
13495810
13792527
12999322
20352339
38535619
28289708
5052868
32786464
42944229
11030275
24508465
33717286
23974884
25166732
46952354
13741366
35043997
18680135
41947360
40240307
37356033
34160191
21625821
31772804
37282353
16112826
13640986
15380241
5850342
20329738
8054565
52287444
24447160
23884975
18954905
13698078
24519344
30931909
8337811
19481335
21175829
13373589
18784068
7559491
5149695
25110541
36868511
20559627
25742718
52083074
27519678
45750469
30034733
31313390
29986061
38261785
28357195
19006427
8522995
7531609
13385826
46424790
21613248
18850777
6678475
40135824
22233788
29557723
51191695
20577060
35125379
34091896
40237326
5190485
26100699
29317564
47537118
46699384
39338302
14159961
25895779
27491278
27705946
13028567
6547439
13408945
50995087
42189181
9127504
33215665
35150685
39472269
29086770
28251119
5140603
18028443
37991011
28414963
25087620
41798474
24428561
32745340
32907918
46885809
39432858
4989445
50454925
17568548
42221442
7658464
5056154
47490873
7997809
39891094
14688506
31515941
20308360
52034254
31337722
19544095
14079772
31036986
35256620
50116268
44085956
36288447
42933849
32641737
24832862
44769764
33789854
23445259
6497413
5591688
43806363
31475747
52123635
50623902
40263036
24762431
50232767
27776601
7872934
41324948
18554861
30252559
13726739
30749606
18378844
23334546
6232991
19396789
14483680
51896247
13384707
37539480
28082347
8469610
36316872
30239116
52351228
7815760
20867481
20516914
20812098
29379799
8546975
37521309
31617534
29478631
6572000
14256785
37759363
7871175
31867523
43158699
26428487
29924498
44026394
19261804
12405416
19711803
37643674
16011126
25256189
21231850
9059394
23055098
38302579
20681911
44352916
24545680
13238909
36590785
37819371
42998145
37799852
36734148
32517380
40574434
32812797
29528202
19259162
28853539
37897797
44603784
25413385
15179747
46220288
52222140
21202435
18294479
46422361
19166193
41840424
36794200
15514877
15088739
52358419
29433835
18384841
7779946
30233172
29901018
32266106
24393171
18782117
21520609
31779056
6929413
40012991
42571548
34827877
20539823
18304781
38127762
43550374
24226375
7737911
19183927
30803136
4574331
14210387
35399527
34317981
13224163
40781302
18594351
38989218
25064366
21250954
13562452
12539163
32285110
47486324
35226966
19256014
18362127
21195878
20277616
14589543
37891291
18819003
29101417
8792368
18638418
5138988
