42264002
51034122
12855333
39109035
44758649
20465970
29258996
37370657
19270302
11030275
34360298
37268414
22684396
50152638
38803013
25919476
36149460
31954394
15071746
44145894
46708466
20828061
15514877
21200814
18959771
24207409
43848156
52242812
8069491
39841001
37863576
15749683
18959190
33315059
39999168
16292726
36092758
51400054
22014191
20031466
19096811
15264244
27779579
4613265
32355861
38576862
28334205
29973271
33369597
37803952
28071681
39893777
28625437
24619124
25254345
5871947
27609663
44724905
27865602
33423277
12833345
51745095
46936436
25004692
33525523
32268641
18475683
46603128
12474293
13545899
26184096
44681614
42142237
51030132
9127972
20051805
46491800
42750358
42836299
50785320
51943877
36627611
41785854
22487953
47282746
30405536
14841718
18217268
26663035
35312819
18470522
47347444
22248265
20925698
27391008
6301478
37741990
27279701
9155869
4726767
19693698
23823934
39300726
38465131
19087304
20536942
24217151
49764959
19503754
38340206
21400990
47583312
44147996
17805641
30798555
37050893
19254085
26783116
33159054
35931226
51926447
50392012
28425575
13250323
47851462
5898003
49908574
51288471
42634980
35636209
40949003
32159349
51801047
28543184
21683504
50586225
20903135
37532835
39148057
46150824
51636846
6077416
50502712
21397647
25014249
36201890
51039114
38114790
37814093
28868543
19707307
21516654
52105933
46928984
28990339
23052717
49886020
13636613
14689653
27286889
40872615
37240667
27134566
22376338
37631827
34827877
50592860
14460040
37864974
6236258
37435801
7189100
6510124
21768584
15083363
29884930
44498346
42126720
32685974
39132946
39776649
38557833
25361957
22358500
29045540
43191170
45501563
42301430
18631437
35509072
27739630
50504528
4874409
6548052
5354596
40739525
14081440
19807634
51892867
7276380
34882990
22528784
28983308
38288533
40291678
7653048
21245390
26304029
51973511
30153090
44194322
24123865
25412562
32759920
21141576
51581582
30945836
17121095
25312847
37836832
37180644
32362829
43261972
20812560
44298280
4631640
36077791
52221333
6587878
33794444
34093621
6377008
43787888
51207032
32907918
35493643
50643367
5450958
38663146
50697896
20520094
32147213
31020606
8970025
29441142
26505248
7808669
24750556
23259345
27849976
44131537
31350486
39320445
48586328
30914009
53494538
50155362
28014360
36966978
33671520
44639111
46041980
31944919
51542711
53444220
27105198
16914632
31859603
42859773
53524000
14973618
51971328
6940864
32435205
43238093
24799879
44380467
51191695
8662419
18804683
23026176
45057355
28363054
14116321
31155544
44445250
31715492
8284803
21453769
40809651
8784546
8541873
18113992
18489710
29363086
23242758
29169856
14867074
46847299
39710908
23007189
34499204
42492832
24582983
35418085
14560461
31606667
22341561
44308421
6645803
8973387
17645712
20089466
46280361
25036218
43753896
27130479
31570787
29740165
16992993
43838382
27247908
28547585
36102503
14709489
50441281
24111512
12437461
34648567
30233486
30929214
47810241
41181393
33265431
25694680
27589189
42948209
37891291
25645319
6596816
39515752
34940943
22557580
23534009
22335846
31606277
52395603
36272029
17388523
4999505
46496041
7626156
19234252
5178000
35719034
51108838
38385536
50842233
19253152
18758216
23357746
41523123
44357776
20877707
24513513
46826860
15009429
19997182
13473429
18168806
32881861
49870623
47459768
52217063
34997206
5489137
26991821
38035924
23444467
50370931
29869812
36741022
13005558
45488463
53738753
34080765
45861634
31248529
44403853
36782252
50920861
16890307
19661173
32736271
47881200
35391158
47429571
18991756
16021540
45529389
29506239
32745340
37008541
15938869
43767781
18069943
46372649
31113340
4814163
24020264
36060707
46517586
46797414
46467110
24839818
30324360
34981670
33847091
38889714
6224663
22209325
49292011
24456289
49249154
22372933
35059167
13817766
21621611
18353896
50499749
50244319
31331410
51558237
5761187
4668626
14938193
45401589
36802836
18597941
50653917
24147505
47872027
32970596
15750597
20588291
13475590
14987388
16921638
20707166
33224493
50040068
51220739
43232309
20013317
33622263
9046281
24799364
26743824
32135680
37978282
8809967
23895106
16412907
45871335
36781816
28646627
34384265
36769589
51660722
43735153
15368783
42154693
27845612
50454727
21486052
37016436
25386436
50729657
15235288
5389869
44633331
50159810
51151451
39915878
24851885
36524852
5168434
43858910
39211197
39805096
36791793
25215131
31784864
30082580
33151174
20457676
39579187
46739769
47051204
18538408
36490712
32945906
6823164
20071945
46997690
41138583
20148635
17084841
41889034
36262696
47551069
33494450
16836821
19462225
21286997
36678454
16960116
29334359
52267206
31557831
41880460
21894066
50078006
41810915
17617985
44299135
35743783
29977522
24040251
51247819
22633710
45001504
50127298
20017288
44033139
38040378
41528828
38335072
27265947
19348920
8688733
23078889
32812797
13334203
40934703
13231030
38001388
32652890
20469121
6179575
21903224
24455541
29175253
30602451
40420923
42456053
25716837
26432420
15690140
50794921
43784426
21951152
36196942
33018518
28859998
15305223
22399922
41605464
22509818
14355161
36845015
45507347
18666730
27653972
44628091
22325985
19081423
38826282
47593990
35929910
25679525
24802590
47337447
25108214
23019755
22480893
22910937
39167899
46572928
37007872
21989055
43115766
42108411
30613939
7136350
46122326
35854713
36890543
7324101
30431529
25031571
16214651
31957350
8410448
43372657
45301205
5791305
43343465
19302918
37680597
20688169
35035332
29060906
44392820
46494904
25765155
18298739
46849998
47308158
34098151
42302191
33333409
25616951
21614203
44725970
28219553
42296099
33921430
45979676
9725148
39792024
23369889
15824016
7105166
45548766
38589557
36250635
50115721
39074949
36981473
27420357
12441818
35040890
8583923
35912207
31183171
13270696
27310128
49952258
46170610
8083826
9098633
32898616
44733381
29293607
37197178
18906971
50895376
25393348
26438433
14729749
14256785
18495815
5689904
35758310
17713351
27486267
14207660
38207175
43143833
38615293
41036465
16335187
27391727
8341766
42466154
24168557
34767876
5400937
21971905
14747961
22655531
23503205
28492626
30813242
20824225
39178348
23950103
44903832
25258523
21784503
34042978
42987416
4652990
40948566
25307384
33162091
24142623
28419462
30979294
46225550
29563802
23511210
37278753
27601262
6167417
20475112
44688859
29840115
21967265
38316556
50735868
40782819
15871168
24770474
22231762
37425368
43929599
46731623
50407207
17500260
22906092
19633467
28979133
8304950
52121848
28770764
23378698
28678498
40839321
6216554
46715707
26700652
44147003
41542199
40829808
35104855
18209502
26801409
46681389
18929065
4714528
20000157
35535049
44361256
35348263
20012978
36209022
38127762
31920060
31814100
34338279
43539717
38162272
50170165
21998788
53034911
30861641
28028035
25754405
8409392
33767040
46285617
37518554
26238254
51949440
35221958
19520916
30582489
20327844
13573237
14597016
34022888
29485850
8370876
26892657
30431721
39722507
28702563
5995760
18680248
17366855
13474017
29364239
27004092
29835157
44094061
40573121
28079752
6911864
12026176
51707365
22209925
44110865
47603581
51048366
15910680
35666173
30387874
36748417
16075023
47436863
42251438
33273989
47418054
46030579
20620398
17606986
27474084
47324020
23169929
31429538
30879571
16118807
37072661
50751441
22432984
37740812
18238006
38312484
20670884
34679173
37253152
34525207
7965284
8557500
33257285
20532867
46830407
21307122
43863757
18124890
49930713
6531015
42817801
12668877
12771833
23030147
34054084
40773083
17732514
50373913
37759363
7852115
35341326
28669645
21000946
45147817
45743381
42126340
35047173
37847620
19772376
13707723
29215324
46438135
30803136
22607697
27153532
36724365
41535548
23066690
16329005
17752338
32270291
16832360
5993809
44294878
22940681
21695165
40242434
27278429
38237114
32241730
9056874
4910126
4696724
12607861
14718222
46423162
19519078
45456485
44085956
19562841
48184515
36055643
27020159
46284473
4917509
27276773
13781877
35047468
5288867
14549440
14642965
42815910
46541751
29316556
29682680
23925932
27256523
23445259
27813068
7597913
18420869
18678043
31051777
50073595
51002662
41789455
32543848
34845313
35532948
28590210
5962164
21968886
27246510
5701314
30829519
15420356
40005928
42844458
50386394
31306824
25709433
40673712
27407511
38816342
6157254
19202139
24992091
45527469
16469572
30830125
41112658
47357249
15252032
5348049
19974025
45407510
13273278
29203613
26150930
32378129
15667882
40421941
50875575
12859219
52244992
30995612
32009228
35749089
20907135
38473981
24728477
47712516
25700847
7778636
40259628
19459539
21870325
45350798
53644191
19540960
22253411
35778545
47792526
42209715
6763666
6988783
14346606
27677386
37650548
40754293
29689585
42168940
29731680
35752831
45610947
51106435
45792057
37156259
47009905
34718923
17329329
42851162
9313929
49860727
27202409
26661464
14083979
47302098
20621347
43021490
50457438
34513360
37273874
26427987
31811948
42808681
20817785
23998594
39804345
40115444
14975871
37295834
18578005
20925095
13354608
18582981
16027380
5039843
39782567
25915505
52215335
22337549
26427535
46478960
51617566
21058214
21169869
6717912
25900847
24564275
40995458
21576482
6778013
40372665
43679148
37445618
20241664
20894552
37875658
30176030
41473740
38258823
35867364
30409990
37489249
19445622
47866193
42534015
6859795
44325087
35023180
36911045
46582843
15734823
27029963
24068180
36847739
21513138
33033685
33433327
18887285
32005769
34283075
50547715
34507714
28057578
21390029
27356409
46970315
20926729
23117955
47527482
22614955
34461250
44569525
25155265
51031084
5948947
17695453
36968640
18412302
23711741
6247929
50806498
18276842
37871656
7187332
27820231
27433897
43276257
15675462
35510278
47104850
9165859
25916457
38744164
20610772
44763044
6417095
25371755
29491222
6735621
5146754
44410507
20620826
42898289
9070993
30949729
22915303
39471657
49979068
15433962
44546840
42929934
7106574
20758785
27011302
29983450
43681161
44010309
39370632
35171027
28275574
21079426
30671918
43561341
46232895
22528844
36789406
45552526
15418782
37859256
4587224
50544693
16698041
27226728
43713011
50112649
38872693
15642648
15168171
36263971
6608983
35576965
26200863
37266183
18359306
17585387
38270403
36104520
6907350
29187704
41650489
46784109
25295182
19083663
34567448
46337262
40579508
31586620
38227297
18982548
17735599
15342284
28264028
38137865
24082364
46247469
15687363
28930680
38026766
34649054
13328620
28935855
34240000
39823072
43931220
8911061
31626299
35377357
22855359
39208137
15787947
20231001
32736245
36544088
12519035
37147978
31810990
45524805
14889527
15015775
17612682
51318005
15688902
16423183
45139501
50559766
38029556
29223357
45586305
24770882
34366682
37482243
50645925
29732471
37281901
21043144
18430828
44774388
38054845
28841409
5382791
13408825
15794287
7887957
47065668
12357828
22319934
37796515
46869196
23921188
40257705
46048075
43528452
6501767
5376741
51105219
17567474
18876579
43616985
26602540
43716303
34053939
49935636
15708880
19829964
51730525
7833576
35871536
13965292
35312757
15907466
47097203
15902043
47408341
26173125
14271504
12977906
31599410
21789212
40514244
45548336
43912401
17440648
45462149
17634566
5629824
43839281
37642675
16706778
42320594
38099321
6303982
13032101
4957992
17424733
39158594
36143334
35570392
20872395
24987715
23592929
8880499
42611424
6935140
44138153
35458423
37174490
29018475
6581287
51397770
28924334
21112623
45440447
31820726
40714043
12428196
23945912
8138267
35717400
29253275
7178642
8225647
28263705
42879930
41000569
5418634
42990928
40704490
36706279
43397045
21201518
43832058
24819190
24501189
29478203
18938305
27646350
30579181
13033383
18288608
42780369
41330861
15307711
37926524
36097297
46885906
6117544
7427161
46170321
21669219
40892901
25785186
29706619
32944520
30494650
8115157
22722812
46856413
20492111
12591342
22715790
44549956
43503391
17565017
7589939
21607433
19082381
49771933
19777829
36687656
44760961
15369267
28852489
30906733
20932396
46556268
21985515
50351727
47033388
42749981
39783890
28433646
20577999
31772804
45783323
25392336
29088756
40410606
16142529
7195198
7019615
12609871
22209868
35226966
19485259
39176070
38522095
5554316
51729375
38495718
20229276
15734926
22343031
31903843
26997002
39108539
33508678
12621256
34130751
37715396
51302071
17240620
51989813
20884487
22308568
29986878
32077984
32137134
38956853
40911945
40970099
41420575
44041282
45824167
45875306
46701771
50146386
50976140
43765698
14109712
30734168
31675949
46278558
44352916
9023420
17541556
28971465
46878973
49903092
15869003
25252466
30707710
30831300
46919330
34264348
27231365
41406529
30279115
12656791
18010511
51539092
18664144
47053985
45480119
8123696
44486125
7940381
6731618
15008823
38939505
6356113
19301039
15855768
5421392
38989218
7080580
18667701
45475859
18810175
34146883
26158790
18272548
27699983
31896080
14846305
32950559
28693446
21058858
42794950
50670721
37902104
39548890
45525113
13688776
19403977
32846861
16306313
20643787
33451941
21378229
17349199
14187526
33638926
19145380
45856573
23059908
45745119
19511306
44202254
23577670
14942202
32374849
42979458
27519678
47814055
37694354
7936718
52079135
18367556
42826394
23806840
50838413
47436049
23142588
19757550
36950821
30538387
28927375
18878479
36597106
41272942
31620656
30197854
19243778
26619376
16728618
39423546
27760073
19353451
44526690
33492351
29275555
7565667
38034733
27049146
12438604
27577163
19699777
20363699
17823065
26690499
17431035
43670156
44303718
7674489
20185919
30645047
15011842
6141891
42720912
32424301
39579731
44105229
17881498
6604510
28288910
41830600
28288438
21603151
33657473
25746711
31369898
31168409
36891561
31345943
24821012
19909249
17559152
33867209
44621468
31350263
25445834
5972798
50825674
50518373
39911370
28313075
18908793
37516069
21649097
29601857
20095407
36621836
25944446
44230884
17087373
25994331
15046343
33373690
21990205
18300125
43333714
30716641
21403110
15287733
45426040
26184212
14199074
6026510
13599954
30830568
39386142
29962631
43184061
32759591
36308679
14494092
46521673
5528693
29372970
18211312
5509008
23542372
14422630
14589238
7852140
19789466
30712306
37212094
19578700
37546269
39683538
24918546
13498731
28729446
15275277
45869915
25033283
15088157
32324647
41483803
43526617
19415821
44654515
46699384
13540354
19577465
13802244
25905386
35334091
35753173
39836477
46110819
47173463
51070231
24751888
37123652
30811951
23883866
24690501
36647214
30879055
32874623
22187956
15985029
13871321
23349761
38539763
27059095
37648399
14416881
42472588
35335728
18140036
4873278
5578164
34487074
35734007
7726850
28996959
32524678
34274068
41152013
8371778
22177994
42484098
34918741
51396724
33543211
18482073
51494701
19308526
21065399
31696780
8264609
31652446
8247412
21479228
23071155
45419687
19544095
23498232
15961508
15122498
28485727
36742078
39707772
14503733
31322893
22453898
45568222
7843764
45417199
15007887
37703361
50749547
20928802
39849402
35096697
19433410
52350418
28366124
34849497
33581246
47019207
7567964
40044498
4781104
43354153
29126857
24644134
49911832
28964013
35738920
39021567
41009513
51132033
21682910
34450657
47050406
36992142
26129863
33374975
32680256
5671573
38538377
5631131
42784183
5704117
15715266
14517726
40806277
14347235
35059953
45419050
51513645
29550564
16191233
37516753
37529411
17281112
21979081
5305571
21779759
40210833
41104204
27842225
31613927
45840997
5027870
14490724
20541761
15358963
50167853
4759044
50597481
6622225
21753316
41810974
25242435
45538575
34970062
51136167
47793764
20965754
46151320
50111857
36659099
4895744
14989144
40732067
30316399
41409579
43771925
30134711
21583196
5205854
8738418
18477125
15705091
21262568
47834165
31112042
34820362
16644820
20279781
8546975
36296085
25143120
43981020
30397638
30566740
15974011
13172483
46347327
45615933
50049038
13696350
8258366
22696551
29390644
44089509
26778683
9132574
25235731
24618025
46487430
27434406
21857806
22724295
22426654
40602064
13951331
24675937
21648579
34652664
37919459
19361267
22378939
50044599
36930991
15128404
46587992
33637088
13781575
28470893
22913095
15008691
6707808
17495751
23307280
30848054
32949490
6674064
15581384
24019356
45004325
38535619
5597123
34107576
37404464
18277421
24127810
36641829
40284493
29110248
7222294
34488258
15612307
25049884
34039014
40899225
51020418
31430618
18981436
15823441
34503426
21241846
5075663
7216555
30685728
40021146
15043465
20336376
29528202
31543427
22192693
18217360
24160521
4677174
17797439
17997511
45846127
22530314
36634667
13032082
5556477
30763803
40359471
27479918
24806382
34712967
30552669
43819530
28357497
20706459
21469385
6285116
39117992
22843725
26157242
7851351
26049231
19588951
45930545
30669687
46709528
49866624
6771636
25220950
8941807
43351935
8714849
31006821
32882864
5614807
36630451
39884610
37791109
41575113
38883588
33232105
5748071
6402731
18085133
18579152
36039212
7377272
31800415
19797197
8471618
40581606
29547962
27332445
50966807
51664875
47309443
15179747
19877638
44583050
7857719
12571918
51494406
28845986
41260988
39135170
33527660
32720189
5814632
27229360
19295039
50156609
6022146
39392460
23918599
14392571
7415050
29992737
43227192
19933046
43376675
8210090
24235636
26453528
13134203
24507133
31121765
33319944
43038954
44561024
4868242
22068481
17297143
46531868
34474643
22978459
33392081
44046783
17340510
22319802
51166050
50851055
17988146
24136177
46245863
47078008
44204299
27272281
16562095
47677487
36690232
25201717
32449971
30718259
20148317
44603784
45026501
40872637
40523220
42747731
40236660
7485701
24083536
8337019
43872827
34356453
34299659
36795359
15217465
11794977
45571596
49878543
6283662
7559491
18891285
22414436
24781274
30418432
8696154
17688092
31087660
21013418
44820614
42125262
7592440
4877871
34634446
45473013
38505243
31648466
40574434
25800966
34853264
43181689
49882235
4777026
18966032
5207346
13310261
13380425
14036644
16695977
17290021
19856922
20343724
21759059
25628031
26555533
29621485
33858975
38059570
41209221
4875660
38715607
28704985
18716028
33666022
41604041
51724238
47008865
18719270
23215514
24300026
26630010
40673247
43267015
23446025
38334956
43174121
23353276
20705696
37847384
30649669
5606187
29109142
41197223
22588707
21616233
23908766
38593858
7111808
15075688
21924288
4609444
40193946
34301899
22244112
36422951
49866769
40053938
42861856
24537609
30401775
30432714
5085016
5353901
6045312
7530739
8851798
15464822
16181183
18346580
21608263
22003742
22131467
22645855
22920977
22976411
23252409
23306394
23345846
25733193
26413394
29215120
29248173
29650771
31884016
32415090
35191705
35818701
36799625
39694179
40334385
40772622
41454482
41509696
44679475
46041421
46221924
46317284
46914269
47358188
47418758
47610461
47683572
50186143
50482461
50701116
50922438
51332985
6467404
28938849
37879607
45522622
40262207
20930508
38181433
7434107
20954488
6386373
36068244
7834600
21366608
4907707
24197152
28062520
38657990
43058410
41005269
46872074
24272980
28834567
21024809
18699625
43765837
4815194
45740397
6828106
42104811
45458916
20804508
27634403
14241391
37897489
38278307
44204701
39481813
20025220
7941974
19639238
13686658
24731835
29911907
47274531
50186935
49988631
37314143
31124395
15247040
13841932
47376987
37494791
34207494
33614833
24052086
6110566
31520283
29146913
30573768
14457467
19709710
7834531
14073165
23184368
42125809
14483680
21606698
52003843
36559677
38603946
40646141
39739301
24543245
19988187
28509226
23204647
7010422
40653426
46452313
24801123
18699666
18540931
33857420
21150061
23527308
39048578
45376742
34984529
24648778
18531201
34160191
34819285
38659370
19326430
6637820
7232225
42781522
44864062
37167889
15966833
6290096
43236343
6442718
33896637
36687571
41807459
47596384
35382374
26562152
26574875
28994822
44764540
19264682
25643082
5085000
25419483
23253097
32291286
40815724
29697304
39536336
13638598
6424977
12675496
25986571
30406481
34522649
21989432
13981399
43188073
28667720
46615487
20632396
49945912
15638257
30822199
33510101
30838114
19074169
32577146
22911370
46347243
47584647
16090866
6669487
20863749
8919182
28626028
33340038
21674886
43617937
36930972
17614230
36327277
25462390
55729587
41141859
33430427
27004180
27196697
44077897
15195512
42951033
20326355
44089638
50971214
37545047
19027419
40694119
8837271
24670376
31128762
30218573
12413550
23089643
39323854
50652271
26100699
12826355
21694688
26905044
43363361
46117696
20538227
37264016
44679173
50601615
28246702
25814663
29538783
5900790
44293960
30794590
23465846
32656361
6864213
37343614
6411204
9040391
19524495
19326621
22683614
37172407
55826348
26994737
33797111
18651226
25702260
41673238
53575912
31786891
6862139
46726056
18671467
42708612
47783296
12470190
51288066
27698457
33174915
31713682
37532257
33307268
31816695
21143838
51186605
14233270
33427983
34112659
43901073
44471093
46933297
47058188
50193318
50968155
51040292
51126356
51219325
43645338
21724282
50275103
30143869
30185363
52074919
23285015
13010770
40677356
28310436
27793289
21998285
22729142
15262202
6166710
25149915
32991230
41815197
5900608
36894816
35323419
19617168
5457580
18518893
36789723
45564785
47906757
36335373
44769764
33091242
46962282
18471731
25519825
42765478
31178320
42901735
24084309
36713709
33779440
42500510
22986684
31296582
15007302
18671068
7356346
8053239
18731242
4979040
51297774
24817208
23331423
14897909
20528808
37013631
38119565
14025338
46474138
17457537
44621629
18362127
28567214
51464831
28241475
41429387
34776650
13024213
21384324
24762431
27332841
35648807
14015439
14175468
26975011
29592011
39996202
18691636
40727090
24554313
8666459
19118921
17786754
29993192
31913836
32406133
34607969
46333998
15279958
13964152
42593994
35066107
40145758
13698078
21550728
45631603
51700453
38243608
21352195
15966544
45091586
36004403
15059421
23580573
40796623
35328487
8058360
39820172
45518849
5768937
8053057
14234166
14251777
14285493
16097479
18487668
18587612
18657051
19205095
20492903
20758870
20967048
21887962
23547558
23886715
25074064
36862294
37787493
38662759
39058741
39483224
39494750
42026695
45212999
46181473
46240859
46509314
47329059
50595480
50628181
50819959
50895474
12539163
34702141
46919942
40225472
13232459
32587133
21890887
7638339
25804962
5409174
42835052
46867911
13751108
21170343
9099148
18148468
41840804
35085051
36630306
16437930
27797065
43038379
34568334
26579616
14732598
31015243
24228128
13482150
17981834
40551815
34991108
5421986
20794436
35350283
35709113
46268630
42743622
37476098
34718735
31689451
16166927
14985713
17842819
14521621
45579161
44075497
9820275
14389932
18104586
14851379
36236020
15700520
6402420
14009429
43550374
23372361
28655612
51364787
40574151
20377204
36062281
42522878
14543949
20874022
51215385
41340813
38046904
8773148
44585654
15736020
14963923
34712879
7480188
46940856
44071281
30096381
30004637
26662259
20810355
40092878
13508018
27334440
37306603
23797422
50151438
35162720
41147985
37217388
4829180
6963261
8957540
6961203
50118043
39992039
17911004
37716034
29767506
29731695
49827756
18183968
42118847
5640697
18573176
13832296
15053581
50839302
22590965
17770716
20831586
34093190
36973531
29725893
25401877
51659286
44764404
39925796
42875440
12472134
44299201
42774941
40449066
23147087
15596897
12594565
17684699
18448923
51037392
31803868
39978238
38562093
20082649
12733766
34325593
16983219
5440817
30279134
8617972
18617309
18758728
7753437
47797801
42090639
26453459
45840494
24905342
35257066
26148700
51680420
38310163
47044051
25872569
35656007
21678132
19845726
31431743
34715066
20707898
21250470
24134643
39601932
22827037
40844529
36447465
26486034
44498553
13159892
7487432
44592195
47823307
36563082
35012860
25346849
26435313
13397547
39359461
40666455
43081193
41643034
40199950
5615762
15594937
37452147
40464557
18702296
36087401
31189036
12401144
28571543
50546543
41873118
31626434
15585120
39066099
45750469
34342174
24414286
8186744
32888735
30048396
50864149
7354615
37533574
4697123
32071843
25583103
5280423
31396730
47550997
6580831
18822465
44148882
28693496
30298825
40519079
43074721
29379799
16042096
32014763
24592666
34292361
15156845
37962297
42860870
20084703
20231579
31313390
39472269
43373552
16512618
14063558
5967894
34193860
43902449
26547921
7284331
19396789
28500976
14283800
18973893
20587198
34034741
18759379
23476552
38620791
30040077
41805279
33269069
25090247
31670825
18790059
29528585
37439976
25584052
19235283
32536924
42187664
16065479
21490783
51268651
47088765
43839988
32369515
18280653
39982602
31845670
29142534
52339397
6510139
6544160
18773824
29441783
8912735
32140474
38857570
44491108
50419001
40893287
22555600
50675493
31002997
7639542
13848680
28827269
43663191
50409369
19356909
26228879
37337604
38914404
41633302
29156621
30590428
43783684
51059955
28050280
20731061
45465910
44763079
19044575
15768585
37635726
34992880
36885966
16845872
14599627
18934236
21408649
5422567
42694456
6797397
20974751
16112826
44825238
44382443
5591271
25268052
33215665
5800796
5452990
16764816
12430920
17741440
5495860
26022492
14663590
18733215
21553112
7894504
12580431
15006884
50155390
46804379
14053197
6101387
29365593
21268038
22319117
43825536
29605975
4654482
17599088
41063181
19075281
32075763
10523791
15367828
27715663
25722813
40879128
51249996
6114393
18899362
18003747
24459729
27448179
38142518
29105067
14496847
31559518
24034090
38835993
41317644
19256014
22241774
36680144
19271263
31413717
37491756
41093208
28473456
20538918
12976335
22620481
8619904
39192369
16164552
4873206
41095524
33326142
12558795
28963859
7153971
22990812
38357978
14360703
41085622
44770970
13525934
19600304
6743425
19669155
36539530
18444101
37185856
39385165
13544903
18862156
13004386
22691832
25016328
37967883
47419038
9087464
13305385
44455875
28791392
46137491
46917530
14847678
24386131
23595069
45481457
15008857
7485293
50623902
12785043
14866565
36930579
14775525
17721717
4989445
42260521
8667069
20093651
43201937
41376059
36451518
29748987
25807227
5487805
5705219
22460929
39880560
51041005
14440587
32772452
18020523
31663542
28509038
25702122
33602115
12818153
5118882
25665274
38965370
39512563
27488520
22517817
4652531
42739661
50080623
6745256
22678999
39050526
14207735
53623900
32221970
15830582
6682952
23055098
13967793
23961988
7778413
55709195
19736065
46830787
40327514
14395066
41797415
7476254
35299097
20098115
32130801
51124163
40801056
22587836
34136117
6957103
23764353
5693561
44340553
5826262
40358267
42746500
32690510
7099681
30293007
14627245
30018623
40202765
40762414
18405670
21044846
20291574
34792022
35765407
43065551
44069308
15366245
34336981
13046270
22118897
36758329
18198124
32079612
19629584
21234228
41826962
8900096
38835186
45512801
18657563
46560538
7176788
9324004
35517086
36067477
37773315
30990937
49913095
41336223
41813422
7110391
15123431
28244805
31803205
41627232
35370059
15733299
26705713
28282865
34288123
22931809
20310113
29368600
43845771
37817897
9513499
27053975
7995010
46220288
6925895
25741028
17416813
5190136
24231448
28249219
41324948
34408789
43192926
38261744
42411414
21428479
40580237
30494992
31282184
44317538
41892439
12401072
50189018
44590106
13640986
25605144
27291969
30787035
18457578
31598992
34456412
46518563
47313700
35259582
44699807
25037355
13868745
29375301
16083785
35158611
18751650
14338052
38838434
51678780
50750646
6444540
46706235
28244107
43791221
8639046
34027889
44168605
22064906
25798415
18843708
18209848
28316530
19864057
31300095
6170153
45807762
16578705
47539888
47313596
6222514
42457979
47329176
22914358
33574350
27176267
30931909
18588086
51500940
20640668
47792014
37176723
14876226
27701605
31237508
24002907
34781595
25646233
8185026
47367054
8285601
13631696
6653559
17712072
45486933
30604650
13974604
50667005
22958183
25277476
34310476
51463285
5535335
13741366
29103587
14678101
9039693
22470162
19985762
13028580
41629167
15085446
43336177
30721495
8784539
41615586
27071165
14983147
38415262
21976957
31475747
46001256
36515311
34658906
46144691
22238488
13557768
29159457
32017974
44282214
45903618
28082347
19282303
35012116
18609462
47049985
21020486
14255387
44801962
20141428
33677460
42887482
34093005
27974892
38845088
23954894
20759458
36071916
39725670
28561452
44879604
31654174
44554141
43111446
19428751
5283149
5801189
7325112
21395765
31298103
22387004
42128005
8851967
41858381
14313789
26401799
36260189
35125379
43034072
40220917
25798227
5678428
50856314
15149607
8803021
22395213
18466906
18616339
15158994
45983358
33096090
19610335
29100323
27689060
32122485
19034403
37454173
52163044
43762877
20190163
35710957
15300381
45070298
20720423
22811279
32868616
37856152
39731674
24053653
39024709
43667634
39841984
21122249
7501560
44651181
19642728
6073907
6813715
34238411
33736211
26263943
30769096
26746284
19837042
18873503
46878159
25700200
19260177
21343822
4801085
8650824
21107650
29862986
31207766
14742168
13543961
25532715
40947775
31429230
20553869
36678061
40848139
42962302
51321954
37740363
4871968
17953607
20560755
27195268
52061269
25673461
21415868
20879353
7544970
22481299
36670544
18318657
36857261
42763889
51523981
40176284
35141791
21675166
23585443
25165975
43311534
51003212
13143750
39534137
4617075
36747736
8256522
8522995
42929997
34446880
26426894
5133776
34943145
21513475
29838048
44497372
6928147
31661802
23869839
18791592
21503717
31545387
32020911
31748651
33905257
26690957
40233838
17514438
34034625
40681905
36868511
25166732
14280331
4933575
25111773
15978881
15179465
29144205
29015425
34571897
26124010
14309064
33825813
22011257
20763074
14591318
7385733
40135824
49823628
20917621
40847680
25578381
50391886
8273829
43503900
40162411
7737911
43449353
15267649
27469255
36380402
39923458
13610695
41017411
50738290
26932631
27218679
31300214
32209561
32341630
32544401
25932071
16130227
17630042
14327757
21318762
39432858
34936391
7771256
47486324
36020369
33156151
21406975
19343884
31938319
29070582
41286586
31502853
22425777
15005599
20967139
40303799
51792235
24706021
6878039
44103143
28092683
25317384
14332787
6406043
53414513
8733071
13014716
18053098
27137016
32050188
34081931
37325145
38449995
41696850
46699638
46876588
46952012
8493687
21374594
20032327
7234999
26485792
14007069
17491975
20472794
50682954
31845582
21455116
38410662
20385090
21427477
50094434
12685819
22673190
42721706
22400940
9157965
14081569
43363747
47423747
21553659
49793328
24815998
44073050
34057599
8244003
25526287
31989511
7444747
43287564
21673209
6152824
41155962
26186091
32770055
34368375
46848465
23337131
7062755
17360220
18639816
20723813
12509434
44646054
29429160
14379455
5337530
35154775
45563481
12455028
18760381
12507015
14742642
23006246
5822206
35578916
51039123
8151659
19983544
6336855
37977713
21486903
26009433
13828837
5945419
26957248
8388761
21291414
45932892
21663394
32994663
12789272
5617025
37219358
47857500
32792615
32700510
41699668
44728568
31818376
36778897
23877693
5698261
13596463
14340348
18832204
19041192
20380387
38195460
41039434
43541398
46965282
49944112
50943540
46967842
18210954
18850777
47416559
17970663
36967031
21112522
21175829
29729606
14125696
29404219
36488249
32861523
29964519
31878789
41181173
45829703
22599033
20857708
15830528
8945244
33553704
16163440
17661499
4722755
17653274
30173727
12574001
6829014
28476428
7720447
30144893
35631116
19669055
34311993
43081510
18721211
18831315
23522045
50559072
20996362
31402328
5961595
28766435
29946219
44659079
18780188
36455059
46681621
17632159
37736766
51547024
21301860
15803985
15909096
40770246
31945843
39332135
46544915
8951669
30873969
28646354
12573281
23795515
17304765
43415081
32187717
20560491
31869351
31515941
24808402
16440798
22380513
37767544
42725523
20797135
21405702
49855440
4727691
23121505
32038064
40816067
21976033
37218959
29981204
7120601
6097102
40027916
28359514
28606635
13727091
38857494
24987488
15895496
30606814
7387398
6448498
38136429
6041200
20894204
7517064
22232535
25314421
19432638
14372528
41340876
4608803
17484511
29320021
15205772
18380634
22654573
18369664
24462396
43909894
13553694
29754155
36615478
34681667
15251495
25663688
18792023
6572000
20535362
21196884
24514361
9116744
27723602
8642257
19537450
49419089
26739275
19425647
32885126
30367994
5631027
23956471
21206843
38222936
46309729
49994371
40223628
21458732
38220590
42299247
26560958
21445622
17170320
20088926
50629368
35415697
15698418
46398919
19565395
12400242
13869929
15332102
13965600
15374429
25110541
31470165
21861679
40079743
21428733
23295097
38117866
32486618
43867574
36288447
18934481
43324462
26161875
21408448
7068513
35061611
21760850
36908196
25223727
22227646
38495689
6419404
5515266
14764325
21731253
32717820
44403715
15669917
25144719
5298195
5924751
40839911
18000646
7275193
50062770
40301156
45730856
29642518
41074767
19624331
13988443
27164232
40621015
23202985
17929587
19806022
29952110
17405654
27747145
13913296
25029598
50080130
38759231
36994593
7207127
26399845
43931194
13924625
7724660
27501812
14849158
39323634
27596380
33770232
33124176
5978513
12680070
21038280
37663943
8052228
20274069
46479862
23921788
19529618
42173473
46734456
7830035
38134576
52175965
21506283
17660958
43950035
43178909
31748796
18824350
26135495
23465390
46178388
8367760
5121851
20676561
14297736
42990253
24611675
5005549
8110680
46814033
24070608
4811003
13147712
31761271
43149843
36503053
13592929
26218097
43630255
5140615
21786372
27023058
46583236
19633721
23186338
34012210
34884121
35159331
41397070
43571162
46144311
14567250
6336139
19288420
22948991
43344574
51974608
19340294
23541105
15960009
18231754
20812098
19432213
14678550
26789013
22471073
34608204
30985866
28009057
34093175
18114410
33804057
23616268
33264090
7372365
30618413
31467086
31892008
29788216
27823448
46111227
15318197
35613206
23061202
32992609
37211117
12674249
41779040
33182034
42385009
8609524
28448704
47864490
15612631
24108113
18302079
27671819
7019885
24170253
51195106
15522420
40223990
29086770
33712747
27223775
9109707
24557816
30726729
40224483
34352843
29965034
38129857
6297918
5121172
41028225
6819263
46154035
30566577
36127739
24721980
7014591
7715581
25609084
45428964
35282315
41544533
33799561
12612158
42067413
41092835
38530055
18028443
6695556
47004483
47790917
11727772
51795430
31295172
33809209
7727261
35938807
30252559
8600696
37755804
33526265
21324831
5832338
6371787
13453716
23158419
32606724
31983536
14914528
6632737
18779978
19364333
18577084
20743791
40443882
47375916
21483425
24208581
21937143
8449897
14808732
26595120
41613745
32315555
31763743
17711522
21526060
5586156
7731286
27507863
35152187
9169152
25698019
25869443
33251398
13153433
47522720
29456391
36995658
52287444
35316841
27898526
37042316
23347828
14818593
50880294
12531674
25243729
44264979
15908788
45423954
18979997
22332283
13501226
19316220
40481798
47291231
50048321
29312663
14539283
19646709
24845617
28698733
51134235
50806036
45374973
13062100
29223750
40850838
27916753
23090262
18027636
20580689
6415436
38269036
46023520
24962582
4770247
40837964
24369776
14691839
16157100
24694475
30863200
5136406
6734157
44161256
28610351
37348795
37363673
30684305
50593114
26846667
5294198
33045793
20802925
9072658
21972694
45657028
40089576
17961050
20082756
7658464
15087476
47566561
32854476
20691848
27307149
36464788
14814182
52123635
4690218
19658845
8460151
30945688
22886850
23332240
17213690
14231527
49795678
16126243
36575850
36590785
32437882
5591688
23142635
35418047
13496196
18779598
50733101
4646292
21005353
5933246
9059394
26435392
19354531
5130025
5184155
8643893
19585297
20807040
24455991
35747321
37956580
8183942
21133263
29207709
29922038
37819371
33399740
8855838
19798533
9035267
32975836
41045928
23225903
37380870
44077241
46463214
8624130
20761245
17564364
18782117
27797191
7994215
14084016
29432038
34620152
32234489
34653003
36707134
20852273
22023207
41527923
44807184
13762927
24530852
14235294
34130654
24473332
50568104
5413478
26105251
29098489
28130250
13306431
5817007
36440045
33679920
19872325
8841917
24536337
31276332
30826729
4616698
20924363
32816837
44993204
25277178
36204909
16702188
30179294
17348153
14325055
24025778
25021660
29775480
31936911
26254559
36442574
7804457
39403387
6665824
45790533
19838783
24531936
14564174
21816487
47490873
41212174
24721066
29239766
4863734
43674784
9085350
7871175
12650966
7022725
4615423
8415631
34854345
45809964
20259118
6535124
32287679
33675509
36090185
36880634
17851898
21709161
8634509
41349572
20213276
33916982
40675355
32826038
5399153
43806363
23369999
16468991
21635183
23173473
20867481
14790969
37679158
30502938
35318116
18629891
8514928
37655389
42490165
8020048
38836147
40388838
15347109
4830820
19623188
43758071
49491848
47348537
13250599
19648914
15339036
25353644
14081060
12809771
21736631
32214480
34682082
39947061
44779943
47636543
49547423
52011364
25062601
51689439
14481418
30832849
27196063
28963309
19852976
15536934
17016734
9145430
47151509
7516621
47337419
24686285
43357166
34452120
33009825
31850093
22618734
25022310
21867783
5406906
41279345
31880243
8706954
23030713
22632309
13112152
24122231
36487945
44082908
44528260
22066436
13029246
26211117
30213946
6638640
51518970
19166193
36578922
44640726
14239557
39086321
22308169
30359430
51215203
49972499
19900339
13810632
27291111
37655725
25129388
25289813
21974466
4660467
40544803
19620222
18995020
39958607
20989611
19644239
35753491
7964590
42917016
42300343
25642894
15337226
31799269
19774383
18626514
29477864
41551746
20854010
46142037
8934362
34279506
29144117
14413035
6296370
32438554
27027956
25989170
33370775
49558126
9138634
26432791
39494100
35260562
22554196
25915904
42998145
13143895
17329907
29660284
13495810
51354998
17735703
44154138
29391948
14620770
34360210
34203451
27213423
25527698
35634836
29174741
30596648
15308078
42616020
31124269
20068647
5205194
27271008
25383112
18304909
21862876
14620349
41383177
22943769
18844236
14220148
24007660
8063264
22035934
21361440
41358463
48649593
15052466
24849305
14804651
47337293
23099137
21517254
6069760
14416422
39398904
43192694
27750607
22172160
51176640
14423522
22518596
24679141
29262492
30469938
31213129
31337722
31602137
32428640
14194223
17076858
25367605
8048310
53615515
45387637
20226380
34753292
6416614
14991447
29316314
34299621
44179698
32061604
20356592
31418759
41295907
39067893
38518871
24345649
47673422
36882962
32478707
36669001
13372656
25390715
34704742
21134988
19032248
19711803
26966918
31367014
5519960
13822347
21212937
19549392
14210387
28262492
42516014
32869955
13500956
50044730
24150502
20803607
14106818
23987925
22150115
37539480
18482029
20373667
47112434
5773838
24794758
35337186
5225278
52239218
46136608
6003064
25588312
34506128
42227546
42186857
35823206
35183967
47018340
7803392
47622481
47878763
19021177
7687033
15980498
16703080
20765662
41603994
8445841
43681450
44026294
43034248
22512419
27055904
23626444
33798889
29124510
14590601
32272427
44107359
23224568
19462363
25533692
19655383
12396852
16594356
7230133
19018802
37977474
45727340
6523218
40369228
29903280
19595017
42530726
23620924
27344324
12691242
13224163
33279292
34116501
24824952
50187076
46958386
28309487
26470870
12811112
46697675
32430741
46857230
32784324
33122960
22427087
50449270
40008636
44554100
6949519
17532715
35075202
27397869
36413288
25594353
28134792
17806398
4854539
25624393
47859068
39721027
6880294
24117242
24759519
5068899
45360182
39435918
7040823
25215816
34852271
20335971
25584334
19472294
51548557
5714267
13394848
35847830
19836797
5812052
22555126
47597398
15263028
19481335
35506065
30078213
35704777
28414963
30128962
9000593
18248015
13726739
32097010
35910492
45028848
32243358
17825622
19006427
8116291
12816868
14885631
29268169
44710149
52210303
35259827
16241844
39921322
21520609
17912078
11276652
18133454
51502580
37994250
8314083
35192584
19546935
16361244
41214056
40834602
43158699
23962261
13657482
35771080
39089117
8445046
25095628
39946669
20202868
27655376
44684963
34588940
46706333
32494626
8458756
27586776
15581249
17483025
46070723
17122562
31968201
34518773
41947360
28305836
36834887
21181433
27672143
24771152
14968202
24500341
36110237
13134580
8863208
22501763
22728429
33908452
42652042
37539247
7023821
15491987
7987633
22451705
21220018
51062157
35520626
16007039
19227592
46376026
12404003
4848482
24730968
32652173
37491005
13904625
42251677
19128962
44063729
6326099
52217000
19985856
51973851
21614989
45747054
36217133
38231613
42328904
19228968
51862933
15990555
42408530
46022587
4646405
38928381
55632279
25986798
43552523
9205032
8161816
14017273
51201858
25232306
44123240
31819997
21264846
42535489
38845500
43826435
18102952
28609949
35045002
24690611
46058351
35017708
32331850
21532789
19335562
25653632
36614777
39891094
29760755
18953149
26490266
29596224
46705503
42139076
8741201
5052868
31673511
20699827
6166430
41652000
27403467
36069412
15806341
30938441
36303599
20977220
18304781
21457183
6035812
25775416
42120582
17487162
41638093
23846277
19097957
5079398
35177574
5690482
13028567
30607031
19246897
16779101
29609604
37485224
44160550
43080178
4793083
46564936
26816775
51593718
30109541
14028947
15213991
36707800
15678893
32266106
24517000
51121200
4810786
14701427
20573541
50834005
18291259
51087551
34385748
13660388
29053419
42457703
13765924
13340317
21496991
41140518
26030262
4940697
24661419
34305622
40240307
20565976
19264713
42793614
13965249
47886177
14505379
40006833
51212074
32478892
20854818
25398286
19892542
18954905
20136898
30843967
42795317
28678348
39129166
8283527
22377538
28121315
46422361
43839215
46752071
7636714
17614576
26460534
20328010
18783789
6949931
23862113
26300175
31628774
37276786
5684108
26670414
7847123
34263757
22618162
32401245
21427379
51233911
37267993
16011126
12658814
34779719
26403574
5203702
28308834
6456669
21803648
38307574
29850573
25043560
43701506
22319067
49505219
21756197
22501892
52067348
45997077
21194854
34822392
16101579
39017671
29982577
50101012
21078549
6547439
24307126
24072204
12974909
36589585
52281306
27260060
41449958
50358883
18698843
51398411
24163945
35811905
31008976
28668593
41109422
49869606
6346387
19490886
17630164
50452798
20874892
13773973
8837450
34632806
20076752
15102053
21153621
32223446
5138988
6612373
8902625
37521309
35712744
22538630
23288047
31979546
43622857
43353939
37820162
6347992
49945748
8118638
46023539
47509776
24695986
12632789
12752126
27799707
28289708
40864023
24954021
23222419
20558295
15789882
44743943
42670787
36758031
30762449
17419863
46315695
34042931
19261804
30100041
51080086
30305058
33374680
23804104
8143997
36170481
18294759
7164571
23446757
51286489
14522341
17754452
6474972
42475233
4928401
31530634
7242831
52179870
23638944
17686267
15981224
14346119
22128495
12525620
38693952
32815231
47053611
35384822
7253729
40195561
31972018
52239381
23072452
18771606
32095505
28336140
34091896
20287283
18187587
18538946
33402983
8770025
36634946
53668083
14002388
21892106
4829676
21668091
32617694
21311247
37514039
14412753
8661379
10402481
29073582
46405927
49957790
30026760
47171490
23069430
30871770
20465609
8405214
15581026
14378933
33705455
20916905
22141485
33991522
22233788
18070829
7857531
15088739
12435890
19152662
30552550
33006372
40041604
43845715
44600954
7405170
31363910
42508584
34557270
16821905
27794445
33137512
18243183
44738779
35702613
31560404
7173606
25925973
40403101
15632646
21375530
47110436
19549030
50787491
14034112
17948625
36490238
34938499
21212488
37370600
24417205
28592824
21952421
7227271
41547206
30139697
4833578
22131394
51358557
32718668
23374815
34848596
26839153
22043838
33116422
36581652
36679981
35907309
34325524
45455926
24562912
50643534
39376413
9179642
50960901
20948701
23811974
12617618
55694062
19479658
26206967
46489550
43074881
23024873
21617892
35185422
14235579
14272999
19874949
19953121
18846529
21757385
17687134
13605392
52172289
6565620
39174402
51456612
16036488
7272305
28532405
39644086
31366027
26780471
15951483
23593441
14655730
29471493
26069459
14277793
12637011
43843937
29128604
41104509
29146081
26233887
27268451
42145400
14284478
29663743
22610151
5763084
32397553
42933849
18993738
42726717
50510421
43074353
6795961
46045979
5993580
20704602
15637242
21630568
42159660
6704199
19695290
51749334
40185847
23437200
37428660
31969091
30343970
39863837
34287762
32651482
45782076
25046764
12789454
46943140
44631028
8202402
51527481
8293420
9083440
51695546
44548728
5830101
29492617
30413339
34706018
19798281
21773702
18187873
50666304
26824205
44045596
13026132
6747204
15335049
19220926
20400814
23831470
34051611
42591117
46008459
47137670
47466473
16524098
25230481
14852792
13812627
20615950
31471330
30402633
16944606
5611773
22355852
44567851
14784670
13445409
17698284
42713001
25017516
26143346
10516823
33994274
7649673
42114267
21231850
43672717
26551285
18832835
38849596
50202049
51626676
35222939
51848052
14931876
19605563
18538122
25881985
33287988
27992770
19648427
25103385
21373394
25366625
42442221
16057691
7504645
21604700
32406708
17869802
44498277
26057895
39404285
34077900
22091857
50351205
24258843
28872753
19865137
7800319
44989343
38665873
5580639
41458334
5190680
17576138
23671771
39200591
50417179
51389543
7507102
14539852
44683977
35931358
7245910
30097801
14953414
43753179
32802963
28338402
51498763
46108186
36077621
15056606
13912683
24335985
23490026
20162398
31285741
10950045
30869332
38169089
44662296
14392709
39405806
38588451
6678475
38538214
46309481
46864443
4817185
40998383
25282453
30631083
31915005
29040495
21625821
22225369
26101626
14069285
21156951
51004974
32975842
41760992
46151081
6599244
14946475
15486794
50999096
13852845
37051754
18831374
37767157
26657672
29234070
55790766
40012262
51593118
19310216
22915426
28737837
18691633
38797047
44192192
44394925
15924732
38147394
5980014
14586967
30224241
43150276
34960091
7082453
52263914
20909723
50742133
29317564
5112658
24278227
31278773
30765628
27153070
34596439
34510915
42082628
35043997
24754869
44295440
8249934
19199927
39087028
26557927
24476003
34842300
29401366
52218678
33692826
43146063
6123708
28993826
18400169
26690555
13503416
15777750
31117191
49911310
46209798
23810459
14223123
37750130
35865746
8161986
18244402
4614377
17608739
13635130
26566604
27328072
8973371
26478774
21450630
21874104
20148013
39135990
35714968
17545172
8563110
32729211
21824822
18595899
36734148
28848298
31826748
44409716
20295111
6132668
45372677
40210782
50999413
51064620
51931137
19339304
36178891
27808032
19220633
35521230
23426510
35475274
14524138
31702753
39199384
45563180
13554554
42571548
18842046
30350771
39330429
15219570
34681212
14913111
14922872
43133902
8368903
26127481
28544648
21348626
31722435
5744807
41545281
7736978
27454757
51968164
22988144
5796621
31574890
18776211
32209931
46215051
42785735
34949234
34698214
36023608
35366990
13774381
26450569
44728952
26045593
39187833
19567594
7468353
41099099
25715106
17185478
43352117
50219645
41253920
22567337
51841354
38623458
37290012
8620049
5212127
5577067
46950413
34492795
44014170
35288441
21829098
27806650
32948410
17859554
16011666
23372917
18446994
40619161
45986226
7003294
34338671
49880582
46306317
40870080
43192063
35272742
15920177
39198357
15748897
33046182
47853605
51709077
34177131
20160780
44489135
28618359
39259222
33422627
28885589
46524771
25699304
43075057
42823491
46930218
14455507
19232474
15735589
16046585
7978099
14731797
20270547
27506031
34998833
29145638
34107192
6706932
38852581
30445899
36716373
8713332
5157781
21887915
24067140
30940166
6749771
41840424
22957143
5861187
32322466
22488732
13366134
50475345
29874660
35764515
16471702
29511203
31560687
47132232
43898745
19555480
22927219
19547205
45856098
20985731
20657859
26886022
30695445
41077230
6859902
30213402
37486019
39861283
30535824
34171507
22210050
24180237
35139727
43146333
31988791
8102509
19384401
26362909
20044893
39034272
32612338
17560873
30758437
20068405
46842502
36149344
15778161
42415134
24706608
38577311
51845385
18145860
44570502
13606554
29252800
41901773
21196092
25000718
4985961
15304525
32334313
7802609
16421792
14804267
51073982
41303004
22327229
17376104
21366360
30532412
26766428
41002149
27585259
26865545
23181000
38633313
17647365
43311047
14695132
24355507
24612291
31761664
47429358
47836131
51941018
52164379
48621790
21378242
35613087
19072281
18571499
9032395
51124383
22024128
28944783
13955199
45397957
25421305
4893328
20764406
18476773
22207776
17070967
37196412
24854288
32386951
42696439
33250345
17516499
27393584
24781259
23337719
34319784
43653393
20985747
47584329
31742249
30002542
25260578
46246869
28845817
31544655
14992480
27397709
6593457
42987828
48292605
29114793
19229719
32221646
33422288
16969701
29279457
19269561
23115250
17197548
27007174
21496582
33759666
25639482
20040919
25064366
12850882
28753429
26581112
4754492
25045353
18784068
22922240
35730956
39531689
28599710
17814724
32517380
22581368
13195458
17563993
38112579
33394855
4682980
36924086
13365371
21501269
50543631
16014164
25573524
6779829
51973313
21176843
38402403
28073566
52144587
31557488
38543479
42769631
35800109
18435568
44626099
34776022
28778618
33772537
28805133
7711151
39167045
43927387
35417868
15670819
22947024
23845454
8192299
30089325
5289722
36113929
30672137
32934241
27608362
51869430
52125326
38536552
19261342
26033001
29529826
20675662
44509675
38546483
32696847
18498143
46735038
19743746
14472754
34710752
40756838
15909027
26112851
44394149
23265575
19605849
7838948
19431246
14682041
35067320
42186580
14437508
42412008
6491846
45110046
24033789
27774003
28884826
24344486
35534936
24431480
6940173
45469057
8688042
46103156
28550230
51402357
41960627
43346321
36130765
24389954
30798150
8364691
21872653
18049545
29014363
53383342
32013770
14591402
53569971
42436396
38712456
28251119
19639263
32022623
25411208
28739279
27133586
18919279
21209670
15175836
18378844
49862151
40932252
39440077
18696452
38190245
14891321
18269425
51769082
29841805
30148626
19652656
44364473
39200597
53577533
31875528
44268765
22308706
35148674
5189235
7325998
45833265
22139691
21579558
36441565
34082135
6328555
28662787
36593276
8091975
28524843
18338493
29231877
17617033
4861765
5301522
33759858
34807168
13589985
50413023
46283151
7046130
32330191
44636853
8019169
7149940
8642307
24746465
8933624
28700311
13025680
16559626
22181610
44512622
47272174
38829345
37593072
20757020
13707770
36793144
41262980
8450688
25363741
21064092
41496793
30270334
18423652
18351700
15766390
43772032
22300701
15870496
15823739
21868955
29138245
14327000
17876937
36412138
51155092
32089423
13840037
21605008
21292693
37855279
4673750
52134380
31381292
51883998
52116199
13044963
16793156
16222348
41370049
44700335
20875339
22023320
25629303
22224458
46142662
20465976
20705466
34048687
6450201
20622516
27768483
7394837
14460731
37448440
43194199
14559116
40782970
14192882
31806450
5700541
21308351
32899973
51241473
37014730
6327625
51892232
16710419
37029414
19502463
15469006
37404671
43790960
28458175
28605723
20056162
24640943
19662357
49887886
7531609
43741395
41378883
26950839
50926199
21023509
27830378
44673060
20702215
46985809
19715682
33915483
12702793
31766335
20636596
18416543
20915557
44691425
36122879
32867027
19572900
27087536
33494425
29279702
42561535
24828631
47391451
47868926
40475370
23549406
36983339
35910680
19223957
29103415
29484970
51537424
34764291
37643897
23122906
40675411
22891006
8330607
33993731
21009331
21196334
29322139
15525929
16018509
36511504
19573610
19651142
22921272
51478013
32625881
6166770
34363191
46560227
36899022
44119938
13659207
16581246
22590730
23554014
13846518
24639720
31450794
15041728
35274844
22363125
50482059
7610799
33389147
39865295
12585508
39347369
29639794
39298131
40025607
45409977
39338302
19486689
19260293
44168633
30942786
22887610
12560913
12746675
32609426
50356578
26301265
20200053
46078583
55651085
24391575
25589901
33464055
43165815
41577274
35093200
5097378
24711402
46010671
6067897
27468998
22378210
43299819
42193030
45467135
29748933
6407786
27542728
8553906
22463677
25189964
30789146
36811092
47172658
50881607
45458448
25601733
14289957
6228951
26480505
51125891
25785701
26285836
22580881
8268765
16800790
26773082
52136362
37361128
29957881
13139732
27830617
5450455
46550689
13955733
28689896
13238909
19472636
25007221
21396513
44041527
45517859
34611977
6710890
19714680
24689128
25078302
40906953
51287051
14816809
24661778
7920479
35653770
36737981
36922254
25164065
43994915
4782084
13378157
6641524
18043705
45454936
39074939
8251829
40638739
44780992
46438050
24773156
27720693
25242341
36067967
45627513
43173301
8070575
43583071
29642411
18819003
19521152
31401980
21137749
27651556
21928360
32716589
15217732
21156492
18430463
6249293
29544733
36810319
17539504
32246220
20011875
17340821
33500422
49990780
5833751
30868675
44612031
41517292
46447048
30436022
30596108
44192864
21399306
20940297
26524604
23911301
25599804
28714985
42827826
15911977
12785521
7165447
8130491
38306562
43147882
25398984
33693165
22238903
50668858
25003322
24809624
50723839
46952354
4783526
19493292
23013048
12540954
38164610
14513984
47112622
36727592
39642741
20705325
50352299
5547313
26292198
23972719
42824983
37038553
32805386
35888651
29531761
38424397
37146982
12990585
20141331
28347918
17975206
28289309
23983687
38120835
6765654
33595490
46004093
41798474
6003897
33380420
32607220
41277761
42374557
21819805
32933032
45964807
18140290
20051487
32464353
50508144
19744365
19130724
32144916
26169591
41317861
41267174
34673527
20967569
22368415
12071566
30120615
38765838
45951427
21948934
22473564
6513919
50239556
37114039
25973050
46961678
42805665
44291834
39291634
20095466
37645220
40543744
20855707
50334574
43662529
21436041
53553214
23600073
43179239
6130047
22499140
8848279
20581254
9118318
35187259
18030771
47890594
19101256
47106949
21933948
40994855
15237392
20167195
6709436
18396748
36419043
23883228
34749761
29432016
52159003
8696760
36826935
40198712
25060241
15796153
23541127
7130550
20444768
28175005
14856449
37927821
7095154
37249062
5760273
35198937
37933194
10601137
34742212
30635949
7155416
20912736
15769239
41337005
5511732
4944297
47802142
33260650
18688228
28005689
5091076
51639434
40511854
30403380
52281849
19651977
25087620
29911737
18798523
41624216
33767725
29339480
8619238
17582010
30861971
21287157
30268967
19564019
37991011
39767221
43650880
49436820
6597592
23871042
45376560
5891459
31447341
15280181
33954018
23603394
28750375
34638741
8772472
14201927
17479720
42386049
50423333
7118537
17770402
21411982
38874905
14615536
14044564
5656041
27021019
15259902
6525269
20352483
6912788
20666112
51367178
50153492
24447160
19449065
26922109
26240538
20138456
34060446
34798186
50852384
23718618
18516879
8546642
26355749
27851333
21347825
14625187
47100549
24144373
42752306
36890735
30551544
34304469
24197120
46280276
36050726
19566045
23610921
24360967
26243975
13279392
38777965
26581039
40193755
46404401
18916499
24080797
22722648
41059389
43701547
23057313
50995087
28984948
13801311
39738142
7052545
20605099
27231578
36664735
18601972
8115038
47079743
43577508
18825635
20784779
14160835
27958643
44690429
6706552
22500959
5754966
28240149
20559627
42903416
14104902
46319725
29634875
37010049
31499957
36558543
19117938
32816124
16133214
43073782
45419983
31621451
12427442
14494692
5543006
25692336
30831696
24478789
31316597
44734559
19259162
28061213
21991248
23739060
26720567
46972765
25015502
12405416
29062313
44554320
51515860
51805194
17787093
40012991
52193677
23861303
23815219
42430902
40110578
18399820
35838490
29089541
30749606
40857859
6133651
17299600
44656984
30047928
6781070
39730866
31441246
7014836
34374266
7626344
13794041
23211964
8744993
29458672
31854652
5178179
18379529
6423042
7163531
33160970
24481130
13973894
30754362
9117300
7192663
19034711
18903945
21080101
8990628
14672635
40823352
45758398
22990535
18491831
5680039
28741123
12457985
21943948
31349936
46889632
18737199
15262211
4776225
5454677
8941848
15352139
16208713
23191346
24985450
25626165
26619247
28668847
29101417
31030870
32261111
33426350
33662173
41550907
51478355
51538888
51678613
51736670
51762767
52077655
21866659
33007478
13128256
37292887
4915498
25256032
31065132
38835644
8384567
29519135
6458246
9000828
13493598
15753807
29842845
31304128
40646320
38201055
13385826
50428866
51998556
51914226
23133236
23197588
13599514
4722388
29316823
23432686
6009750
15009058
33395191
38027919
39521910
21438815
45649042
17965237
44672705
18299569
21645503
30646461
41947904
45400011
24711204
50232767
20392253
46211661
14567872
36278988
42460706
26202430
37628761
33279260
20960227
44716900
18439442
7546277
39758713
37179343
46763127
40144093
41543898
22249047
19598554
36978743
29592014
19996352
5286674
20156486
50546537
23513218
23055334
32859468
32356728
22789652
45995249
17736363
19118180
36339552
25318926
36422417
42414562
31613450
12610006
25087190
25941251
46770330
17511946
35923737
8430755
34819784
7270106
36121688
40145990
30406412
21678088
30289256
46399914
26881058
4651281
34051005
37029392
38495903
22360800
43924760
20269372
18589641
14704657
24448608
37977776
5140603
17703294
18992236
18686679
19796767
20279115
37714451
41214194
5607714
24659468
42434596
15743632
30733351
14716777
24007946
22009576
26892525
28595758
21078772
23607823
25090442
35575036
30074619
45071263
29226722
37124730
46217498
46326175
20534790
31694996
50643063
15991717
29159253
23094324
13103337
38382620
29000226
22708524
14470976
40986630
4992238
13591974
35981599
8528085
15578371
14276986
50534357
19698259
46745581
32404729
24641360
24675645
18640325
28779984
30575282
18707495
19728318
31827037
29156913
29384194
22356703
26176584
37715491
32540191
16360948
4854815
37406656
51537741
32253131
19186732
44747305
32218561
8962935
6321427
47286390
6286040
45031264
8238317
43359569
32160410
34317981
22402498
8085013
8721777
20230659
30550294
39609057
36316872
50430851
37632823
22459128
4574331
35021173
38770271
47091206
14352418
46586889
46549313
30034733
16018678
44576452
5426447
43320651
6434088
28324152
26104749
20851255
7813470
40600940
46812135
17660409
12418844
5786197
27003483
8376261
29568383
6691372
29177694
50733082
22496887
36597338
31648284
23931791
7537374
28258628
31979445
15805817
36231500
46075605
36878344
43091516
38871958
39663778
34830978
23350191
52098424
30245848
6868237
7247590
51239070
21546266
20688144
21590836
19544909
28419763
35001500
34447279
14710076
33977564
19701219
46163478
26460339
44836655
22353477
6507431
7110790
21295809
31645261
45917294
40694578
41133647
46067072
27649878
21315871
24019290
7889286
14535165
13148639
36933049
27092842
31076335
35004023
26171712
25136007
37038741
16580382
8711199
38128657
30588313
43312618
16159224
22860382
22331288
16131493
31018080
26994222
50435353
16085173
14901654
23060860
36097762
24217258
25295192
18508403
18935433
32024119
38160837
32005913
24091016
22998273
42191911
19424928
40929616
23101446
42403064
4625064
26047151
15714154
18852027
30556037
44648596
42413522
20149452
36678143
37682331
12406503
42321493
43734989
7433124
8991957
34379842
31867523
22088358
13743370
22740691
37645983
21171424
32144373
28638462
32786464
39315702
35580772
18275787
38644252
41369241
5939774
25282537
32229560
8588790
4667492
27479547
50619956
9037818
5514258
22754925
27774015
24225681
24805207
51111857
32499567
50588173
45508459
5132070
42574227
22916296
44667420
29744937
47415510
15466433
23247797
44598513
34050116
29510493
43953603
8857346
20888455
45456695
35401208
20776526
39041730
15277570
39374801
40780400
4913937
15063948
26556397
30784622
26182271
33302128
50683445
8556249
14688506
20490088
30542716
19200530
15226997
19365583
38848798
51503410
30854061
28462322
19027435
17514896
8539750
21147727
30285172
44558344
43134439
36850196
18344157
45460129
18306411
39175235
36919028
36717061
30031702
21858512
40718369
14711631
25687652
35150339
37553249
47568678
20616383
36511482
24532074
24211898
29312271
7434669
13483796
27433696
15351435
37602233
22006051
45623633
21741570
28783060
18895698
13721053
31670796
22220138
50990278
4855230
6765504
50128482
24139516
22089668
31291669
21037552
15417927
28530178
22606651
49915768
22117172
23995487
7769079
28865219
13883608
18355417
24850694
9136954
24115675
46198234
26443475
51821647
8162476
29561088
43302980
30950712
14280068
27635807
4974928
19680173
40146411
14644810
27375278
20363780
15754407
29627473
14952315
28450786
8370006
30392457
43628285
33105653
23853634
36115782
46968373
15322907
18289824
19709468
20282624
4888364
29424105
27552841
35822876
36471106
14470084
38302579
13670668
31274280
22557834
25092198
31045736
5745218
46317262
52299876
22743235
42963578
41117729
17634500
30263423
30233172
50140574
45416385
17537968
7812480
21653476
14791302
47405450
12671305
19097703
7955668
18934632
18377059
50494764
8308453
38347969
7938851
8045816
18934745
19462181
5740732
51251950
29784942
50577469
23033669
27143092
28525936
29011831
7051178
18295258
51955821
50774246
5322108
13705605
6891312
21625463
25738584
5874824
33992606
36217887
43085701
34661973
18224789
37692981
33308864
12518259
39049807
14079772
18974210
38623659
26379085
29932669
23908009
25095126
24202175
24831125
32285110
29015657
15246981
42494001
50991459
38170374
15882120
47346542
44574523
15237851
18675080
14737857
5003639
44083373
21080258
10671725
47872715
28663224
5711166
19473949
37856055
15979223
43685905
24994868
19107109
28281561
18624796
31548394
27120865
23796643
18002559
44957606
30823242
16344879
50520229
15820617
15884501
6910042
26962941
46201922
5853465
22605844
26137858
39266784
34267253
34841053
32221480
19195868
18886220
7043777
7657763
20770259
22749751
18294479
5981730
20892708
31349572
49979618
29557723
16062051
28841126
28421447
39430470
24170866
24963628
5893448
46249212
35413916
32007229
14767479
17764706
4976288
28263516
47316540
34298745
21761120
13240002
23853939
14803136
34117183
21788163
6021835
39850611
25410083
44172390
30096111
22028215
8976572
26111912
45745816
31049496
31031099
38461072
43664913
36845204
32671460
8718239
44525882
24339925
31241403
40593868
36424551
4580316
8171109
16505163
43295311
40415765
39590670
19566287
35793559
31260049
4756568
15655117
21934467
31652437
18564418
31595294
34380583
7763355
25302512
37523822
20010590
17157572
12139308
19511429
5332994
34092264
27291140
40742632
37036988
15264712
30238321
23146283
46188268
32339421
6216718
33181177
47323100
44345495
47647262
24713187
22845588
24428561
18040145
5994189
50663665
22590494
30751827
35130324
35990891
14321263
30679844
21343376
5743195
4637838
16689440
36046589
42847848
16863503
22803079
15052519
46442869
35399527
17950946
8114142
50817232
52082760
18991040
43530104
33154677
27289779
18630605
31196639
7140710
34105449
5848008
38321450
26330365
15813391
35056783
8682412
12637835
29087502
46024570
17589650
41582103
27008751
23063668
21203855
20574851
36087238
51523352
19227982
18533215
20161028
8507159
44566302
18302723
24817233
19608570
13365993
20625667
9127504
32804635
31394245
40396337
19208475
29098423
38595143
53397350
38998234
24748489
30065358
