28425519
14125636
24978874
46364405
46369651
50865877
21800604
24165887
44409423
46210904
51037345
40248940
46914099
42221794
21951152
43911069
29253275
18492397
21387563
47630473
27767251
29067918
32972525
15882911
31653338
51507839
42840996
36514695
25598158
15584900
44447641
50508555
33757141
45885692
29194222
8523498
51309159
23184243
14004496
22907792
6114792
40073171
37347799
52142692
24377922
5604019
7236083
47485529
46309694
29177006
23376096
50763483
13778877
33551379
30203277
50181038
19696619
44321239
30753502
29060180
23888666
50203026
19484172
51867753
34805751
16045859
44678381
47538456
27923143
34994077
20800616
14960772
26750971
46599088
46046045
32998364
20194401
43348350
38876353
47136854
37990229
30520015
8476013
29244635
8371954
18641142
33791293
27256664
6615819
36412930
21672499
51441611
22459248
28311447
31565581
31513955
48732318
45263437
33269653
4810795
32905835
20492096
38329565
39758911
19695033
14976285
21596670
23005514
33540958
46338550
47597958
22467696
50220386
22522812
31401584
46799387
38543420
14742208
46842207
47320970
45460258
51202766
50980265
25792437
49992882
31101609
51680420
43095971
6006900
50169838
36461662
19944975
51303023
4579197
36160826
39229295
18495815
24541985
22243823
43285641
50193416
47363340
38648738
46555037
31561158
24166389
49841036
27201567
17470512
31094738
37302635
38347020
20204822
25638873
30315274
31674582
24391934
15953726
5841357
50123930
22880601
31916638
42781136
51001207
31982797
23387079
50038843
31606667
18013904
24748319
47011922
18756592
47836467
38830901
50224851
42285380
34520918
16224760
5103454
44401613
47324020
39753212
20528808
28128883
39295900
23114515
42951209
13149251
23041112
21993733
8405663
21427477
22154906
38782266
30796017
45497511
40066250
18648801
45951980
42114528
44715578
50425787
51419507
13120104
16099763
50399693
28291552
29733895
22902489
28669645
44268290
42728084
28092620
47819713
47062885
42979430
26176647
41197962
43177146
26333278
23318115
25785007
51984073
35146208
23004993
21149471
32475025
45511789
29470708
31508577
25639048
42112448
42587020
28763692
14602756
24799364
47125321
17515465
42795616
46725949
50370931
22448636
23503771
36446846
29320386
40331686
19324881
6730041
35182481
4963703
14109137
15021480
20267136
50413041
34287771
12688081
52344477
20415802
27607844
34507714
50256109
45583477
37843589
25758159
32474296
32881651
39181254
48652939
38834064
7511000
15861784
13333496
40450300
41046276
36488108
47299714
20487873
41138193
25668746
37156293
44148882
50450957
21696290
37125346
21162241
28832016
36981473
36072164
19663312
49902762
46528082
45566337
37827743
21990205
6611113
31929186
6216554
38791276
17876563
24902116
46047682
23066879
6735926
45867251
39560872
44113624
46870233
20558657
26113709
43716303
13695756
46313769
47147196
6638640
43397221
25694680
35424996
49968007
15525429
31134482
15916696
21257881
36219876
13638850
15910648
14680555
19374424
16109150
20493120
51014490
33238784
37772752
13527084
41406529
8911061
50541743
47381090
13567821
20360689
15287733
24811242
38893720
21894066
32846028
41381195
18582981
47094750
29737881
8304950
29871421
7896760
30297531
35121562
20975750
38455942
33616617
18359306
50183777
39756156
51577859
50768839
39684613
43952124
6698613
22832375
7152117
50670288
12738092
13781877
9061571
24895283
34667580
30320581
19794367
50064073
18912836
24443399
19361267
30718259
21912859
42749041
46550450
34611914
15918681
42403548
36648351
50259361
43759660
50154677
24062148
19462225
8023155
16329005
27332574
37902104
31048968
30503151
47660906
29100292
21176253
35376836
50441281
36264631
22922099
41837995
31917374
19040997
25773795
7480895
46843482
19368455
38309528
5471497
24227851
31521734
29072583
19075737
32709869
13548573
24756525
18225496
20596318
34585990
33687256
17936256
14218147
13401741
31977180
5822206
8541873
51974576
31003701
8453673
37212921
39003569
34117368
20992335
4893136
31866505
42198578
16423183
37370600
18637969
25203193
40410038
43311534
52006011
38147233
13637992
20209754
24713048
7114588
37636235
31743521
12026176
8523174
8225647
51597846
46784364
6901723
14699426
25608569
31383118
13881016
36503492
14975095
22898103
47079007
40068638
6141891
22655531
4759044
29815874
18151867
15312156
16042096
36160317
26262617
34021625
15075688
43160150
32242459
43912838
14600746
44864062
46116103
50451240
22780840
6763666
29743326
35023180
12465810
31112859
35506891
50806498
25730607
22337549
46005302
22508489
25613155
50116975
27725889
36841380
5101374
37921095
51575220
18887285
42453085
16944606
24896087
15865026
32857976
14285779
16075748
40801870
50422837
36311771
51359317
34265406
22230355
31837455
50516359
29464431
6194987
40214144
5322586
5190762
24699373
18285821
19030759
32680256
6902738
19625823
15417315
39390952
46078583
46571185
27554622
45483678
37292887
50964636
39272112
28067126
28762888
38001388
23615979
50603356
8337019
15328612
19565122
20352241
41346104
20089466
24206350
32087692
37602528
41551218
31958667
46200920
18599079
13078289
32715684
50112649
42979901
27975288
14378079
46836291
23931791
17808308
16128876
18412528
25058972
39011740
18966642
31416934
40401568
25243729
23094547
4606375
18766136
35576965
35246139
19459539
28994345
46721101
21694688
35004023
37845845
51730525
31983536
27108638
32656374
46974094
36704190
7366380
38699862
6604510
19519496
44192399
6598186
6810328
30515146
40393315
23900856
42727239
52358209
14878952
35857220
15837861
39885166
43201937
8477741
51457087
47837501
7119008
18819697
6608983
19381329
38114790
50900962
28099915
27712094
41295907
31366875
22210050
27705456
15158702
5014477
31698461
13575993
28994543
38531837
30466957
47822980
28971465
13033383
25915505
50486731
19343884
35475545
33451941
33330961
25226787
23499244
36073179
28469802
11269429
17988677
43397045
25944446
34943145
28529282
22507540
14625065
16764118
13047589
15003790
37212094
29823069
46317303
22636097
46922754
24761608
52192794
36878344
38583400
39236332
19982401
23549406
40704864
38848855
27329700
32295687
39462505
21669219
28367261
48689850
40912912
20907559
33502766
37306603
41527747
42708612
5656041
50454925
30431721
24857917
35257270
43144668
7274894
50242861
22515426
31220952
15513413
30366790
5193400
24751888
18757013
17493951
5770203
42332648
25335385
21095121
50238165
25837028
33182034
37041239
46247469
21536524
43925480
47621711
24992091
5056207
5575296
16106417
7808669
16610432
22548259
5689904
33021590
22965204
23616268
36504595
13178503
14494092
19511306
18076465
28303119
42898289
37153837
28693496
15956908
32921782
26937547
12439663
5451944
22517232
43748369
43963547
23011543
18939373
14455507
41842384
18303882
39873611
15461105
29061207
13745868
44659079
50435353
8161816
33033685
6076593
18702296
40864023
18790059
32209947
22686454
12757592
19329493
8469610
15791547
25904541
39497766
15200937
12467036
25204805
29503427
8081642
27139985
20623411
22815856
28966595
36483100
7851351
38161490
40673712
37665128
40710654
37277314
13965399
21084358
18694517
18775784
9143743
46552690
26385095
7120601
14586967
16140861
50152638
33359660
43301698
39464525
44168633
45423900
32686869
5288867
47463563
47100549
40164736
18896575
36069425
33285550
51839569
44626099
44204701
18624566
35148951
45529228
6540343
42082628
50153492
12576580
40572279
28547585
31041746
36544594
14747961
36877370
47430875
15180322
31176175
42806140
13571544
18547959
37698774
24032771
12780460
8441839
18412302
41789455
45548766
7062755
31247363
35243384
47050406
27845612
12531674
40751535
14203158
51131797
21785147
30871528
24068180
38271307
50560866
12976536
7815760
26150167
27750814
36695928
27705946
15192678
23883866
38220590
42485823
42303064
41810974
36104520
5372569
6907350
12974909
44421185
36143334
18426784
14559716
51364787
25426784
46798928
22343031
19588951
8404661
5536541
34287762
34568334
21322607
41901766
17858153
32937493
13704088
20729440
20949417
27646350
51247819
32763549
45902610
30565370
41092835
20012971
50908094
8044553
36916602
29388492
5672987
35784109
37533750
40257705
45783323
40386517
14067768
39157746
24544452
25578299
50544570
44349526
50738319
13929623
27356409
15080910
12658767
25153701
5668626
51096083
49946157
40815724
27275058
29572344
15300048
35859523
7589939
37883619
23503205
46405494
43111283
33232105
27322421
46699384
6544367
27682007
51583929
37813069
21833920
7755501
20620398
25785186
32043807
30427941
46826860
33511038
45459375
50875575
17879833
30979294
37561047
6031122
50974698
41365007
50954024
47598998
43865633
21990007
41044966
50755189
7889286
37013631
46615487
12981641
35763377
15161787
15165689
5523274
35089609
22731834
36477191
23167542
36781816
18631437
17513834
6717912
5587290
46502305
38162272
13270696
8205113
20241664
19383509
6553996
30552669
8126008
23427138
5197777
22606651
29922073
25597404
20476912
29916917
33358507
14921750
39587358
34710752
38286400
29853536
7738326
4989269
40115444
7363286
23356465
19650306
37635726
7328483
45103046
46854406
30920166
15011832
32324647
34018662
28135349
22586212
30763803
13955199
10828802
17886522
6963261
18889409
29909993
42756132
9001143
36272190
40000512
15859783
39355050
40960156
18749888
44716662
21825686
32246691
15172503
16776543
21683504
15701880
42694277
44149001
41633302
23710679
19699777
38077902
15715266
4712253
13502624
36040057
18610024
45328248
27629785
29090119
5162010
47574898
31608549
6182999
19414262
17861929
30649669
16075918
40664774
31510999
27760073
37285495
46228525
7941974
42766352
28036677
46329628
13950964
20504002
40573121
22207924
44077049
42647819
20179319
51618794
44903832
33494450
35224905
34053939
38021557
19751522
25256189
46988778
48769747
19845396
5168101
38120143
5305137
36794200
28572253
26175023
15606259
36740573
13143364
32651482
6434521
21384324
26268866
49772370
14387256
14939683
21990016
43042061
23241426
18267735
28318120
45770996
50147106
18589327
34099715
22192693
34338904
47897920
13686658
19486689
9100634
28610351
15219008
8573311
14642965
7381815
8583923
43528452
35047173
29503151
22994264
37218959
22662421
22582624
35307658
42292480
28117250
42635834
15429900
23914079
35307381
24968670
22505542
44721465
22614955
6785145
27653972
38949665
24044524
8428069
34928662
50062770
6578604
45454936
12631671
29429600
41089357
51034675
20688169
38074100
31508813
8404240
18966032
7697124
21168650
41381035
13738234
23712753
27467418
34314560
32220597
32875764
15023013
43386624
27079296
19793823
33220626
27246510
19078244
42863835
43630255
40517914
22241413
40996378
31814100
32388016
47024341
51152296
38079318
25700847
18743202
25070342
16826646
32022281
15007887
34054084
19782331
28607948
45990907
26150930
22753128
23357746
7156808
45623633
21668091
33431379
41181393
50278380
38997974
13273278
8112440
15012659
22309739
21888194
8878633
50829579
24220893
15081884
15921446
42725935
47632421
29874789
6593376
14344860
30843967
21307122
36448493
8713948
31393588
13049336
50435196
41605464
28569281
21879222
33921430
25243264
37435801
27412368
40704176
32612445
22632381
16720582
23577912
17695453
14408738
47097203
29574842
24175867
39670689
8317400
26269981
19923376
24762431
20148635
22009768
34060078
17824874
6660609
44411896
33625106
8184781
19482887
18407731
29511891
18363023
25234581
5591223
52090083
5973279
30394688
29044566
36847739
41360052
26158002
18164399
16367087
43948787
37461483
18973893
42969022
43353550
33581246
16780043
43576659
45822458
21887915
17475985
43158655
28155496
27639153
31045736
40762414
36651738
7909612
35040890
36784649
33928335
35413916
17735599
21215290
31289988
18651226
31696118
24665039
41000569
51971554
19279111
37785115
44791397
34212364
50460816
49954834
19193000
26104749
34450273
17380917
44149777
41301578
31465565
27387222
6069138
17397109
24770474
33705455
4776203
15288613
8115157
13778566
27061159
28678498
36802836
37147978
37347670
30546131
31839239
16883219
21554780
5112658
37356033
37548132
44927051
43150276
31626299
29146913
30801222
7950459
37687829
29491222
34424798
40007188
29602802
46253614
37460773
28162479
35061611
15431964
15044794
14989147
22476866
42423503
43782676
47848094
7747358
51869179
7833576
46769617
28833662
29200650
47408341
18680248
20292809
6104968
36613090
50820405
24241401
18113992
26581734
36133507
50409369
18984885
33516507
39805096
4764347
32111530
4581534
40799504
37785024
50738724
41212174
29318758
17636752
52217000
5447219
46498111
51387240
30152801
43805644
23018901
22947024
15988522
18586940
39797707
18773553
39814781
21211542
13995797
24792707
8649363
15128404
31365452
46736985
15175836
46196289
32366612
24089068
13474017
45419687
36262696
22599033
39294040
36090291
45433982
30273350
21552116
6855661
37565558
14938193
5793551
13964152
20646876
31728473
7808025
14150552
27820124
52364140
37396302
18937523
7965284
46856413
7154125
8851967
33252290
38099321
6940173
45745197
44131113
24390014
19979784
19288511
44736017
22014562
29103518
35931226
36167505
21747489
7285041
35859205
21766941
36218424
35426215
4771123
39736842
32690510
29143690
45800543
44357776
46977697
34576754
25447848
31516327
21031947
50232767
32058830
14255387
21993020
29736939
35356582
30685728
27464754
24797425
5678927
33430427
42788833
49939252
28938823
29969272
13044727
46200907
38026766
36414054
21557118
15734926
46220288
6746192
34008063
37980767
42017707
37286971
20487723
15158994
29775637
18667701
40934703
20457676
35930406
22339198
8588256
15753807
5870756
28636543
33916982
27004092
22414568
42291635
47033388
20340947
8570031
22695291
6981812
15981196
17585387
28116314
24086068
31128762
6732803
17946749
30533779
37486626
39108539
37278527
19260293
35272742
50096023
45580446
15140848
5901735
5795204
18925855
34107023
36687656
9178863
41525850
40512950
9056896
19915214
52284890
9084910
19275457
18367556
13871321
51106435
38721639
13707983
15943000
39536336
21614203
6952045
52045583
15306815
23677312
45382343
39422004
21576482
41594644
46268630
19741795
32682823
20389108
36188300
14457467
41575113
46122326
30409720
35629998
20698643
43081193
46447494
19088077
17739297
39981537
14501311
4942324
25673461
42561535
4886168
24625841
13756421
8624130
26545194
36814077
8192908
7351599
31982062
28716160
22211794
36069412
28276092
49952258
5510064
44165036
52163725
20761490
19082689
5398239
30291656
13564278
23213780
24370439
41308225
6580831
18831315
49945915
45586025
37211117
41542199
17713351
39234639
23959295
24344486
32205508
31755104
24767156
26150481
6322344
18681520
49937216
39865078
22940681
25160895
27447010
15540339
30227432
24402254
30785640
5631131
46353441
42848313
38799786
32656609
27796628
13250907
6608258
13565632
36950821
23795235
44333457
44688859
41225605
28123244
46851650
36422951
46581784
25862937
25295990
50167853
15011911
41272942
34522612
34109454
14794406
29721023
41136509
19789466
33265431
6510124
18429778
32513767
13695913
42534015
19327165
33253201
36260189
31195480
31125268
30819456
31623836
43194199
18171835
8414790
41785854
46542244
47104850
21171424
14338052
20472794
21106987
29055999
32753986
40563935
29586183
5800215
35534936
46807649
14271607
16626649
28549037
18304319
28326511
38545236
40866407
21678132
33018518
50794921
19379193
26997002
46512424
29568383
33438574
28571543
25615163
36390226
24266132
43281158
22312912
40681767
21967265
5671067
35153073
45651446
5858454
30602451
13790105
22325985
22101204
14091965
32700510
46415082
49913283
20202868
37775834
25414098
31969091
33463144
7763355
14525074
29547962
44613621
7196606
47139825
19430853
33916554
35434965
16022923
29018475
31172703
22506994
23998594
13438705
8254295
18491284
18298739
23169929
15974046
20342857
43234540
45406226
4606909
23543235
41697993
37219358
40698923
12826355
46470390
13707723
49870623
38054845
12488345
30582489
6682952
36134811
19765496
49707572
32391251
47078008
32712922
16289911
50544693
47896711
19596277
22187956
29923169
40927160
24144373
37856982
13777752
31078257
24967564
27071165
13500956
46768920
14346606
44352692
23506790
31457627
50899520
16606433
39086117
40892335
4668626
7938643
46073330
32379125
22556873
25435662
44517039
7887957
50553383
5120877
6026510
23512410
30011096
15106200
40318589
21865876
17283669
12503208
43161438
36077822
24429319
32050338
38572957
43013111
30394945
28646354
50174337
16166927
51450276
28097172
44245872
15045410
35557242
27271370
30654588
46703989
38852581
24582195
20176136
26427987
31194424
40404644
43601613
40613258
25640280
45792767
22978748
23939381
42129736
35770559
14617233
43361363
26566604
41214056
8336137
19027419
19695290
37353215
32731018
22178509
35036033
8347814
36593276
15906897
17312323
8666459
46110765
33466132
13475590
31709736
35846629
30465625
28338694
46479705
35116335
44317538
19837042
46516166
20545650
41054319
13863414
46872074
28805133
39091464
17424733
18822672
46885711
13965292
26154540
26881058
28425943
21960476
21712315
24223714
29729606
24185295
39881983
40945183
30765452
5146754
20039232
40382175
7619740
20909723
39007087
15947537
21260350
29045540
45454336
4968946
13319101
14686404
7106574
19601467
29223357
12609871
18435050
34165588
27857629
19669055
6303982
28670198
35377357
4861127
34506128
7483885
20017288
16017598
40848079
38178781
36234267
18430828
13402599
19774383
28592824
7530739
12798345
29304706
30469938
33464055
41649418
14866565
42206177
23083762
50833346
35626102
40885540
19540960
42302191
30595404
21724282
30141953
47836464
29059948
21112623
46009396
37196412
26040965
19909249
27011302
27198435
24852020
44930205
35938807
46365209
14220148
5038306
20267657
19870085
20837542
8855379
44392119
43357166
21456508
40774544
31321018
27482959
13807446
12472134
40045145
40372665
21973837
33374711
21595514
25088393
37162991
29053419
34683266
29842845
32759591
34352843
28857186
21464199
17726991
8855260
47537118
43131728
16469509
38261204
21776784
22292860
29689576
45004325
35871536
37489249
43184061
13436141
17874439
44010309
36626586
28820341
23871042
40511854
14838724
13504616
17632159
6602675
40406189
12404003
34734949
46337698
23032233
35831584
42661960
13134203
22789652
8418346
7356346
15300381
9147230
20288436
7572158
44124277
45420093
19427517
13536267
20187842
33208829
7908808
17621959
29954255
39865295
29869052
8285689
6743425
31291641
45423935
47360909
45350798
28693446
38307574
6977514
44801962
46376230
43346321
33279260
32540191
44504636
31602137
15951483
38603946
45792057
26203181
36707134
21998788
30274286
25218267
25671558
22275468
16021540
40232918
32522023
36678061
28484056
30613939
21010619
28175005
23554014
34500152
6598597
23184302
29079331
40421941
47290594
47427586
44373729
32067102
33331518
19688379
25003322
30502938
35526916
34557653
40358267
16437930
30496035
13062100
43323884
31915322
30658717
20911313
29316556
7983301
45454166
30418432
31350998
35734007
34400108
7284331
14190686
19259162
20758785
26257361
33852811
34380583
36649533
36982623
44705522
45026501
46959819
47183534
47308158
14323374
20144940
23551121
36504755
37698187
43327990
43358765
19111218
23399253
18730492
50147800
4871434
38035408
35570392
41918901
25111773
39067893
29426813
13072508
50049038
45815591
18609905
27133975
24530852
15730327
7773405
30829519
12594565
31351098
5398989
7178642
18305211
41845884
32491638
7374124
37823087
33603727
27481062
13783457
50107305
45507231
36093329
33557385
19100662
30563649
14009429
18661474
19855578
50628181
41811154
33652837
9132574
15235288
27016326
41033936
16710633
42999134
24466226
21873963
33124176
32291286
38280490
43810029
45581046
35360810
38777965
26271712
26336517
22049568
40773083
23357696
39497575
5768937
36308679
35043997
24455991
38157795
13780180
50391886
36255794
20621347
19324934
50170165
46835408
44758068
25775416
36068244
21341862
14159949
38562863
32358645
46337208
14798430
30414964
5647819
23030147
8675730
44266116
40918172
45360182
16754034
4676731
36117906
23000422
4863734
34019737
44017978
21648579
29268169
12401144
8607341
17546824
19051782
27029963
44106454
44485381
51454768
22827037
24440327
43381730
25798638
15667882
26655294
36416203
22005859
26505248
27003483
30051993
32671460
35104629
37478643
39370632
40669741
44726080
45488463
47291231
47597398
28906006
32128504
41663916
45495365
17417962
5382791
21058214
15027408
31692615
43173301
50546543
37663943
38231877
23478871
20577060
25116696
40712432
34887734
12808696
28704985
21968886
24801123
14280341
25367009
27202409
35804033
5714267
41104509
23621659
47638974
38072737
22518596
16279346
29346040
17681118
8185026
13847687
20817785
7074325
18288608
6266320
26901645
35710957
24817208
38142518
20695561
14560800
27634403
26145812
46286296
19583070
37825918
22057071
24679141
25371755
26230837
13093290
47349656
36992142
28538273
45869915
24648778
40798119
22512419
27723602
30579181
34472607
33224493
30635949
22319934
46762822
6448498
16863503
30621800
39946669
38309770
31599410
20279828
23876379
25698019
14796256
21803648
19960909
29215120
43681161
14665780
18442188
35784027
46470406
18654179
37593072
24235636
45397957
17911004
37692328
8450688
37666246
32775974
37926524
34288123
7813470
49419089
25017516
35818701
42611060
45725430
43697931
23540264
5675996
37793119
51515973
18597941
19068059
37174490
24662462
29456391
18809148
6167417
31294550
30348252
29317564
7459133
28065043
34234785
35570339
30471764
47436863
47592768
26609955
37855279
33777815
43586571
15593165
13913296
18810172
14004110
41880460
47830621
12629808
15046343
23057313
37994452
45979676
41640213
15100859
13366169
31938319
7778636
21107650
46950413
28430215
18379529
21486023
52388349
8992076
5962164
33029409
25494793
18689019
8850751
36087401
8514708
37267459
22632054
41017411
38335072
18290590
28748317
36211384
47125779
6804792
27610212
29981992
21380456
22459128
26482692
47008865
31467086
35480800
46705145
6356113
41126126
44679475
14627245
13180293
44064153
22919507
45745338
26985604
35709998
7078199
19264713
24072204
24905342
32077984
32137134
40911945
45824167
45840494
4723855
50185458
22488732
35747321
22387004
38538214
41603994
18049545
9133734
14037590
17514896
18353896
22991741
23345846
40145758
47683572
50048321
20075181
20334429
43912392
50597481
29169460
8083826
21403110
47866193
32114942
30001872
22968742
26169538
44110422
13134495
17961050
25693766
36900998
42253298
43839988
21179322
50183781
25064545
19652656
13802244
15366245
39162942
26225204
39074939
17338480
27420357
28262492
18653124
43415427
23502948
32597736
27261138
24779949
27799707
22598552
24084309
20231579
22942368
42125262
46701771
50146386
43651024
43149843
7636714
21766869
22988144
23944838
17015440
42298424
33249503
16588447
6465262
37940579
38222936
8711199
40709259
37144729
21497138
36585830
46337262
30213946
23572298
15179465
40861877
33213840
31354972
6866641
15929375
28275891
43136950
39975025
46041980
6286040
23377604
28809855
8278083
24663345
7717522
7415050
21209670
28606635
22066436
23884497
28485727
13128256
42950418
25631989
19218139
13563203
26427535
43362629
28383406
13667071
28597725
31494701
34356453
24582471
5118882
28019477
47687229
46556268
21234228
30850643
13100381
15766047
25986571
30591942
19646709
6349981
18784068
43345231
43119712
23296583
5542796
32975836
45875306
41686922
47329059
40732067
44631028
25022310
16164552
30051035
19260177
29714137
31845582
46914269
42987416
36281910
20702215
7918509
5672553
21170730
34809276
12430920
22308568
46110819
44392820
8505415
43650880
23002489
33116422
32944520
6637820
27499641
15907466
31285741
41009196
50481798
38113395
32284195
28075922
20088926
23332240
41826962
46524771
41429387
4868242
22855359
16131493
20538227
28954679
32890529
8741942
14109712
38849596
40727090
28697182
24202175
44165083
44011657
5189053
29738352
25174118
14849158
15375230
39405806
35172051
51389081
41776411
36380402
5893448
40092878
24754869
13233958
45486933
15536934
12974327
13805998
33579873
14360703
5939774
36966095
47673422
20087289
26096951
43684196
26739099
41590139
25629303
47171490
43360383
15902043
20632396
47859068
18657051
34348627
19295039
28249734
28771609
6089266
33993731
24082364
15762261
33231901
21149254
44651181
46347327
5596423
16181183
18602412
22131467
22976411
24583788
31882009
35148674
37362888
39579187
45571596
12622950
22618734
34973518
13310261
14036644
16310714
21759059
22117172
29232349
30025921
30179294
38715607
15690140
23161925
39932745
15392132
33987746
22802941
17948625
47853605
18318657
29262492
47872027
36335373
20343724
22227646
24611675
43667634
8192362
15734823
6467404
43324462
46326175
6022140
15464822
24854288
25733193
27218679
29207709
29234070
29443706
31761271
32428640
35147050
36921500
37405830
39406164
40481798
43192694
45522622
46254653
47358188
50044730
21099497
23414386
34822392
39694179
41070686
41178220
29252420
50231297
19502038
16157100
43267015
36992130
25114004
33511902
15783957
31608074
44390382
18983896
18262061
20423713
36891561
49855440
21202231
42108411
32615520
30679844
31189036
21829098
39911257
14989144
36253818
39250997
34276150
45783653
18298293
39208137
15722348
37516069
7207529
42457703
15393266
24694475
27992770
29961563
30863200
37787493
37879607
39359461
40673247
42860870
14575748
13028567
25665362
8837450
24631851
49903092
20996362
17682393
6957034
27393584
35184614
25000718
37447689
22326462
4614377
34455696
40715872
24033789
38395598
8440136
31582656
25090442
42948209
33738618
19220633
39050526
14280068
46215101
20365587
14618706
24432366
19364333
33779440
37385391
38779812
5531323
22040386
13605392
22203833
26460534
28870795
34350638
32889675
14053197
40005074
36880634
32245780
23331423
42613614
8935662
20757350
42847012
42778871
42411414
22580881
22400940
13893199
29988373
14496847
25037355
44331295
28449866
18899362
23055334
50750646
32490306
21044846
4992090
21445622
35048049
27135015
32151281
37246363
47820213
42522878
46568276
36747736
5597123
18960695
20406635
5121848
7769079
46221924
40870488
24713959
24508465
18894087
22843725
18487668
22319067
22954950
8584944
36670544
7242831
26994737
18531836
37529411
50856314
30176030
26295666
30787035
31683133
22399922
6033258
4904430
9057120
28318447
30931909
14772123
31852896
16322894
18126414
31652446
4921690
5457875
12427486
14226324
13904625
34452120
20164415
36659099
42432605
24369028
26619376
31012890
43910008
22075439
46078398
44083870
42852529
47677487
18604416
34162802
29983450
15001848
40523220
50643135
46083123
22903742
18616339
14739510
20011875
18775297
47367054
24545699
19524495
21221244
45987753
50559766
25429630
46521673
43353939
23547558
29706619
40847329
37042316
32067206
36069353
34848596
20765662
9040391
23252409
21393265
41282112
30262851
39644086
16882692
43329451
45461430
20319182
30367994
15803985
34567448
18647974
23099137
36121767
35753173
25312860
39117992
30914665
7302628
15337226
29504250
41943858
27710081
38939505
24335985
24963628
43557841
21389250
45475363
36026825
19864019
22234153
50430851
40008636
50629368
33915483
19277273
14034112
15968196
13029246
13610695
5206554
27391174
41280834
43127603
15983492
18170368
40703937
13745799
13501226
50457438
50504528
27589189
6501767
14423522
42118847
5948947
31146493
19900339
23204647
6342045
36316872
43146333
42694456
37172570
22698179
24712307
39354613
44554141
43382503
33798889
7416652
16078057
7871341
45983358
25766591
14343597
17876786
15774331
29587437
5189235
42726717
51547024
17508396
6507431
20967770
4850794
37264016
38956853
20914882
7722822
35463409
29689585
38814112
32140474
27851333
43686760
18632254
32246220
30106198
36437535
14970835
43616985
14216237
33174915
7324101
31396730
20259590
17329907
41454482
50373913
51426488
42556396
14608625
36023608
46120866
44770970
21095655
40970099
23006089
51369751
40681905
15425235
24346195
34608204
18918990
49855148
40438727
29596224
6528769
5084836
32798502
26922109
45833265
23451312
33858975
41409579
14470659
22740691
46908067
32991230
21196092
41045928
27715663
28986142
13443044
27558203
26101626
36908196
43922115
39896714
35075202
5832338
33394855
35311399
21866580
7110790
4833578
22209868
14392571
29144117
28770764
32543848
32787397
29992737
44764540
20062612
34819784
18969473
6862139
46022587
15825957
42795317
5280423
40449066
39601932
20530417
14652296
19174779
14414097
34034741
15974011
36522490
8662419
34299659
26630010
27804991
40223990
27955323
8662375
27196697
21374594
23306394
26305195
31972018
32902373
41509696
46092689
16189537
19052640
21639635
34662441
26000611
8804429
47001862
17640953
25170555
38588451
13224973
25363741
5138705
27293188
35141706
29393839
22076508
36669001
34742212
44096470
36699641
42260521
27281112
22099960
9205032
7731286
15332102
20863749
5617025
5104764
5113079
19456074
16254436
31806450
30359430
15402263
15043465
43953603
51447433
43824289
12357828
21492316
45422596
27308695
7385481
45579161
14540339
50186143
30420496
30447058
22907776
30879055
34177131
50667005
17240620
24832862
28568188
51548557
39423546
4781104
13380425
19316220
23957759
22024128
37452147
36857261
34461250
40960951
7019615
34403184
21526060
37479284
17388523
46544915
28804778
30669687
20534850
32112247
36497495
36687571
16793967
29862986
36590785
6328555
45809964
8907718
19714680
14067159
14775525
25526287
14665550
9000593
18010517
25578381
38306562
38310163
34254172
6956704
7687300
21206843
40704490
15855768
6820915
31285772
31748796
18870770
46398919
31213129
31441246
34525207
47030869
29320662
38644252
17464882
41612043
49571710
24945328
15307221
22331288
15986116
20002711
22920977
20499642
18891285
12675496
40980915
5874824
6045312
13024213
14051224
16696307
18337780
21608263
5457580
43076047
18862156
28426386
34385748
21519456
42104804
44554100
15308078
31337722
39758713
19335562
45448546
42385009
26285836
36789723
28131651
36719395
40071132
30303029
36121208
4905982
23804104
42780369
14357037
15960009
42442629
29758751
14202643
44155903
24717698
28219553
19261342
42838225
6789958
40341385
29847771
31405451
46901994
16726419
26234889
5706504
31298103
15548077
44394149
6706442
35095761
36712408
50757285
39370705
34508163
25913771
29448773
24208581
21892106
26428487
47478596
14709709
14487413
24856069
43372217
42116224
12758060
31710720
14028947
30409990
22926236
40621015
35903131
36758420
39132946
16255061
27020159
19432213
5081591
23006246
33341633
44710149
30298825
14611672
13525934
20377204
44361593
36062281
14205621
40772622
18482073
24022712
34510915
30348858
34067316
23831470
17265906
27197800
18158260
21753316
45812920
18979997
7484696
18289381
8571357
23137138
15252032
40606227
23908766
4872785
14490724
24134643
25989170
37363673
45840997
46509314
47418758
7841223
8944016
50663665
7227283
32005769
20879353
15205772
50593450
36296085
27310128
30803136
14839079
33388707
34626573
21974466
45996952
15717180
23404936
6547439
8934362
18375671
41624216
40963502
45436061
4781387
6175890
13014716
35152187
45423954
28646335
44526690
35501020
15911701
24136177
8962935
35764515
14825916
19342301
20852273
40627257
45486851
34996307
38662759
16046585
9048157
25042294
37261559
6386712
43844427
42445262
25741028
46435738
35036139
18995020
37819371
5157781
6402731
14073165
20810355
43863757
29942119
26957248
31472882
24354963
18085133
30734168
40274748
35628342
15813391
5964275
29100678
29850573
51215203
9116555
23261988
19481335
29553193
28922660
15565695
32874623
14053442
14716777
13354608
17505415
32283322
12518476
32181465
5017811
13354262
8620944
32424301
7233076
50944046
35055058
26332954
4696724
15979223
20248453
38308617
43287564
25392336
39920640
27542728
13828837
6723347
8540170
45997077
20560491
32221480
19289390
4974928
12650966
24160521
36814604
34342174
26086286
50595480
5085016
5918364
12777387
19109179
13366134
15870496
20465970
7360336
39376413
19070981
40781302
45604319
31806136
31702753
37546269
19490886
21995825
43950035
12674249
44308421
20884487
18528208
5205194
26495956
49848315
5810482
6331766
46994970
19067157
5640697
44294180
47872715
32858959
34450657
44735829
8841917
44628091
18104586
6101387
27797065
45225279
50602533
26112851
40278788
26905044
7434107
7099681
5556477
42778629
45952618
50356578
43653393
28791392
19407668
7371426
14175468
15213991
46351754
31367014
27117491
6734157
19725999
12848346
24265261
20581254
44652118
32406708
42272179
20006286
32759920
19072281
4811003
20764233
28984948
19856922
52314179
21924288
20336376
27684662
22515511
50735868
25466365
15682239
31548394
13445224
20076752
25445834
34984529
18405374
45631603
45374973
31915633
19205095
13852845
43768466
44679173
28251119
49957790
8222791
23307280
18664330
44974813
5606187
34391994
34445375
45440447
25624393
30236483
7567964
23352981
10671725
30716641
32772034
45372677
19692180
52395603
12398376
19223502
8773148
19908127
41524653
25312847
43539717
29159253
13540354
26248433
30823242
35575036
33602115
26218412
37124730
24699873
39495658
18699666
9059394
20967048
47538415
42990253
7155862
5121851
15121471
44640726
39262361
15291550
26690555
4944583
6225373
12438604
32013770
12544432
13384707
18587612
42569339
23886715
8851798
37667798
23701041
44954578
8816291
18832835
29840115
7232225
36799625
19709509
32071711
14691839
24509721
51110063
22242654
24932228
19984147
31528300
38177386
7658464
40690067
4830820
25295182
17754452
52240317
43640437
42186580
24463851
31903843
39683538
40223628
42851162
31803205
41582103
39020992
37956580
36992915
4754492
13147712
47602271
28668869
17660958
20932396
44410507
20131375
28599710
20467371
51249996
23576455
6810959
46568989
5841033
15317230
39609057
19503754
13305385
24505515
21606698
8012326
5207346
42670787
40305988
15705091
21757385
18878479
16568111
15988227
26478774
27356567
13408945
36203615
26892657
47044051
40528627
33287988
33227616
33905257
21176843
14599627
25638734
6994689
12401072
14814182
19206273
45932892
19330077
37485224
32933032
21982841
23028153
13288581
36079302
36249532
35981121
29609604
38253988
40463470
13334203
18962149
23214829
22528844
8815459
35418534
13903856
47844233
38762037
13332048
13696350
34456412
29561088
7043777
27531695
50531106
44330827
20954488
18003747
35990891
5091076
39087028
24532074
42747731
35337186
12685819
25715904
24690501
43080178
46034456
5322099
18596493
50115008
44646054
16007981
19485259
13967793
14332787
17666324
17912078
15269773
16163440
8650824
35340987
7456016
30406481
38914404
32777064
34630814
51820202
8179990
13591974
36121688
18982548
28324152
18453472
25689147
47902500
15175327
12431115
22861089
26027045
43178912
45634572
29333810
8809502
19594662
16103187
5097378
19435393
19632163
46023520
41771667
32784324
38608922
28451773
22285320
31055465
43827293
17297143
21555873
13502618
31627389
40933842
50507069
34849497
20350114
39548890
15870722
17735703
45564160
22887001
18130903
18129693
20559627
18588086
17618732
8364691
15909027
34215876
14985713
14325055
9121670
20012978
4746022
34117183
45455926
13981399
17630164
27184282
24678802
42591117
25664706
21469385
51297774
19624331
50701116
34121251
21720578
40065330
30855776
35082346
33370775
26030262
31968201
26234823
23806991
30502215
43808182
37269444
9008324
50127298
36575850
28784241
50494764
29100323
21342255
28524843
20351308
18549451
27276773
4877871
14617035
44079305
20267695
35059953
25386420
21411982
31111634
51527481
22904411
21138268
21985515
42988079
4863697
38809374
17518955
26662259
7069468
15808795
16344879
44603784
34492795
41147985
6581362
6311801
34537594
17979208
25746711
30925482
20285564
26453528
14841021
35922436
24136258
41496793
50143254
50239556
46605334
26254559
41112658
29365593
31239971
36581652
18700119
35191705
23252057
40756637
20119811
23625847
22480893
21669989
43805050
28657132
20161820
41090877
15975375
30677673
30451164
47352430
26202430
5039843
29288721
8848279
5655667
14044564
13743282
34094563
22390296
39499394
30148770
43074721
7618704
15283555
33126705
23061202
18628874
19226015
37491756
31168409
31559518
4587224
13232337
23344153
38119565
19028440
34039014
41039434
39923458
32021313
12461962
7022725
43839215
44743943
37428660
29252062
44779943
46447048
36078561
31157111
8408268
15469006
16779101
21064092
21866659
32607220
38449995
39264978
40638739
43295311
46144311
30942786
38923383
42929934
34267253
27488520
39492234
23215514
26300175
30596108
8740972
52074919
35150685
10950045
39618752
43688293
18411136
24706272
21082574
21607433
21301860
15204977
17336498
21903224
8204410
7266512
18831374
39289592
39048578
23561011
30207747
26808971
37735160
14566144
9141534
19146784
43065551
36939442
25458102
47622481
49547423
19292997
43075057
39291634
13385826
17787093
51050716
51070231
35510278
14950713
39707772
28487615
50454727
22149141
20601291
26130258
16914632
31748651
51502580
51506762
21479228
14557049
5993809
47357249
29926543
15199301
47905139
22113010
40303799
33402983
37217803
17299600
37325145
46952012
14764052
30823870
13965249
35433648
38137645
8415631
18269611
33263662
12618545
20235047
34293021
37973701
17662316
42221442
15111402
46205711
44738779
36589585
24077636
34029206
42958469
29912921
40012991
13415608
20682863
8799556
28560909
45527469
36930557
21875053
42262472
37156259
38169089
6297918
8356183
8880499
19327297
26351216
16596854
13596463
13751108
17487162
15909096
43133902
44590106
36337456
44120362
13850888
19877638
46681630
36343199
45917294
5519960
28848298
6060336
8070298
8714849
44359607
40350863
21373680
14600742
31348579
14418159
18219486
20400814
32244734
34160289
41523123
39590670
24231555
7871175
7687033
8580640
46812135
34159330
29643907
43771925
38385536
19518830
15639808
22984795
25628031
37182494
50202049
22567476
25014249
46933297
7726850
33122086
43770449
40981682
14475650
34681212
20896544
15700520
50663668
32406133
13735083
5961127
43800815
6995588
25232306
13638598
21602290
9083440
21674886
23128476
29697304
33151174
25814663
47079743
31345943
5140615
42408530
5987994
13599514
27885444
51498763
7715581
51124163
14560640
29515032
30384936
15830528
17514438
46918133
32587133
12506026
23401817
49866624
5076153
21520609
7285019
25589901
40012262
13072970
32352550
4825888
43541398
44303718
28467110
23186338
50838413
8242530
20389893
36115782
16960116
13224163
20291574
36748417
51955821
49907638
15247040
38850410
22630047
26801409
14858837
40240307
25102452
27375903
22833019
22035934
8268765
22003742
22728190
5707742
32550973
8796229
49878543
43352117
5784105
13032082
42539946
16311974
30427706
24661778
8539244
7746387
15924732
36257182
18842046
14327757
41804635
15939787
39762056
5861187
18699625
23427571
20794436
23671771
29922038
33392081
50534357
44498277
17989321
32014763
30122195
42374557
45856098
31071424
42320594
16260549
23810459
8912735
43038379
30830125
11104872
29529826
13711266
36994593
46830787
6768158
46180415
21366608
40631844
29274132
44932027
12752126
18877650
19617168
9056874
17606986
32654749
28274584
43126636
34658906
19549392
43041806
8702572
40998383
33256195
33440257
31377431
29532220
29547161
51483822
32216956
17560349
39861283
29316823
23496605
46848465
50601615
35222939
51849594
19997182
48495190
21518699
24994868
41547640
13148639
41277761
44528260
32217622
42823833
35453296
50435105
19680173
22990535
37377597
38052002
30552550
18629891
6544160
25179880
18939926
14378933
33240367
39263438
32544401
14025583
24150502
7537374
5669060
16430761
30220257
36793166
27332445
25045328
14437508
14233270
50774246
51040292
26114425
34949545
30608228
51537741
17611199
18710005
16469572
23142588
44073952
37152750
18449617
46041421
18757402
13675138
42214792
14790184
27507863
43663191
24094510
40870080
14700510
50449101
16116718
19199927
23566292
17770609
7111808
6551121
22500959
14298421
44160550
35578916
35759708
45594746
21086893
25905386
8772472
27468857
18324007
30213402
20640668
42779974
21887962
40839321
18599874
24148171
27830378
31757291
46919942
29498470
51398411
19335534
29946219
18541760
28334205
43593382
15070423
5615659
6962874
27492425
28297458
25357361
50211002
20536942
14719385
20224800
43852168
45644189
43778987
26137167
15350474
6083184
20816751
46223216
36381812
34095066
44774388
23795257
20315039
24917616
7111402
40734417
35867364
18719270
25742718
22502850
23415819
19956825
22705555
41281051
21845723
25413385
35038354
38665873
19845726
35288441
18659039
22743776
43700033
28492626
29110248
24474473
41779370
18732958
8367760
39738142
28495743
36544088
35894206
19261804
38623659
17657179
20971864
18261675
39330429
41547206
50417179
50943540
38035038
34301271
29986878
4576863
26157242
40415765
20826964
51008361
29151167
36724365
15581026
5834537
24005166
7332703
26450707
13973932
9169045
18698843
20870579
34598041
49969533
47036888
15621986
30781242
18434855
26485792
40334385
39770413
21262411
8919182
51749924
19599007
29634875
46146256
12587044
13982876
32680909
46232895
37980116
19321629
36217133
43138571
15474966
43270496
29838048
16214651
15383756
30238321
15267250
31837960
25230481
34702141
36097297
20046492
22426654
25873942
32009133
8418833
51515860
34175532
14761300
23153719
32865648
5769443
35922207
12674167
45560993
7301519
47392274
32067114
31841909
44507325
35577411
8769111
21202435
7164078
36946039
34830978
30995612
17112728
7427161
42415696
41652000
45653456
44031320
37655389
29226986
32522334
25417095
40667799
39322937
26668357
22009576
28512245
15750597
35256620
9169152
13586869
30455553
27720693
30381063
33588139
41790284
14440571
20492903
16483160
27164232
43818069
20642063
25704035
8406226
4608803
15432086
47299409
22354746
24641360
5580639
12584098
34500586
20372828
16112826
36762561
37006634
19274348
5324037
5353901
29118365
33637729
41356603
14058906
31861070
17938330
16101428
29629459
22543706
27259608
20707590
41155076
6864213
44179698
30512714
25665274
23766631
18540931
39179174
24837820
21026267
9108893
26480505
22811719
26467986
25553393
20831586
39494750
50643534
47375916
32210440
46568766
4956279
33992606
21311247
40754293
5291641
46847299
50802542
46735038
49771933
20501800
8365445
7653227
32812797
8812490
7240556
23488317
25609084
31413717
33825813
37865219
34854345
22273687
13010770
26898504
8617762
39958607
33247166
6599866
31567363
37267993
31282184
44192192
32371136
8101475
37049548
26292198
19232003
18850777
8514928
28888332
17207699
19872325
36566726
18226533
26235558
38763529
21483425
29128604
40389938
15011842
14475151
24519344
9165859
39503302
28697876
18886220
30247476
19005469
30929214
23164451
25277476
19254085
24042277
7804890
19658845
30589985
9513499
12427442
31226713
32334448
45212999
46181473
46240859
32131413
41830600
44562249
18731242
43411211
33712747
46734456
18284338
43781114
34048687
20147463
42099564
31117191
35021173
15359924
14897821
30387874
12789272
29478631
23106476
15152048
46188268
40079743
6450201
29244968
17539055
14559116
46283151
14017443
4654482
43946287
15149607
13082150
20804508
40845217
21898364
17881498
41378883
20874022
6166430
38329377
34091896
18978517
23426510
24963729
17390744
30034733
31946421
38835993
17797439
23157772
24034090
20349778
13423421
18678734
29650771
12405416
37738396
23013481
25383112
14346119
23626444
27830617
21763715
8951669
23761102
14803136
16825235
7682635
31186372
50200098
13083501
19874770
15339036
31641206
47118714
39148057
19183927
31763743
19462363
45494529
35717523
20254076
28681257
26904589
21948934
13238909
24462396
18262652
34601425
30382385
25162453
43977948
27223775
27576359
17348153
51742092
18117425
9820275
37533574
16375023
50537357
22629924
5348049
42239516
12413550
21852861
22571604
6290096
35765407
17419945
21994986
43583071
28841126
26120626
26179877
13306431
41280755
15226997
45066117
43072531
30356508
17433692
15280181
50482461
43021490
45747054
51332985
21616233
8002204
22414436
33111191
22209925
40912696
24381186
34776022
27464081
34171507
37172699
30252559
16456616
14272999
32956600
5805876
9171326
7010677
26579616
23066690
37933194
20736552
27007174
14983944
17698284
17971301
6929674
21928360
8267295
43163386
14846305
25606470
28573126
20657859
44820614
34236755
8052228
50188898
16578705
41312903
34315094
14808732
27974643
22088358
26486034
51287554
46324777
34312367
52281306
30511319
6880294
5259289
34161454
22612130
21941199
4810786
14484613
44176870
6073907
24628992
30416292
9074037
5072151
34052504
25410083
30677431
24119774
18954924
21160890
8609524
46355470
20683086
12507015
12642047
30661710
23857973
38872693
42759261
8922330
38672470
25363735
31153803
33717286
32734986
34790285
4873206
51004057
45617796
34297761
19978596
42954112
21241846
33804057
38364566
35823206
34479883
13007440
41209221
18589641
6338875
29432038
39535601
17510702
15167228
37714451
35712744
30143310
15122498
20292004
40233838
46018996
32006815
29198247
14192882
47418460
17640287
9181822
18315980
20977220
5933246
8900096
36659890
8863208
43008430
21651007
13718093
44045596
28660554
27087536
13963172
25900847
30373026
30456945
6442196
47415510
38193116
15195697
50116268
42973810
36616219
37966045
21005353
14678550
19980211
14326123
16470653
23339409
51792235
24644134
47792526
31847728
20101794
47027774
21617892
25046764
27655376
30532412
42979458
21156951
32440534
21786372
4667492
6466845
23069923
45480119
22177274
21286853
31515941
50427961
7779946
7546277
18289824
5203702
26975011
45478935
46962282
18346580
35088525
9000828
15981224
35689386
34279506
21857806
7212549
19484879
36856177
30607031
34991325
7677442
23600073
33422627
34169789
22645855
25398984
32606724
32160410
33857420
25790545
51060247
51773200
21511077
29312663
7803392
44773616
6949931
19555694
22007097
16890018
42721706
26281664
19462370
22806808
43320651
23898983
17076858
38816342
18554861
22811279
50738290
19090050
33491120
27604451
14219300
15769239
32920767
19085752
21391754
16908497
46549313
28455298
33527660
41420575
36822729
46517586
28995152
32815231
16763129
6747204
19658945
39837197
33383357
29861123
22188848
20025698
25447176
29420957
34338671
41394735
40772006
24522841
31744746
8032662
18538122
29098489
33584372
23246330
5332994
34887134
13869929
6945178
26039240
20686397
23226792
53442061
25986798
26413394
46317284
31304128
44570502
40437483
21893551
33268337
25537748
44648596
28246702
6957103
20229317
50510626
24103165
43034248
35192584
40543744
4948595
28779984
34494507
7534811
7634939
13508018
32864950
20615950
7429300
29888100
25891918
19769554
14559829
34102703
16337987
23455447
15991387
27361848
24640566
51639434
34360210
5382066
38817360
23029029
18338493
5332469
29223750
16695336
21212488
27293279
8053057
15585120
39167045
17945863
33399555
35024044
7110391
30328906
7153971
17309295
51523352
15964847
20763074
33505424
25941251
22783460
26022492
28532405
37058185
14369867
44734559
18380028
46248351
15612631
21781540
20641510
44486125
5917845
7003294
36862294
21630568
28700311
6797397
26646378
7589298
32415090
36924086
24345649
21934467
6407786
43088095
14481418
19259357
20748013
38481722
30173727
42819177
17981834
46275306
36758031
27327356
12499017
22395213
25139878
20878213
23941797
14487896
39836477
26383373
30096111
6493231
33380727
37766994
17770716
16083785
19006427
5140697
18306411
15579911
13307289
4999592
19276233
35141791
35506065
22068481
51119388
41093636
34661973
34513360
24720909
17782862
28756661
25282453
24168548
35371253
18809550
17977954
6669487
14922872
41085622
24417205
8042687
22555600
22959653
45258326
51015046
37820162
19237475
13707770
45473013
38574437
34799502
44879604
30404084
15043757
24678010
14620770
40822510
26102870
50543631
22033845
18148468
8829728
21653476
14213544
50892326
13708847
35293549
17249030
40528488
42716573
13705963
20006066
16141229
32444762
33698396
39664613
5900608
28938849
38059570
47851308
21570768
29901018
31782672
8759067
23072452
44041282
47609663
12395904
15806341
26137858
19333282
31429230
19632034
35792522
28865219
47610461
21553112
23766100
25227949
29592011
34466317
4793083
6376527
13988443
22538834
36853830
39208039
40526182
12462911
24053653
15263028
36624981
8308934
30088250
22244112
36615478
21318762
38165794
17228009
44780992
43294601
32625881
29575973
5052868
21913123
14128241
26778683
13727091
20577999
51494701
5152513
18482029
18874034
31620656
15207469
14979901
23806840
32245127
19936122
5346054
23711741
36451697
34528423
12615130
15087476
34812251
6565563
29070582
37874904
9133501
24013859
20027976
29248173
43009998
7118537
38506314
18116690
30574751
7702807
42408066
24888044
36419043
27724918
33628052
49944112
16011126
5754966
36597338
13995483
7014591
20758870
36575589
50819959
36339552
24919683
13785443
37442339
9024742
15008823
28989739
32030270
32534034
40537241
43550374
7091485
8908070
45546598
42436396
47376987
6656038
21614989
39473450
43983546
33599602
8121044
24853949
40334903
14625187
32187717
23242516
12816868
5422567
20555399
31601163
17823065
7668878
7778168
20141114
8847924
18629631
14556788
15901425
21425670
34557270
49830769
20529675
6057172
40929616
14483680
52194221
51217167
14701427
46319725
40848139
40646320
26435313
19448735
27364091
46087229
50705310
44498346
39885156
34464401
24476003
44403715
17960776
45371995
6460970
19544909
43996951
27552841
31049575
28357195
23030713
51626676
20212035
23785440
21695165
31598992
21372018
18400169
16695977
4857429
18680440
43674784
18105465
28518723
5928546
21308351
38870384
39556099
36556256
48443206
39212585
7084991
39411690
7405170
14911534
23432686
12419265
13796049
39167899
34327801
24002907
42785050
27898526
39200591
37425368
51186605
6896662
34638741
44264979
50040068
29391948
28963309
18893298
32619133
4615423
5698261
36933049
17340821
22997811
36664735
9203577
14285122
7394837
12071566
9157965
14223123
30869332
16579855
4646292
19745261
21156143
32867027
50770090
50611618
6150553
18249759
36789406
25707296
41376059
18114177
38869847
37602233
13434945
6829014
52239381
47031227
38232364
14283800
6327899
4937188
28271251
23405122
24806680
46550689
32130801
16894114
23025532
23253097
5126868
37334045
7022103
24850694
23127301
46489550
38505243
24391575
24849305
6596310
46118720
21832205
51080086
5848800
19971895
50834005
25390715
50682954
47397766
19431246
31518033
31800500
23013048
29627473
40146411
5190680
18304909
51110500
53553214
17197548
30197823
44825238
15649519
15656795
7544970
12862678
21123722
20051487
35865746
47657893
14755783
41028225
14159961
28895513
18394618
39171619
22181610
43784338
35807840
24999357
20380387
26932631
18822465
38874094
8971552
44018386
32750807
21794876
8073056
40144093
33319944
33473719
18903945
47112622
31944919
43096341
7090583
28668593
30354695
47281433
32313912
31447341
19294568
39950366
5212127
29924498
18627604
40886674
12632789
26034343
31183215
13373589
24727192
9065602
24307126
39240084
5473558
31880243
29864877
25588312
32115027
25342994
6417095
18886283
6047857
36345838
24986028
6868711
36442828
37948619
29593340
32577146
20269743
34571897
21437369
35590015
41496438
25235731
37388862
35547474
5294198
19950799
18934481
26720567
43848021
27034748
29941720
41240210
35135643
41071409
43901073
51219325
31747131
6910042
43166405
4727691
17272667
35164989
12478785
34013975
19547205
6432976
24448608
18209848
44294133
40994720
20168873
50136767
8123696
24903130
31348705
20068647
34447279
29199748
21313091
14290482
7834531
31331215
22099108
37905849
31593139
41403780
13022249
16628069
19520916
42235636
39310254
29766636
19865137
25458426
31869351
5841747
38904571
15259814
32720189
17975206
51636764
34682082
14861721
19781219
13445409
18832204
30285313
45513015
51389543
44669616
17087373
32714254
19904681
30813242
26129863
19546935
29910169
20157334
25309612
31560404
48638086
31494286
22955516
37197178
50664036
49795678
24892348
35010715
23202985
22543920
26180637
46952354
49837143
12438934
19472294
7176788
12851953
47857500
16524098
22673190
25314421
7292264
30791348
31584368
36936721
31010751
6724732
24467790
26298742
22791660
18671370
4792982
27757550
25248234
44628223
20894204
36113929
50035387
44096282
25550980
47173463
24958602
46437931
50428130
6461181
12771833
39623207
37715491
40268676
26261580
47058188
21859474
25488488
7559491
20383689
18579152
30683475
8320366
44945954
29685021
31063395
7757647
36511504
26986236
46804379
37417759
24216303
4790268
29389431
5763257
43835542
13670668
24453144
32156681
32038064
39549380
22571236
25172594
15007422
51287051
44086377
27848106
33954018
39483224
46209798
50219645
38849247
5326152
18934745
6778013
24698308
26166858
27635807
18118512
38575831
12139308
8648722
51896247
32024119
38744164
29439653
43820171
51822781
4572019
23173473
8345791
22133512
15600463
22015536
36316247
15179747
14251777
9138634
18225474
32994663
51064620
34147150
15985029
16381743
52082760
43049151
50922438
14280331
8855838
13461331
18470478
29152609
46295648
22333201
40802862
51464865
6110566
14513984
41842551
30350947
5129450
24218072
22806369
14851379
36727592
46333998
46874512
19974025
34998833
4842114
32716589
39074949
21221372
15857464
43858910
49975619
13851617
40955946
32686759
26994052
41550907
43569695
50443694
24494843
14743276
50652271
24830541
21101885
39435918
36597106
32574884
23941853
14761894
26112188
28721918
29774016
43571162
34092264
23359449
15920177
5244382
41397070
16916209
42616020
8293420
31431743
22190180
14399963
30256153
44367634
12608146
47321325
8279183
15553057
14726035
39405416
16439501
16803781
46867547
33327826
31884016
43026356
13159892
6878039
4815194
18370280
19476969
43762877
18101083
34098151
44648869
5961595
24784237
15961508
50737665
46008459
17559152
36163060
40783224
45595993
42823789
13998248
40508445
33940220
28005689
50542594
8688042
14590601
29621485
8255222
32786464
46217023
23877693
37210533
44709581
50368742
28509226
19792372
25715106
30794590
43982836
20381731
9099148
13453716
12806711
14453097
5391688
43714494
43091516
42490165
21658208
31032283
51318005
28009057
38572322
28739279
21078549
21453769
35334091
27397401
33156151
20363699
52159003
34093005
13369637
17329329
5316262
18664144
20587198
43232309
50220562
32405059
50161837
19639263
17659777
35821805
50864149
12444275
30291533
50538900
51911173
6897485
7495924
16442275
19041192
21216314
24472094
29306789
32050188
37751902
38392975
43532831
46876588
47466473
49737445
49882235
50661190
50822114
46965282
47551597
26174131
25579129
30036769
17588504
31031790
32861523
40514948
27200137
33599279
42251463
22206965
45525113
21306808
26642530
23671749
17905930
46928984
7369836
28911096
46300335
15756252
23552117
40200396
8452347
22247859
21024772
36691253
23421335
7507102
31827037
24235715
8008852
38666312
39200597
6050081
36737981
19983544
15678893
19299588
49933245
46142662
36653953
51041005
18520712
35156739
7253729
16321949
31945843
20263306
4893328
24349528
46763346
26047946
19855731
16468991
46693509
6658300
18300125
20148317
35017708
17645803
14047373
43539931
9070993
42115740
31544655
18405670
25641480
4830870
24647430
14627129
15954238
50652161
23577670
9035267
24052086
6467800
18616665
15814085
15497765
8166202
15004051
26696860
12637011
22840625
30047928
33003827
22890714
29994854
18788818
21436041
36004403
31820726
41638093
42945806
18244402
16004177
41408216
13401958
14344279
22978459
14239557
14278060
36602896
8553906
25074064
49525205
51135457
33791340
51361278
28678348
34101044
18423652
15448225
19220926
39158594
5063062
26579475
35069421
21489319
18358540
37847620
26551018
35507469
51604475
13635130
7380348
44147003
5515175
18145860
49945296
6829554
37922562
7929077
51517192
30077051
33317371
26435392
34843123
35318025
38088231
22280966
51268651
15552997
33237631
19032395
34107192
30550294
24748212
36275491
36799217
35131333
16209697
7994215
26009433
31673511
35382374
30662845
20780843
22711879
39915878
27794209
50517854
7531609
47002092
18157509
17764706
38495903
23713243
30556285
39820172
34701569
21438815
50108696
18170795
17385139
15103234
28244805
27069573
25541386
14900271
6893084
13358620
39436147
50661981
34408789
24713187
23476552
29260664
43724776
23001594
16877078
47348537
22481299
26011575
29497684
37645220
18743196
30832849
37791109
10523791
15267882
37482243
36879884
40044429
38209745
40048258
6298497
28964013
18665878
21513138
21342943
6411204
42088760
50207022
15604547
34706018
44069308
41189266
29557001
31113487
13826211
24022784
25434371
19867032
36810319
26581039
25687652
47311278
22891006
25181601
46901548
28369187
6647056
46501115
7911569
16046830
18102952
8349809
41643034
21510562
29441783
15083630
9098388
4686200
41020072
4653452
32082292
19214884
7272305
21768584
34597614
21403927
14307120
36039212
29732471
8285588
19582781
32075763
37682633
6681102
12572753
18584144
20788018
7672268
17070967
8005616
25184850
28416182
18174279
7411305
20581408
14372361
23887903
25092198
39776649
30148626
22588707
14236707
4875660
32378129
23184368
42764721
27677386
29062461
22412517
44321569
28801096
37715645
14771595
6666314
8626800
27552527
35509072
18792557
16094881
32047753
20854010
36316238
22803013
43966431
51593118
21582184
24507133
36282387
30211605
51271991
21148026
20561192
34204984
14831753
7674489
45545851
34029982
30308269
23888239
27640730
36936087
21206387
27260060
16786418
38310778
34413325
8784539
27314252
39779165
15085446
8500112
46347243
27231578
51094431
9141961
45833234
21209067
42209715
8674929
38160837
31003126
5710786
37387147
19271263
30587390
23592169
28994822
50128482
13370410
20925095
33994551
6914579
6704199
20928903
36634667
5190485
16025957
40960837
25021986
7525779
13553694
17875403
27573996
29552430
32640955
19807250
19200530
34060446
51288066
30068970
6296668
19804250
4895744
25062601
30826729
29556495
25155265
37642675
30282335
15794287
17939768
27146432
36231500
7469387
25292038
20819984
40306387
45869325
44716033
5865742
23092700
28402415
5945419
13762927
31648284
20148013
22693146
37114039
20784779
36757311
20974987
50210220
13748303
50511738
33660524
43619822
21604464
22160162
32354215
14079772
29079328
19202139
40605916
34836322
10154393
5363028
50218052
23378698
14669691
42104811
15044386
37396990
46159711
22243838
27003932
41133556
36278988
30339257
7262353
24647980
21385590
28357497
15473169
50895376
16468096
7789254
32525335
30871773
46745329
28995061
39411049
26210366
13752852
19437290
28437758
21406975
20135971
27461285
23846277
22187780
42903416
17281112
31819997
28100455
21972694
28725352
42240757
44681017
13773973
34987932
21865989
34550443
41419331
28717834
24881758
22929554
23354784
14327125
35346548
35608073
49264541
41956933
37834475
32426041
32759776
21305721
20658886
17617108
18238053
16772378
14107544
20356759
4686319
6268076
28661452
27603018
6795408
8249934
13965308
14076715
28876522
28950344
31302369
45547968
26100699
14566612
33504845
22357108
13085669
13526516
20675662
6548291
19236681
37350020
18146843
40384867
9126797
22669279
26134449
41812922
45964807
23845454
8805579
16847179
45654286
8158492
7777269
30734149
14667294
21231850
14570882
49970124
26694005
32167674
15468595
7865124
26428289
29145283
22308706
6022146
36663930
28295447
34840337
25326096
26710394
5518323
47797584
37662134
13572882
6246798
11258085
25847798
8251829
35154282
42485038
30349977
8371087
15095543
43130679
13890604
35259582
4977718
6626620
39403387
43987024
22448877
26899006
32111511
22343075
4861881
22056967
31566363
7804457
22319802
50100698
15830582
21752389
19079026
22531470
34953965
25573524
43599474
40782970
40718369
22936500
27848600
28697445
46250170
37746438
13739836
19938390
22697820
4724678
28281948
46340268
32762506
45615798
31523446
20240253
46175542
30822610
30038462
18140843
22038922
20277607
