17267191
46935584
42804447
22988301
13029494
34550330
27423291
43635134
43006976
5203406
50620540
31269433
35736652
36719942
49828925
14211999
38135094
45472403
28138393
32686637
25629410
7426438
46685350
26226463
41519871
36639885
14700623
46369651
31137797
47342414
22483787
6611113
36451518
27576701
40766696
40816447
23138982
28264254
24164696
50157834
31706808
24336054
12784566
7281030
51522187
37807247
29992689
44309728
50858818
51640317
36680785
44182446
26241223
23072317
15406197
21003896
33010604
6814415
22422457
43038976
37988504
7812135
22490745
17667675
8571357
45856039
22556797
14204245
18632477
16471498
8989082
26491755
29611881
51636114
7876786
46436470
46587983
51351602
35441684
34536365
17470512
18830567
40956288
33846359
50778223
15659839
50121096
23690900
40883925
51289021
22017219
17693885
13820063
7452859
19139159
36098915
32402376
37374333
6744593
7301195
34706602
49980623
17099107
51045042
51782983
26087341
16780043
18973893
51490617
42156792
7858033
36651738
47550290
18944214
36087401
8878633
46503298
29030665
4725869
30315240
37764886
7589496
24724465
12738092
44337999
7111424
13520647
45375447
7811104
14167686
50960926
43326193
30140225
47144883
43858935
17480791
33946874
46894709
31287478
31238142
43771130
38197182
7452545
28552370
39590597
23963694
47069196
5013020
13856455
32269229
44199986
50550210
50491594
48640640
19220740
40413820
17613385
50596008
45435483
32486109
27754437
37306603
47689136
18607526
30972684
42967721
18633859
30256118
7941974
50069175
8256246
6659864
18276035
40920779
7626872
31271173
33688836
17410485
17556387
41265914
46589629
38546272
20604753
13387042
20620398
14408427
45779975
47314809
43230729
22160039
6789678
36880807
46750265
25197579
42847257
38994621
14976285
14216136
40825592
6678657
35364241
22338686
27607844
19408871
18516848
46975941
41780190
5316029
15259509
46070723
45263437
22298926
30963932
37868115
47092460
46223297
36848455
46404143
43968341
47114790
15175311
16201978
19376918
44404215
18711331
34546221
31219573
5691654
22425777
35567838
34331779
15584884
45566211
42773618
14271607
29605903
51617314
47059614
19543460
43260502
24686197
33207506
6706084
32010959
50589992
50278694
42207274
38793959
13964152
18187643
36168828
5372569
18300100
16537870
25445834
7970901
25683939
46813279
23617195
40645431
42735275
46468269
16061721
52113296
13017216
24373257
33775758
46812358
12504443
44613621
40672248
28306465
46863174
44447641
24807180
13733053
45420093
45632961
15910680
8068837
31262399
32933179
7926746
44666359
20610772
46757597
26210847
24661419
16924619
6846123
9088824
47786871
26841939
39903374
7887445
15175836
37222653
20361349
24027631
37207043
26421000
12739833
36170170
17715412
31720374
6019548
34099970
18939373
19071062
30614891
7550861
30474346
25785186
29729377
42989320
36701463
34366682
28534526
12499284
6247929
44079622
20826971
5765051
51369361
30720216
43930733
32641495
44409423
45637868
40817999
27787452
50136685
14463150
25500922
30606814
28699874
6211914
46209179
19675392
34211610
36953752
23907830
29167132
13932010
29344642
16336862
38352800
38566752
31276162
30692200
36308890
9143366
18436171
21179922
51229962
43797652
35742636
20476912
46836291
43928091
32612096
34792924
25097193
40718156
50067306
33915637
37478241
37240463
49945915
23646440
5631477
39494716
15963572
26072224
46354226
46446244
22860734
37990229
23344536
22326044
15717613
22243823
15964599
46831123
46943382
22561717
7918638
45520328
31939296
31080362
21880758
25862937
42723686
25578299
50153408
13926023
46708975
31703098
20657859
42045928
41757856
29990688
18667751
31982797
8337019
34360182
19749854
47407206
4767344
50650508
19283208
29423807
31089297
19712161
6977514
50135915
29482024
50091437
22136776
6526155
12674302
23407113
6627321
34667580
15642608
49383972
46147569
8812490
34338904
16079635
23041112
18896575
47353416
24691896
6906162
25617434
28278093
46502305
28704319
41901766
32325542
28902032
18989447
50714845
8270345
47024341
50625108
13064387
29171333
30552669
16116822
33798569
51395625
43771485
50875575
24387337
29370943
18359623
19126530
28425519
18643617
5829394
46826860
25049557
15115398
46851650
16833196
43845771
9112729
36970412
23096768
33012344
13015501
46038594
25252491
17710954
37433024
6450367
19442889
27064342
5936331
20550457
31847363
27246510
44666208
20677003
18076465
35459522
13571940
42940229
47673381
31359153
31431658
22427923
40543018
46765103
37687829
5934084
26300373
47593393
35214343
13955199
14768745
18500662
28649564
40566357
14022956
50342635
46130438
27226008
43700746
23980109
43773471
41604116
39598923
23234059
15734926
36733140
14359653
29207068
30997817
42198578
15198829
43983518
27798105
47557648
34039318
7729954
39157064
39741334
52155651
37899729
4814550
46244371
31561158
25689675
35686088
37921095
4954724
40864023
14549440
7324101
20352241
6050439
42302191
17988677
30779982
46450884
50806498
43630255
8280892
50626041
36996933
47527482
44864483
35888868
7232225
35405669
7152117
41525850
29823929
34003881
26142806
5382791
28786261
47352873
36985985
8324764
12400242
44177681
45584191
45608249
31094738
14022177
16075918
29174345
41310377
19281147
32240964
37879039
5305137
20387078
8660729
43686870
37631525
32403824
33231901
6901723
40115444
45628506
23110362
36430545
8861471
13010770
46302101
37715396
45549595
46705145
40439207
5656041
37188526
9061571
22829415
44657000
51937553
43303350
28137108
32071368
21990840
42647819
5628838
49904549
9060434
22405555
26268866
16393511
30311580
40517967
42873317
34233331
20907559
35734091
35237525
37059696
47673083
19103012
12470190
37829348
31535570
47841921
24625841
30575794
24699373
13370410
31383959
23353901
51971312
18688262
32679200
33741407
44182289
28678498
18412302
39414307
50371915
15525929
24042277
16096169
37477641
43849654
30981060
32724182
18696452
39873611
22612567
17525829
12607861
34339350
14642965
16120632
31586620
32408175
34287762
42898289
40364745
15988227
34718923
44282214
24365789
30884584
37218959
36590976
27794445
30309503
23884284
41605464
20729440
22278254
45822458
27694046
45945100
22585719
19745261
18500728
39954356
39158594
23854124
6511437
33050662
29743326
39851503
42144982
4625155
32222922
15724383
42186583
20874022
17385139
7398544
21748692
12657341
40441504
26160810
44058957
20359143
18161222
38997974
5577790
19027419
14285619
42123324
14661143
51302071
27393958
19562841
16270050
18680248
30290644
47788184
34766189
41123314
24584962
35576965
45978611
6988783
33043434
47897920
30300606
26104749
24220893
41290152
21375530
14040650
19741538
22643763
8713948
36066576
33504845
19274125
13327920
25218267
30879055
40223628
7815760
7246070
39525654
19284973
31714782
50570372
18151867
46232895
25251341
19246021
21082574
31494701
30421008
28670198
46798928
22310145
44760672
32283536
32651482
27820687
28138493
26443912
6210108
37460773
6439922
21196777
37447962
47171804
8161816
35307658
51069367
19375960
34568334
26505927
34991475
19330482
31176175
35440579
30546131
24734609
28953155
47100549
21735516
39707772
25673461
23677312
15652610
18303882
37825509
27752703
42781136
38431130
36203844
43957367
27616540
45462149
6076593
22827037
47712516
22231762
42493564
44374885
30431721
49765418
46401391
46228525
8679852
18651226
16776543
44411896
29871421
34034741
34031618
20721438
14344860
12461274
26218280
35903828
36718582
45860227
46463214
4580171
29396940
13273278
38299654
23374940
8404240
19633524
29736939
42974963
50838413
33705455
35055397
7381815
26808971
29103518
33028436
15867436
50232767
22968742
25434371
18430828
7856265
28804457
27861675
18238006
35557242
46774012
22518596
18749888
33539708
50626978
33142447
35864973
19218657
28555276
23545469
29070582
28800191
18632119
43301698
24678010
34507714
45483678
18367556
16437930
22550762
50193947
20666112
6890724
12750567
50204179
28646354
8238929
29373711
46384144
12826355
42908223
51011666
6222514
13359685
42453085
15306416
8351775
35547616
7618490
28933681
5948947
25415329
50881569
29479294
14686404
37645220
44626099
46105073
13474017
38054845
39187082
21495316
31786281
36255794
30604603
18976343
18540931
25307384
40691081
44774388
21519456
44864062
21967265
28998749
25692383
22550521
25116514
36557660
16166927
46315695
9007680
47796377
26150930
43354153
37926524
19192887
51037345
37768345
30237583
5967894
46019904
46971113
34050116
36456969
13536503
7261957
42221794
29129251
43551099
13072408
34385748
29909993
5112658
46542244
24713048
30246725
41088270
37516069
30128962
28067126
23540264
41054319
25915505
7225590
43163386
47481229
25128829
32050386
14960772
32931684
15388220
39595259
18458869
33237876
21281163
32302476
40274748
51117317
39298131
21993020
36155385
21168650
50552918
14009429
22965204
22241413
29574603
39289592
21112623
18245197
40772248
18676786
24420079
12595721
32402065
23169929
29529546
49935636
6724591
39504807
23376096
44760430
36201677
34525207
20837542
51431784
21159926
18937523
22968519
44333457
31903843
46274939
39396208
21918099
7589298
14457467
5515175
28242112
14640392
28676626
33529099
4830820
46476645
37042540
30145446
43081193
25765155
18395196
17636152
32334404
34541483
19632163
50487811
7534192
37599195
34523626
29646857
40979938
32824147
12674167
18789315
9165859
8714447
28314501
46952323
38803628
37843542
50193416
49968007
24077636
30043580
29018475
22207924
5287994
6462657
18630561
14159961
16826646
33389901
41015548
44089509
46405494
23560744
7981756
8837459
6083184
34538492
34785855
14027075
19511306
49966363
16226306
21789416
40885446
25243264
6104968
13893262
46030579
42992279
19111727
29175253
33096787
30176030
49868484
36807577
38238063
42292480
22007031
17235480
36234267
43317654
45956969
31983536
33814770
36514695
35756048
38077902
22178509
45885692
35581592
4606375
28097172
36260189
42764071
47104850
36038289
45547968
25872243
36553632
19845575
15974046
24754869
30292545
34506128
46478960
29940354
37650230
34060078
42780432
4989269
24101974
9056874
42780369
18539467
20574851
20882696
35059048
14376929
30083547
8152994
20669696
8975375
18579152
41057275
43370602
32205144
30409990
30645047
26326671
19056407
28529282
19923376
47546530
8728317
17858153
24541985
32865440
8222229
20020188
6342045
34801651
8378482
23863650
13129274
43244722
44644691
50435105
31017841
38099321
25311384
47866193
30385049
20757350
24788044
18751675
22897956
25737113
14422762
34053939
43316416
36158068
31437012
15632492
41311769
50450957
7495333
23045849
16166126
36438276
30687635
43908239
15869170
6596816
45943001
14990366
9147795
18030708
24027927
29399726
21602290
29336703
36687656
45657028
19271065
32991230
34765827
41807481
30395866
36593276
44096470
8607341
20390949
14028187
22209868
51230525
25081563
36117906
24683376
50134420
19220633
50825674
20537190
41542199
13990472
39089406
38699862
15907466
18730492
42960958
44733381
21474977
6716906
40886451
30687651
35871536
34679173
37845845
18007734
12876357
43009998
13146119
19566045
6553996
15250251
28915453
46062105
46966862
19465298
27257496
46044748
51367178
36705359
23808078
28862737
31915633
40762414
28318120
12463815
13128806
41308225
14417057
44689104
8773456
45478935
41568842
6717912
33751077
31365958
17869720
26481712
33557734
34039014
32921059
35764515
26124233
46908067
15708562
28636543
44940239
30789335
25186467
24756996
6492188
28770764
30582489
34338279
39768757
16050286
30690893
47673422
5525636
18291897
39464343
12628096
47848094
5921223
15374444
39775452
23097569
37514130
30096381
32848429
14912822
19650306
35340987
18639709
26892657
12439663
46830407
18485535
31904682
47408341
40177601
18058753
36104520
42031184
37362077
31812011
46034456
21646260
22506994
35793040
26435392
38072737
37147978
4898857
6682952
6778013
5146754
13294754
23812897
40664774
44011289
20000854
40707386
13058858
46129825
32129884
22558541
51726796
39745560
20664999
15902043
29317564
34897941
35577411
36625239
22573570
31751143
20383689
39246141
31624788
14169534
5375578
8044553
30932139
45586025
33246811
18707608
13333496
20510194
19605849
34612279
17878328
43143833
12406503
27420357
18877861
19572008
29642688
46235738
47044051
27190006
24118810
35880229
43824289
25242391
15610714
30566316
37703590
41152013
29059948
27700562
35628889
14913510
17913172
31976071
33709275
21066486
38630429
38284697
35197042
14367925
19772376
44758068
15648401
26234528
18162027
4598628
36308679
19855578
36900998
20029835
35736900
7477499
24515046
43310884
23978104
38026766
50507069
34147150
14717691
18836690
15293470
6089266
35467995
42851724
41089357
35475212
50198461
14157957
22940681
42400419
36272190
31321018
43619822
24442256
20527467
36789406
9001143
23728464
40509051
38445515
28684370
41719922
25333010
36294215
29602802
5363028
22898103
21852861
43953603
28868505
31371384
13358620
45841964
30427706
46926254
27053975
33018518
31195480
21621973
8666459
6287448
28756661
14511352
5476672
21960476
12427486
31146493
34746566
32578384
43543013
37435801
32920767
15219570
14427986
34549381
28450786
5398239
7966754
51175368
35265944
15730327
20011875
19310222
16157100
11269429
17559548
31585973
33691962
4658211
37436002
31599410
27004092
33411031
50413466
37865219
24544452
23344153
33380420
35410294
20342785
30708492
39923493
51174598
22735196
21171424
36749969
35036033
18997260
22984280
31775704
5391688
27881536
19944975
23004993
23142588
7233076
23644008
13813676
14838724
14413035
30608228
22596878
37156259
15256192
5412787
40595665
20672426
6877420
39011740
29774446
20492111
33158149
35526800
20816751
22007097
7544663
44251191
29096406
32122485
30502938
40573121
14002388
43640852
24603432
50100205
35441279
24571014
43090642
43914852
8058140
39863256
38054911
42396885
19052640
35164989
7965284
29851271
30367994
19397112
25790545
30222918
34371438
18834095
23959295
44575654
29253275
36758420
28107831
51365230
43429300
29775637
42186580
47878763
38546483
29934557
5288867
7870948
22959653
30427941
20748632
25116501
23895578
37635726
15798007
29177006
28717897
14911069
44503429
31189036
29365593
15263028
24761024
45287678
20556649
35089609
33253201
16103187
19660921
16036865
18257091
39683538
16302270
15798085
27255464
14449786
34373521
46958386
47677487
8654016
33596624
46327036
33095461
16764816
43813089
43912838
22662421
17739297
12670620
49771933
19709157
29842845
33049060
40704864
5370140
35655963
13707723
7763355
31857316
22066436
37919459
30607776
15393266
20241664
19415698
21998285
40250985
31626299
46762171
16901274
29730929
8870974
22963502
36704190
40827285
37049357
43196480
50175980
21372018
32444225
18599079
50387318
29338682
33359660
24237461
22826660
40198750
34400108
22133512
16012722
6779829
8863208
44110422
24721066
21980673
46902136
9192965
34556676
13510550
38170324
23512410
50386394
16164552
27760073
19761104
7203721
35001500
5972798
14819209
44138153
35738920
8835967
47484983
41000569
37778916
33254036
27048942
26148700
6404390
30291304
13541699
22248711
17684699
14392835
5039843
43292813
30542361
19549671
8813197
23184243
37162991
47866514
47881021
34265406
44646054
27762796
30613939
46282095
47036888
5580639
19557795
30734168
24294111
21833920
47170585
35301375
19713392
37593072
31654036
7512590
7824513
50738319
19427517
39322937
40204901
25227949
7153971
50083322
23066879
24142623
31979954
51697783
41697503
49913283
5447219
29226725
6598186
22422447
21201134
15999785
20606082
27797065
9008324
21257881
5604019
21389708
21675113
15916696
28865219
19109179
7720428
18662426
32257278
27258360
33033465
15178309
34816991
5524848
45350798
29063202
38178781
28019477
25946786
45966676
7377674
26427987
28100455
22522353
26782217
22176951
25155265
33858975
45598749
25746711
19856922
21242848
27356567
21694688
33542677
41652000
15722348
37356033
43323884
46066409
43644967
18298739
35761656
36634946
33543211
19545421
8365445
24229865
44684636
13475590
8576597
36687571
20292004
23127593
8964323
18637969
46460126
14519215
25588792
29369363
52006011
43301057
34058312
43963339
44148693
38455942
37956580
13500956
28728393
24137593
5335005
38543420
20854010
6286040
20119547
17584677
47836467
24712307
18389289
43987240
44069308
33435074
14455507
6303982
47641748
17616178
23009523
22483711
36217642
41638093
27848106
29493977
23092700
29342615
31071176
45631603
33430427
27517931
44534682
34685701
5403755
25410083
37322176
40389938
5707742
32227424
19681433
13307289
29244635
6880294
27634403
13502618
17518955
14347250
7918509
44113624
22024128
23499244
25409574
35570392
47052125
23401817
21058214
7293759
7228439
30980830
41652161
38302579
33757141
40773083
32979524
5279807
30958161
20231579
46571185
8908070
15140848
19589387
16116350
18983896
16116718
46392503
19228101
23727791
43038379
23931791
32759591
23978051
31351098
15929375
41615027
21431922
17485334
6498076
40693183
28131651
30914411
30829519
23488126
19379193
19478841
15486678
34637220
22402498
41142126
23511210
15103234
16112235
50852384
17585387
44392119
27769774
40307201
14138900
22543920
7440934
13044727
45465206
20429814
13686658
36781816
12594565
30560215
33767725
22319824
34102703
19030759
46364405
36882702
39499394
21209067
33187513
4982380
35195060
12843128
40839321
35376836
34298745
25768221
44583050
14323374
22319934
13033383
35922436
20349386
25062601
25114004
44572406
26180637
16799377
15638831
40410606
15593165
40008636
36620740
5679427
29390644
29561088
16088374
21941199
40352770
13781575
36134811
36050726
13006934
16038577
32967297
19596321
23792433
35024619
32415140
14658658
39496394
46347327
46398749
24945328
45372717
18721211
47882350
31425897
26169538
33660204
21318762
37125003
35510278
17657512
35300256
5402081
46856413
19041283
33640767
29954255
18926785
41369131
32522023
14219300
45066371
31702753
20642974
23423158
31475722
34157455
39981537
47308158
38119565
35758310
30141953
33595490
12761726
24463851
21462841
31386894
24404484
32731018
46716081
46681389
15165208
38544679
39172951
31575474
25531370
40481622
21720578
38580566
32241020
5382066
35122097
5874824
21667174
37005412
19836797
23572371
23030147
12610006
46398774
42851162
36483100
19364333
41496275
18977870
15704098
4651284
18276842
42784212
29617847
37261559
13808612
17265906
7564065
17769108
17621959
22133430
20777220
26630010
8122310
31839239
14768830
21974466
23947492
19700279
31593425
46078583
21265487
32160957
7333042
15105251
39108539
21492316
33383357
19709509
13658064
32221480
33400281
25378683
39460711
32222912
26581112
27364125
18775297
27117491
19695033
17431035
31679718
4637838
24202175
45340689
20292809
42707695
12762198
21485888
8295035
28896208
46768920
7424085
29364239
33475227
22488732
35010715
29803207
21352195
23094324
32389919
14742642
19662957
19554933
43380385
23003067
6608983
5841033
12806711
21794876
34109693
19651977
37350020
41870919
8719182
19243127
18641738
22588707
37652423
14816809
20736675
18267735
21860589
19075737
4707412
42973810
5597833
18217642
20294804
20144940
41253452
18146843
21982841
39370632
18719270
39923458
42017707
41005269
16164253
27288140
18433724
16279346
7983301
26715619
37433897
22907792
41139651
22257777
22894877
25386436
5652403
12511502
40327514
37385391
28880877
21761516
38604282
21695354
14984221
26225204
17505415
6893084
21388216
16007573
38207175
5421392
30482319
39325076
38114112
22780840
8320366
24038416
24849331
50122808
39091464
14586040
37711429
7324830
28266083
28148707
36090291
42587020
18602484
15044794
14846396
32023968
37602528
6563992
23171158
18379868
43736896
30850643
46460095
14067159
25111773
25446092
22567476
19865514
38657990
28805133
18492397
25172729
28214316
20698643
25201754
28326511
43790960
12462911
12796592
20157334
13029246
42445262
36982623
13255808
24533403
33011832
12547922
17162557
15034241
19370506
29227464
24978874
43948787
13157152
50137150
31738821
33824653
49975619
26107787
33584372
47799095
37680597
37072570
50174337
19601467
39348201
43748369
13640986
50126792
22942924
28734906
31450178
28938572
34634427
26743824
14846305
31602137
32803340
18792120
15181331
13402599
30025921
43357166
16105364
7106574
34165588
19166874
22331288
15048451
13252867
41305197
43358765
50238165
32114942
43326928
43361363
5911980
14203158
25295182
49979068
14617233
31917374
50544693
47139825
40250655
37333520
39167045
32972525
31045736
32483457
23894007
14928546
15350474
29749028
36724365
27747657
47835063
14067020
6654888
18840391
23944838
18240975
4676998
40837964
32671460
40837341
6932297
46499201
20456310
21117194
23372075
32067102
15957794
23057313
6846978
9108893
44648596
4676731
24695986
26602540
22117172
24275635
18594957
44455960
21387563
33386483
33327826
24896087
30298825
7636714
22891006
18596493
35356582
30712306
33599279
22471073
21423091
8640340
20415802
35115603
40803340
4608803
26086286
47463563
37485224
27852769
21036772
49900139
32234228
36073179
21801766
10154393
29983450
43987928
20945676
27003203
22150115
28492626
35468536
43216834
41822605
16445473
45436061
7118537
42726717
14796256
31401584
18667619
22537791
19035091
26022492
28383406
4912530
43952124
7617808
47062885
34557270
15813520
12976335
13539560
41953307
34380583
13436141
25454932
37823087
41282112
43759918
7523243
34094563
26545194
6493231
20871694
43324437
33306269
32550973
25170555
49831969
21555892
20358072
33269989
20025220
20831586
6433048
43785513
44395849
35741119
5473558
12974327
16759400
25598158
34634446
29223357
21672499
49964431
8767059
44528260
46319725
29151167
4869358
46004875
35036139
18329090
36727592
44651181
24548935
20863749
37267459
41458821
14818807
15123431
22206965
26129863
22322215
19965492
19261342
24177790
33298163
38258823
15085446
5731857
39266322
21526060
26881058
25460565
19259162
16741377
46773230
34776022
20423713
19696619
15820551
25629303
13632881
12413597
18797740
8847924
43951539
25162453
28369215
41112658
15050750
42816611
15252032
38042257
31560687
4572644
46136608
27567556
22992122
23061202
24295747
32274111
39881983
28865759
29045540
36231845
13416507
22910048
32075763
40886674
37895353
32014763
40144262
34817054
43327990
43381730
27184282
7777269
15392132
13504616
8149956
21408649
21724282
47367054
16109150
33717286
30044909
12622950
47904436
44017978
19789466
43362356
23548928
29696038
14283800
44914626
21606698
14159949
50975145
37427542
30635949
15026714
37377597
16793967
8258366
36581652
50603356
40545456
19352197
42720685
20616286
18702296
32001942
25022310
31524024
13828872
34256849
19966174
20784779
23998594
20360827
7156808
20233024
25025341
15906897
12609871
23804104
43799788
28964013
18824350
19782821
27120834
22679128
19909249
37548132
27198435
38409544
44640726
43076047
43870329
43528452
21007260
47429025
23451312
16710633
33240735
44403715
7907941
6026510
23551121
32491638
36504755
15007422
18437441
22242654
7354615
49888801
30823242
21281942
45374973
19305274
45785325
19532967
5167222
27374282
23478871
18634651
43583071
44178306
51198232
13334203
31103990
31070183
44326199
13244152
23843220
30925482
30916861
44836705
45642772
23567143
18281495
36713709
24935140
47561449
15010698
21342255
32112247
47001862
30595404
15297661
34095066
43312084
41028225
46754782
38160837
15771306
15655117
15137436
45225279
40734850
13159892
21829076
21262411
46337262
31117191
16944606
23184302
30469938
19236681
26271153
25615593
46313769
18936187
46476620
15193985
16558580
41873235
12461962
43681161
40704490
18257383
20885407
5153452
15641788
20669106
45997077
44509992
31544655
24699759
26688692
30088250
12735604
42999134
5393404
50482794
14803136
47859068
25243729
32599316
8766327
43136142
20623411
18426536
35257270
6389025
19712968
45238317
18570000
36115782
44603784
15806341
29047607
5300799
31199539
41157501
29182872
6637820
21763715
26750971
7559943
43136950
30662845
26973968
18099053
14618706
37546269
16311974
23427571
38987163
20707590
25177527
6093869
42161802
29047510
6112200
26985604
37856982
19288420
15833340
22695291
32441746
15332102
17091856
20075181
30734149
50080793
17717724
13288581
25715904
14860747
31225362
18756592
20642063
7676390
24136877
24920928
20758785
28500125
42593994
19715811
44362526
25754405
24390014
28084169
39264676
8169755
40520704
44010309
43770678
29587437
40501414
44120362
5542796
5675996
31457627
34171507
36663930
36946039
35043997
8308934
18355417
33795217
36069412
12395904
49945296
33029409
26263943
36069353
29572344
13783457
25095628
4948020
35818701
38504857
29740118
28906006
35318060
28372872
15625433
6988902
17353070
42447756
28362969
28551019
37735870
35178293
29307452
29685021
41409579
40673712
26203181
24540647
8525603
35381294
19503408
31053228
45998177
31039123
5081591
21028633
27745797
14804267
40770168
12642047
36762561
42613614
29193000
44728952
14675770
14213271
16045859
23018985
21457730
44367634
18140036
6949931
8064401
18664173
28280355
7356346
25037355
37172699
15974011
32574315
42879930
21847438
13355619
17643419
35469905
8756120
8388378
14552554
6665824
13903856
45823445
45725430
9138634
41862456
7938643
26257361
44148882
39644086
12584735
6331766
44726080
43842102
51507839
6820915
39162942
15240430
4895744
40645607
28939511
44602427
23066690
37340586
20089466
33852811
22459248
5231335
33669490
27097762
5230123
14679672
27054455
14639365
23426510
22632054
35628342
26344276
28771609
40410038
43911069
8514928
46268630
26579616
34350638
33505480
40850169
37641349
32902373
27682007
36626586
24686229
25342994
4740581
29346040
4974928
29830828
39049807
23000422
14897821
40960156
13695756
30415564
45996952
23356465
33747612
18756359
20352976
36497495
33399555
36240293
20932396
30179294
44597200
18358540
46123602
38392520
18806069
32242459
47657893
21759059
38715607
24517302
14037590
15513413
28473073
43963547
42507428
35055058
4625366
28101680
51052211
37197178
21208319
34949545
13178503
22005859
15973015
32255462
12612604
33579873
38310778
18652687
14875550
32087692
42396486
47068420
21868336
35913888
8609524
29658657
40621015
21985515
29432038
27011302
24509721
7921936
8713332
23213780
4861881
46078398
46077251
30156414
45562089
7273213
14430295
39691100
40421941
50546543
31107653
45564160
4695684
43863757
16337987
43390551
34220576
16898041
33464055
26245816
45983358
27451578
34019737
28494502
18228226
12877488
36316872
20365587
24761608
37167745
7295924
29894248
27677386
13725039
31559518
13667071
41603994
44010385
6805229
26505248
17618732
6709363
18630605
18378844
8956548
7434107
29275555
41624216
15179465
32058830
29079331
43844427
18686255
36339250
36048540
35147050
34156450
13431552
38571295
43479474
43362629
26145812
7724660
46885711
30271943
6878039
27336281
39281794
18791137
14494092
39910788
17640447
42116224
46376026
13387861
19223502
18966080
37927821
26524604
32444398
45488463
45495365
6121320
29942119
20291574
8539750
23462883
7561015
26758219
18304024
18900226
4921690
33803906
20489507
43790768
9045313
40232418
51287554
49926550
36702622
23101424
51447433
32245736
8123696
4842770
28631302
22411675
15808795
28075922
46011331
7530739
27016326
16128876
27322421
15058840
18425817
43947173
39548890
50481798
29488169
44194275
12417543
13900400
15038555
17961848
18435050
38869847
7577074
20803377
29009069
8002204
14190686
4614377
27238710
37016822
15619385
43794771
41649418
31852896
38635324
12808696
37543803
41551218
32128504
30432101
42522878
34461250
28347918
31938319
20224800
37421915
8042687
33793567
22543706
4854539
14600746
43762284
23420996
32283322
7470483
36068244
44009436
19655383
23917644
16883031
20405724
45875306
5631131
47183534
23145708
41856892
9041638
26728858
18664144
6945737
46684332
22247960
27920696
17121095
24235636
37339238
13309915
7415050
30399168
15155585
44705522
18353896
44450267
47872027
29159253
23682326
14116098
44077241
21803648
45564785
46465448
35439856
31577312
19706839
14639852
35371253
17935907
24155585
35246139
43043340
6112134
11292356
7703310
29143690
20748013
14809083
26000611
26450707
23118103
23934530
14248510
31801386
7111808
24690501
20676941
35930406
30201144
13180293
35052435
15943644
22943769
18953570
20286849
23541105
43695798
37153837
8537931
6544367
30015874
13439258
19631164
47683572
4727691
27481062
12838133
14213170
18320900
37192868
7956403
47844233
29605975
32974441
40755610
23059380
26966918
5038558
46317303
37006634
5426309
13016205
6686625
35846629
33581246
37879607
33440257
47377123
20043784
36789723
24817208
18665878
28857343
37182494
28129665
25671558
24631851
20170252
39157746
6510139
7821619
17256073
37362888
5818904
44679475
24904472
36249532
25009112
33603727
26453528
22598263
23511421
7236083
16423183
19715648
35069421
26326234
25505798
19555694
20006286
47868926
15501456
5433591
28337786
26707240
28888332
15016969
36942426
19261804
6110566
47427586
19199927
25347355
36739841
27084633
26030262
6086461
12655289
6833469
22131467
41458334
13174638
22480893
22991741
39318667
14205621
31637819
25742718
34190891
5776703
46247469
39549380
6573596
26382346
21486023
21692523
40449066
32061645
19039360
32119966
49827756
6492044
28259479
42766352
15682239
23667671
5463757
28318239
18285136
25798638
32880520
27008751
19339304
33835052
29304706
7181721
26336517
24956324
35894206
19974025
7836099
36826935
46959819
42611060
29365160
47864490
18214592
20259590
23331423
26994737
19868222
15979223
38936756
29706679
40669741
42838225
40492709
5873455
23616881
17656026
23956578
14073954
6963261
4811003
20559646
34122530
28835880
44042061
22640948
28310436
6175890
51050716
42104804
4873278
14665780
50602533
50107305
21887915
37973173
26905044
46976274
28978203
32264780
22580881
20742911
6461181
14125636
45525113
6866641
22368415
19072281
5556477
41033936
19960909
34520918
46348499
35613329
7298883
32055359
32734986
34169509
36547308
31743521
20131375
40043191
33733255
6910042
39253665
47348537
31168409
20562159
15715266
43616985
44170150
43615323
5503400
8681014
24440327
4863734
29215120
24684915
25021986
28219553
17559152
43753179
40861381
14522341
4861127
31534998
38506314
45601350
8554440
22171179
44424110
18862156
40528488
28909371
30051993
7531609
29642518
7667270
15565695
33332705
18290590
32363756
27576359
16654860
32077984
18104278
47597398
30551849
19908127
18602412
14216237
12423503
39195611
22317078
35763377
45580446
6491846
22954950
27780713
24148171
43305716
32573781
30140055
40918172
8414790
14726035
15307221
38171970
8804429
23933594
24036060
9011702
22744863
42129736
39579187
40145758
24455991
32543848
32212570
13915247
28865797
43318898
31166781
21604464
6442196
49855440
5599634
20039232
32841816
20183516
26030808
46962058
14483680
20524847
31518033
6133651
13871321
33763578
36269727
40072543
40188380
22558249
40870488
39423546
34014267
18262061
26378092
25822602
4790083
36039533
36163060
8251829
40798119
15968479
28513926
33191349
29369328
20538227
18604416
31675949
44954578
43329451
14631785
20973604
17606986
27848571
20977220
28265621
8075240
13563203
13738234
36226549
18747877
25915904
5322099
8121044
44507325
30406481
38791276
14700510
15981196
20305532
27577072
42104811
19570264
8789987
24377922
41133556
18510278
40544803
24033789
26584373
30183925
45571596
21176869
33406950
13460030
12877048
46122326
38622516
29609619
28648986
43996951
20164415
34153584
18914067
50486731
30106198
30011228
40646320
22175776
7104177
16248307
25655118
20683086
16310714
13310261
22337549
39861283
8847497
27591611
35947057
8415631
29207709
18397081
8514708
27261138
28361213
36810319
8371954
41663916
26932631
25613155
40511580
25165975
14212153
44932027
34626573
38657035
26873616
7381916
37014730
30122195
21224335
31601163
44205075
6857100
20272624
22614955
38835644
22962104
23957759
21636766
37212921
22429676
24428561
7416652
24818835
21865876
24686791
22327263
32379125
13828837
39865295
28766435
17508396
45461430
29288721
41055726
47385774
41159612
33602115
21385590
26121346
14073165
15141194
37424312
44161671
30737247
21563636
32321480
5446091
35116335
28173475
24717698
6548291
13967793
31806136
14704657
43753896
29026681
29170340
7458806
27003483
15612631
50092923
44591501
33208829
7284331
23944762
45473013
35148674
19583070
16579855
17516499
50387177
8450688
21455072
14625187
18982548
43577508
7429300
23766100
33213840
20795316
44568542
17695453
28876469
39377447
7380348
27223775
31867523
43740101
42743173
26009901
44530466
23028153
5337870
34887734
19880450
22881713
37980116
32022281
12357828
29316556
39138202
35158985
31602963
23988427
20046492
20202868
39422004
42726070
28524843
14950713
19747183
29035704
34801431
20447925
19397486
29268169
34111179
38274839
20276234
20087289
18641142
8091617
44480103
39564934
20450366
28700015
29946219
18145860
24511267
24448608
19633721
23766578
14142265
27021019
22684293
37510781
43382503
15750870
34996307
23956471
32606642
23653047
19269561
15637141
26218412
38085410
18872878
45985259
12431115
23711741
38666312
25363110
41912693
20360689
27542728
17217300
7177385
9040391
14708270
15548077
9133734
27568725
6172710
36799625
6798506
34812879
38505243
21816129
45448546
18386698
19163265
21779580
26845461
29660284
38206031
44486125
24536516
46399914
7479041
33375450
20974751
50705310
31100195
14125407
16131493
5678927
35859523
21819805
19736065
29135949
28681257
33652108
27276773
6656038
30047928
31304128
20267657
33320544
45527469
4696724
6311801
15656795
17697907
42990253
7626344
20759329
33467263
34706018
30869332
27077731
39202878
22890714
33154677
39355050
35135389
41277761
29232349
30367029
34492757
22227646
15681579
32494695
50050891
20199287
18217564
5917845
44763003
37141716
14975095
46158361
23869839
31803205
20343724
50135632
23623905
29714137
18850777
33263662
6853072
45423954
31606667
23577912
40301028
21323418
43397221
4579197
38870384
17309295
22225369
19804250
7366456
6069138
19994760
5596423
40829195
25017516
23885955
41228423
44504636
16469572
18660318
35360810
7851351
8773148
5133022
17240620
34585990
18290634
36585830
28339294
30446876
13380425
14036644
18379529
4790268
13586517
7405170
38035038
40318589
15690140
30826729
13481541
47300634
13666053
18685391
19544909
24555168
37715491
6238197
23969980
26157242
21353370
50937078
34981934
36160826
8908403
20076752
45522622
37405830
30543850
27879742
50211002
19335562
19540567
46595224
46439847
7366940
14725743
34710752
4991164
22923032
35519194
5063279
20528808
20269743
46950413
25173653
5255698
18020523
35224905
38785175
18938305
26555533
20702215
32137134
7625323
35320686
30445242
21005353
22448636
37966045
8686138
40543744
33905257
25429818
24962371
23414386
32890529
24232975
8128132
14369527
45423935
23013491
7003294
36908196
47538415
12540027
37042316
36337456
44498277
19549392
6407786
13869122
4853160
19549549
21364767
33738618
21648579
14596526
24530852
39874214
9110791
45372677
21843829
15046343
47478596
14771595
14380545
33598038
19530225
26771200
31087095
39911257
8675316
30547916
30950479
15290865
8286295
47440755
50235972
44073952
34052504
30813242
28150133
38160328
18442188
14755783
16200803
23029029
46063887
19659332
24084309
19202139
31560762
17210416
31786891
24569053
15855768
14028464
4781104
6889031
39679467
43732222
24402254
33419935
18696663
40442823
18318657
7645913
13696985
28954679
21089941
22711879
25631609
12752126
46508623
8440136
40845293
29441783
45792767
23961988
19324934
13949600
38623458
45824167
19032556
4686319
12742742
41875459
46181225
6206288
34162802
13638991
32181465
9052728
5519960
20471961
24453144
24905342
29128604
32144916
20499642
42262472
22273687
46220288
45070298
39240872
18822465
5316262
17329329
7860622
35493643
14794406
8922330
4781387
44825238
28984948
23536981
13965292
17874439
18899362
33712351
26130258
9109707
8927331
36879884
7022725
18010511
12675496
22503161
30669687
8841917
34923485
21009331
33331678
24982798
36416203
4699423
34447279
37152750
18104586
17634566
6734157
44563355
27823448
37531434
33298584
47291231
15149607
22332283
32861752
34488258
6186816
29268926
7133598
43102134
23114515
44494061
15217732
44684963
33753873
46576642
29055999
25337198
30851507
9099148
20878260
15983492
15823739
44317538
29066535
30772662
28809855
26217136
24843789
45623633
22605652
40929616
13022249
25235731
19443404
4793083
13198439
15192678
18140843
33742532
15122498
24457822
39145446
45422596
25285748
24655721
42852529
34662441
13409520
47487326
18995020
29933847
47687229
47357249
27029963
14344279
19281539
20928903
44008933
16451379
43397045
35635778
19778354
31644743
9132574
29515328
23357514
23456015
21343376
19605563
50349518
36290791
37966953
18289381
20939458
37698187
43488824
35347833
36203615
45456695
42793762
18678734
4875660
37933194
15464822
44705826
31285772
6319435
18085133
25386420
18796575
35034374
25029598
10828802
35910303
34567448
13707983
7383427
30381063
46041980
30602451
37489249
23509454
9103367
50233782
6921565
4753301
32291286
20144846
20002711
21341862
30863200
24392810
34472874
43354037
27218679
19747497
39272112
29618529
20587198
8912735
30970363
23829102
31494163
15627314
33881199
31661522
42933849
27293188
4833578
24005166
12862678
47176161
4746022
30914665
35507469
44773616
36691253
15743692
18667701
31548394
22722586
25282453
36154886
15870496
39694179
31741074
35656007
45234786
20324822
17981834
6963996
44096282
13013924
28244805
33170112
13565632
32697836
21617596
17737770
14652296
38818934
13082150
39445223
40848079
36762781
38583400
32654749
23338140
6671601
15988522
18699085
27479547
39664613
4756926
41285889
13610695
22400940
42987868
23200328
24235715
14790969
24668026
25609558
29847771
34594623
20967770
33518609
32813089
50508555
50119906
15075688
18338625
39437734
46901994
50454727
23070709
28885589
27391174
44083373
23817600
40690067
22076508
46596047
20734912
26057895
13859528
44079305
18275787
15766047
27397401
12745475
20826964
45840494
5457875
41023845
45594746
15215744
39132946
21707732
30763803
42288010
23862113
8488513
41070686
7164571
44192399
5585685
33370775
23425555
17602229
15579911
19658845
30672153
17713351
39055622
39402557
24189719
12880193
31882009
36566726
37797028
23361350
42332052
32944520
4944583
12761792
21212937
13575993
36072164
18588086
22749751
18288608
15484262
18369664
15302935
18699625
22500959
23795235
45464169
38548490
25785007
14279603
8294740
5157781
31337722
22938721
38573551
41366929
46221924
8352649
43912392
35710957
5130025
6704199
33217377
45517139
18300125
21300035
6676886
46872074
50219893
35535049
40782910
24165887
44755300
18012983
21851271
22882370
17611199
41911823
19577057
6551121
39758713
25471068
36314538
22414436
31122846
24144373
18754518
42298823
32021313
14716777
18647931
43539717
20292589
14747961
37883619
8075303
17753670
14669292
4920094
22057071
18377059
17738223
19525038
7043723
45973355
30607031
25383112
46556268
28502007
22192404
20017288
17016734
6528769
24369776
30565370
19552188
13476703
18492337
39390952
25458985
18812902
14229224
51041005
13932249
41347125
43845715
12758060
52071542
29761861
22075439
23785440
32677959
18887285
33247166
14931445
16022923
34822392
15098207
22835256
26680370
19580116
46498111
8064282
19958509
19607266
12848346
19604351
13957947
19113128
41093520
20488819
30830125
43345231
22855359
42819177
37198466
21951152
36488108
38637089
32544401
42457703
35570339
26486034
43078840
37160352
27813558
50127298
44974813
23846277
39540451
50185458
9070993
27573996
40481798
6022140
8470697
32336676
13445224
15280181
14658190
5483432
12629808
13089017
47026298
7786656
8387718
40369269
32490306
20253429
7506423
34292769
21086912
39601932
14665550
35152187
22833207
20270547
35990891
29234070
34327801
43867574
32266106
19264713
12478229
51547024
14087548
12207483
13796049
17565017
5413478
7940937
13729667
19455640
17406935
7126627
29095755
13760530
31111634
23352981
32759920
40772731
50048321
23726211
31472882
16002122
41006651
41612043
5052868
34107023
8612707
24218816
25850104
6291101
29596224
44660239
33759666
35244898
21600688
7130874
39007087
5471570
21699397
36547861
22446600
30262851
22818090
31305756
37187593
21866580
39841984
5442560
43130679
39240084
31012818
42481346
18753227
31460837
19264942
31082332
6609332
46225851
14192882
31042899
40301156
14701427
15887335
18698755
30160290
15402263
22942368
36950821
47408928
35655869
13675053
12636204
42967910
29144117
22343075
19798281
5531323
42474378
45568222
43593382
35150339
18158260
18269611
33299998
43072798
22631140
23547558
28661452
29146913
23420336
42840996
19985762
24685773
15360998
41496438
47660906
6449862
44600454
5280423
50239556
42561535
35104629
14922872
22802941
18101083
17386594
13571155
24208581
33625891
39968609
28079752
5408314
6476766
40970099
12685819
14253135
16863503
20731061
24780523
23345846
7240556
14814182
10671725
15748897
50189501
22292128
34842300
5121848
27361848
31655315
21673209
25008751
21143838
38126091
6328555
33696033
27758558
21631360
18597941
16848778
24856069
25989170
46922754
24103165
29481933
6167417
36255872
39723317
22644661
13055003
13224163
16095415
34360210
47358188
46111585
5205194
30669439
47853605
27683311
34978780
46117696
5754627
35459067
21456508
17340510
18732477
19028440
31128762
29245578
18894087
22258585
18960695
18297765
7510328
47788310
26957248
36296085
43131728
22932673
26137858
19301470
6804792
15043465
5793061
41524653
40013801
41178220
40912696
47538456
13139732
44336608
27512942
43287564
40898863
28751176
42300343
4606909
28592824
40438727
25900847
32405059
16151536
8452347
14025583
14911534
7374124
34973518
39310254
22089947
19381329
5339299
12650966
5768937
16687548
24937141
43160150
17695544
15409150
5671573
21914065
41104198
47361952
33025288
40404644
25110651
14462098
29411030
20062612
8319335
18918990
37962310
46031522
18231827
50892326
25392336
13756421
22914650
7259349
14289957
20975750
8580311
30354120
50794921
45878369
40508445
20010590
21758069
22618734
20770548
23900856
8528085
29547962
20095316
35811905
50137015
39779165
30465609
28848298
25704035
14818235
50531106
42863653
21810798
9169152
40227483
36699990
34018662
24963628
36179820
30589985
31012890
22225293
28366124
20926729
22970906
35539624
46892381
8099041
43667634
32209561
32071843
26750858
35661527
7824864
7577618
24854288
25733193
39406164
5810482
40779608
18610024
23831470
23413946
38253988
33857420
18126414
5050499
20615950
27468857
6644917
22629924
22976411
23829576
14390614
14221452
8549746
17299041
24583788
5931609
47485529
20464990
16810818
45581046
43855033
19864019
29312663
14487413
4857429
41599017
21563888
22907776
25116338
20226606
5597639
29255141
8336137
29608536
41724804
29211979
39074949
23888239
19123169
36281910
31810990
4618671
6110557
13442079
7567964
40372665
49872263
24963729
38759580
47065668
41593491
46544899
26577172
25042294
15960009
19925095
6746192
17975206
45812920
23013481
43843007
6585647
34500856
5946553
34521741
8914322
44057477
13863414
40215862
39208137
28436536
39971138
24082364
25937132
25065375
25363735
41093636
43178909
28303119
39610408
22319067
36891561
18112814
14772123
21913123
6199976
27655376
10623913
12651610
40760841
49848208
14557049
33111191
38310163
19169966
18603314
32549443
32666973
13822752
36418764
16016416
18446994
15667882
4699841
22129883
16809917
14339547
39494314
31493604
7164078
8539244
5038306
36649533
23986919
50663665
17648094
32324072
40607581
30931909
14496438
14979901
33142940
27559410
4651868
15287733
18657051
29593340
13354262
38334956
14914528
43201937
15008823
26281664
43127603
13014716
8151659
43889408
37702978
49927310
18979997
20639298
4587224
29072583
13953471
7266324
18537849
19459539
44683977
40574434
26210366
29198247
5313403
33469606
42861856
43801770
19330284
5597123
20810355
19936122
32606724
19594662
45404680
29022836
23055334
30008156
17070967
14414097
19299588
34299659
20597983
32812797
16960088
38274147
18380135
6512178
36143334
27179532
24774523
34170976
41394735
25165859
30787035
21092143
13443044
28363054
35199851
8242530
22604016
23614182
20531029
13946016
15207469
17945420
50096425
23202985
15735589
17451785
19598702
43871702
21616409
8162476
22188848
34141301
29544733
42259704
8945244
37694715
14235579
24679141
30929214
37676830
14047373
25357191
15317230
21197022
44086377
31509391
44106454
27438528
30898354
28820341
34114607
37819371
8052228
15637298
46550689
38896912
46254653
13663074
19608212
34858806
17960776
47807854
35312819
22399696
29774016
15401107
39942327
7988293
50186143
43571162
26351216
8851967
22329563
26292742
19563538
42114528
25927214
42215426
35040890
45745816
6298497
27806656
19118572
25068290
24299219
5406906
20529675
47329059
32573681
34348627
31653338
24828813
17640843
22992810
6578604
22777526
31281195
4686244
31560618
34131188
23215514
33228580
22385009
39183337
19587688
5121851
30414964
15267882
47008865
23791999
34861863
19168979
7051178
18787474
27830617
27007174
14164985
27759228
40005074
44678381
20118786
35088525
7015898
30160664
30493566
16578705
28701247
47397766
21674886
21445622
22141485
18969473
32967438
44709581
26574875
21324831
16069292
13988443
8377879
43800815
5964275
5471497
19610411
32774677
34510915
5945419
34767508
13572622
44100850
18257003
8507146
21630568
32343732
8268765
45467135
46217718
23671749
5832338
24694475
35433648
20917049
38113395
20927395
21033009
24460543
40840078
25312860
6745457
19395450
22666178
18721503
13001929
15565409
44116294
26819659
39911370
30794590
31320396
26999782
31323921
32067206
7534751
39156549
40563935
51537741
27639527
18596499
8951669
15649466
24735976
45388871
20154038
33583762
40980915
4635227
23974884
35510712
34995274
14451423
19490886
32516903
19806022
28753429
16137003
8810247
15014167
44268290
6304777
6978400
21927668
19971895
23091742
17350943
31732199
44735829
7955341
9056896
15968196
21196334
7091485
41830600
6864213
14700786
35561118
38319415
4899222
23947332
36422417
31015020
21974180
24177454
20060262
41149842
47593990
20120775
50643063
18874766
5830710
29439653
21951969
13620801
7018480
14378079
20761245
6774338
14036569
13696350
6663920
38177386
50879863
37353215
25986571
34432316
24771152
45560993
5882361
18262156
6547006
21815250
36601746
7234999
24618025
21010619
15350898
6726378
27463978
14175468
19431246
17434318
14490724
33811478
34403184
24390806
35986179
43750861
50869157
17440648
7237905
8367760
32444762
5085016
13895709
42413183
26403929
37856055
42385009
29528585
37220793
17912078
46720172
46524771
15337226
27034748
27419329
49855148
35717523
8829728
35578916
34571897
6873414
6459959
5184155
23069923
31773929
23223315
20910964
44131537
39534799
51441611
18218651
7002273
38623659
15714955
36168514
32324772
6669487
32640955
8040312
35102936
23002489
13264523
16255061
46734456
37315434
22068481
4615423
15584256
16588447
8244003
35763073
22672710
7145482
29732471
50170165
24534047
13626173
21692498
15332620
41360278
21196434
29592014
33524977
5648919
8973371
6730041
6853742
45740978
6573442
23318115
7887957
16312313
13516419
27308695
38644368
23359449
24852020
18710674
24464388
13635130
18771606
5954690
25653161
13644863
30511813
7841223
13138780
25329206
15518326
15573568
23222561
50123503
46721101
16779101
5650424
15087476
33488142
51215203
22922422
40734417
42523792
34351090
47812268
41045928
27974892
24150502
13148639
22149141
32415090
30243401
8662419
36655995
38779812
39770413
21374594
7716643
21207725
41408216
7282578
13491421
16011666
34452120
8500112
30109268
31213129
20817015
31441246
5706504
20172369
23133236
36802836
6569710
43379578
31189482
32027028
34630814
6548052
7525779
43991469
33757323
16007981
44710149
5324414
9132037
45995881
20351308
7606590
19365583
42777448
42607293
23939654
41364827
27864842
20112466
50116268
16960116
16803781
49931187
31643358
19524495
19435393
21395765
43008430
7644776
33272770
20410816
26490527
7187332
29004549
38961377
15585673
12637338
18713106
25893401
9116744
36442574
20618143
37717464
18204250
46009396
32140474
8784539
7681152
12569524
6341964
21206843
15121471
37425368
36747597
21548299
20008243
47306660
46188268
5646842
5629824
44588064
6724732
13340317
13310113
22656854
4903758
45460258
36261687
42446955
23898983
14335344
35349620
15585120
20621347
42253298
42735969
50738290
26189295
43111283
27796572
34342174
22853829
25427695
38852201
50813874
6434088
5353750
37696239
37172570
25272692
30716641
30227432
26235558
42432605
27194599
14030154
43288503
43325464
30649468
49930713
6073907
21726035
38271307
8192299
25687652
40519079
21945431
23204647
23884497
19646593
30613622
26124010
28700311
46568766
41189266
50187076
23135224
5005549
6789958
16914632
19432213
23164850
42945806
46926797
36315478
24767156
6565563
20817785
32861523
20501800
17332596
18294479
38335072
33174915
21479228
22521841
7295773
41604726
19229936
8992076
19708322
21741564
12521954
18053400
15731653
38169089
43862500
17376230
7095453
24417205
37461961
39975025
19639238
19357535
5657693
47615167
14496847
12797688
17283669
30420496
17929587
5012618
22533788
9024742
19979997
24516121
18885473
7715581
34006699
50517735
24728386
14454875
14922039
44690429
19725999
41555522
45486851
13679593
15235288
22642478
14821028
5076153
21607433
27196697
47686236
36275491
44389971
17623630
5647653
26693480
27795343
43158655
21892106
19680173
32864950
31015243
25331864
7658464
14109712
5637788
8112779
18891285
28430215
6619627
40955403
21966005
5586156
38888288
41594060
26683575
36544088
36712408
23142635
5704274
21187833
44653952
14044564
16725527
4941982
5487805
30328906
5326152
26039240
8250044
6374379
26480505
16003432
7302628
29480654
18412528
5177548
28779984
32428640
34311993
22349471
46305547
43975981
43781114
36178228
32042538
6828106
14873304
40832324
44669550
22598552
27705946
35082346
18394618
14329177
21815080
13103337
46763340
39494750
28895513
34267253
19918124
50647121
47375916
20559627
20899372
29874789
20228070
13093290
31296582
46210904
17842153
28638179
19316220
14556788
28750375
4677174
6055576
34743783
46582042
47797584
29766636
46903289
28739279
31669062
19174779
18157873
7099681
41085622
19034711
26118057
39204015
26254559
29262593
17822267
6338875
42716551
37038553
39175401
31648284
44659120
37475407
13107946
18531836
7456016
4872785
30213682
46151081
13852845
35047173
46118720
33665711
20392253
44565206
8005616
19146784
6223548
38850410
6862139
28170195
31296051
30624992
17539055
5992669
23271843
26355749
31659769
5693391
25000526
19032248
19997182
8892246
21005869
33435690
31694996
34739381
43586571
8698362
28573126
20240253
38644252
16046585
25390715
5063062
23590702
40709259
29650771
36424551
21569860
19338380
24127220
17103618
42436396
47117853
14528973
13415608
27401802
40652990
29930549
29547994
43146333
38765838
23353311
23754391
47883770
16181183
47871374
18530790
43351878
31748796
8851798
14559116
16793979
29160639
26009433
24147788
47112434
28455298
22035453
40204603
27559708
20369944
18423652
40861877
32714254
7371426
33987746
33033720
5600576
44331295
50975977
24550226
4723855
33996973
50035387
9619625
15553496
49908750
42599175
30791348
18157044
7813470
28657132
12573281
20012978
6101387
25941251
25846592
21437633
21781540
50682954
5043543
18482073
8688991
19160261
7262353
24832862
19852235
29257371
24647430
23252409
20887996
44685689
30162320
30466957
5118882
14761894
8721777
45868894
31584368
16987586
14740355
15375230
20040919
47820213
43530104
21086893
50628181
39996202
7672268
37478643
8711519
21766941
21425670
36670544
38466884
43686760
32499567
15417585
27050883
19485259
27723602
6446591
24278227
25567785
32280416
26495305
14626736
42713268
14669691
31722435
8257261
6253455
29738352
13434945
13974604
24849305
31161745
35095761
33929281
4576241
28510816
35742913
14231527
43770449
31000522
6749064
5346054
6929834
16281388
45394357
32209947
7369836
40532755
27649994
25096351
41723556
22234153
9181571
8405663
45757336
20561192
51515860
16696307
34098151
50494380
33761423
16363163
31419576
18643664
44160550
19659608
21829098
25385999
8012326
7916118
29574842
37264016
39338302
18355071
24225681
5632281
34013975
21231850
18157509
18616339
7385733
43038278
20649411
26460534
44013030
51361246
36575589
8808045
42108411
34384595
43715172
29425808
13106758
8935662
43772877
18303367
32975836
34672195
45952618
32188807
31078257
21561839
37673264
6698060
19781219
7043777
17948625
22174751
38971163
12798345
7882789
17808308
29351170
15033993
31761271
45493719
7994215
39832582
12544432
27520215
33833843
25905386
8890546
40854190
15769239
35141791
14761300
35131333
35879126
46735986
32231665
37437642
29838001
32772034
43326274
27822845
8423457
13954768
19333282
42260521
46184103
45026501
14775525
13547791
16101428
51359317
50212529
22025410
42868808
7268413
41133273
12540954
15698644
35903131
37923228
34568937
43173301
19660397
23605939
28834830
50543631
29114793
31841055
40555858
39915878
40638739
21118630
13660388
46110765
22177274
13705963
31005724
23940455
24720909
18639816
14332787
6768158
36994593
6744581
28857186
12851460
23421335
13366134
22849198
7842068
30461836
6862789
6647056
32493548
8792239
22024257
31016415
38238757
21291364
6341574
30278873
22948991
23709511
15447486
19284555
12762952
44453516
28697876
44724905
25250754
28804778
23761102
13024213
26409207
22011257
28449866
25526287
38814875
25854860
30855647
23025532
22556873
40756637
31124269
44525546
6908079
18850475
51017427
6000564
6045639
6741291
15161190
23688588
13401958
42279687
32858959
26229263
37029392
7381617
21148026
16524817
15247040
36151182
6302662
35178724
9143614
31515941
28133413
25994331
21384324
7646987
51639130
15425235
40214144
8659466
38081986
22481299
34779719
7816753
33090771
14990319
20511844
23766631
25259673
38157795
5989279
9083440
27478790
28476356
26443475
37501507
21234228
45649042
50146386
19940935
12744784
42979458
15592022
8364691
32388716
6939350
12822749
28359514
25640280
13257809
18801149
44820614
18717608
40233838
19794370
22297827
19765496
6402731
17144371
28560909
15554125
27364091
14392571
15030006
15213991
32643169
31834637
7014591
31298103
26662259
19672099
6152032
26295666
9181822
27393584
42670787
38665873
33268337
34175532
30832849
37542210
50044730
39047218
29601322
27317535
22221244
28134792
49946157
44770970
38519811
19520627
4580316
40780400
26886022
23157772
8964009
18923018
16020406
14540339
29109142
26801409
43034072
32424301
22015536
35158611
20665527
25615713
18934632
32371136
37441698
37491756
6060747
28606635
21894066
5457580
8688042
17425779
20525657
27259608
27467459
38588451
25843331
19850460
20465970
23067881
31799269
8073056
29689658
5961595
24449280
19597826
21330964
31841404
6827754
13935451
5289722
45617796
15429900
50413041
26667754
17715035
20705325
19669055
7360336
30640505
12401144
18350186
35368341
38581879
16375023
31613450
43192694
36868294
34408789
43281158
19287012
7285019
6225373
36217133
38125446
20242851
4868242
26857437
15924732
13675138
20763001
20286346
30938441
22010833
35018110
14536443
20176783
22992844
5359738
21482103
5472094
30905976
30044296
21882649
44763525
30765091
51287051
41348271
28594351
24134643
19226015
46861625
18445857
18939926
35574319
40693413
22507540
43133902
44675881
14271504
20541761
15767693
29623958
7635568
27864455
15237681
5172974
18344157
23887903
14437508
18246853
14825662
16112826
41269735
19874770
29274132
46875787
41826962
32246691
38902582
45421428
24476276
18878479
20761490
5617387
46914269
22049568
19223957
43146114
14107544
48704386
33712747
23877856
17740915
46568989
14798430
19067157
33319944
39142273
36814604
27531695
21555873
38763925
23810459
36748417
24662462
17510702
7537374
14280341
31377431
24892348
18135694
33340038
28474625
8816376
15498390
29278797
25758159
49958023
39738142
9182359
18680135
31445623
32665560
34300925
26772152
22843725
24627217
50373913
17842420
20855707
29767221
49547423
23713243
17514896
38809374
7516621
18370280
24307126
18870770
26230837
13851617
18589641
19796010
36170481
31831278
5348884
15723610
8747968
50069423
29700785
21506063
19722808
46337698
7307164
24834248
29053689
28491932
15581026
45509870
28402415
35146208
6003023
14251777
26120033
18096911
18531582
39590670
18003747
5813912
32298022
19329493
25309612
46870424
21926424
21776589
15964847
20967048
28357195
8907718
4900186
14709709
32229560
5090400
37825918
18042693
18495815
43827293
47290594
15310369
4613704
13661413
34577787
38518871
23242516
41667441
41558089
19668015
30279115
36511504
39087028
35481982
40248940
17620762
36857261
8588878
21903428
46693509
42403064
20452329
18518893
33305273
7743444
23337131
21848739
13583410
19671738
35605776
46114570
32022171
43376675
18886274
50452952
21396510
19448735
41420575
13373589
23527308
18129693
34324182
8714849
45371995
38909139
44738779
16892685
18130903
46160434
37491005
18587612
39792705
30018623
19725057
18809148
22641482
5033437
28413546
28357224
19433410
18830199
37439976
51604475
22314301
7871175
5747301
18148468
42421772
45636005
15218219
31684007
39139100
17388523
8662375
23970882
7423209
25018823
25232306
8063264
15759635
21480783
35887897
25046764
38419424
8002675
7352539
45486933
19271263
32934587
30269322
8000413
9000593
14423522
45593515
30348252
46699384
22077774
8934362
34707240
22915897
28329634
16596854
23006089
24011546
20154667
28660554
7687891
32151281
25873942
12455028
41058623
41497217
32556446
14281626
6776553
25719621
13802659
28668869
7656887
9074037
7781617
43653393
5094839
38424397
26379063
35783631
28019901
18776211
46246869
40403101
37798633
29420957
39198819
13525934
14187906
38087405
41074767
37439957
41631275
19942436
14481855
36989842
47911922
40059125
25916960
20817184
36032345
30624216
22872455
7044100
39765895
7076556
28704985
22228159
21928768
21044846
43284875
4782084
38303405
38127269
12491069
23117955
5993580
20189268
14589238
47302126
26778683
23600334
38951425
18116690
24163945
30040077
17605625
32038064
24665039
21411982
27810121
51297774
25175434
28456149
32280435
21469385
4878811
32891355
17419945
18461885
14284657
22936500
30325061
6448498
13336698
5753528
28238754
37172881
12139308
30034733
21903356
5519831
41562229
13137137
7534811
26403574
41406529
8053057
5769443
44573974
8347814
19597524
43948674
38801125
18547959
5634687
14638005
13062100
28832016
18317699
32647524
13423421
4776203
17578950
41686922
35784109
21871569
30827951
29110248
43835542
31673511
46770330
31125268
33856977
36659890
7369613
16163440
43840352
27020159
29273032
35205578
27916116
19218139
21808011
28494615
46206952
15848806
31543427
12535441
42860870
25612084
32454074
8267295
45809964
32884727
16831006
34528423
31946914
12616142
33525209
28059605
19983544
31853229
43983546
29306921
11645038
41281051
17483842
19353451
33779440
47622481
4754492
20978593
43569695
18379673
27804991
8855838
39089117
12430920
44308421
22911370
16942234
9169045
24391575
18614080
50069807
20134504
34279506
36204909
20794436
31206145
39492234
29144205
47309443
21122396
21699422
8329866
42328904
7082117
14846701
7563688
29689585
22867903
15753807
30749606
31784732
50504528
8103627
24561922
8795375
39725670
52082760
17653368
9041101
22310339
15670819
29075266
29114841
16562095
18458888
8815459
6747292
7746387
6232586
24194799
46790282
38261204
32402668
14671274
46200653
14772066
46107366
25715106
12457985
40665578
9129389
20467371
49980186
6178327
26333278
6647820
34701569
9048157
49830769
25184850
27825719
19231601
23908766
21130819
18637730
35721296
7834531
14280068
23051146
8548936
43927179
15470404
25787696
47144239
19385576
28478319
21569960
15380084
4708606
26117516
25363741
19204998
21928360
13892920
20684342
23814914
25038037
15011537
7233123
19027570
8183942
5880137
35613206
29835478
35613087
41039434
50964636
6962500
25090442
8225160
7656312
40756838
35730689
36062281
45456485
7664285
15425772
22523512
6072761
14401581
26083889
18842046
29393603
33918637
21809161
20682555
35048049
30100449
24625275
13329041
40777208
7650170
6596310
22921684
28295447
27014158
32889675
46233941
19107181
23012705
25260584
36690150
7700866
46415842
8428069
45981055
18710005
30285313
34949234
40952361
35480800
12427442
13951331
13598524
51450276
27271008
36379836
18792557
14866565
28169809
45653456
8139928
20472794
17735703
41260891
17541587
18277392
36981093
8837450
18555197
29530643
7376691
42950418
18711469
44413470
50770090
29100323
36238402
45517859
36932684
21266709
15920177
32690510
7901296
7606901
30197823
42401811
7110328
14858837
44554320
24106259
40960951
38162272
21896482
37643897
38913883
50457438
8476013
45833265
42299247
35117997
46435738
40280152
31521734
44743943
4873869
29888100
26045640
19149627
36669001
24853949
15782434
6297918
20764233
17634490
34610620
35712395
44342966
5451944
50486740
47405450
25728785
8713125
20922158
31228875
45947352
20607892
38052002
8971172
18455247
47313700
28844959
31247363
7920479
31394179
24165949
44634751
50140574
34507645
27868084
50667005
29119478
7468353
34739180
26427535
7176788
14849158
22423619
32310355
24147097
8963952
19662407
6285179
11257252
31196639
18284338
19980657
13299881
8117306
45253808
12449575
46218475
30408372
5097378
29169460
39405416
33511902
42128005
41426563
36967031
23191346
17452837
45004325
45455926
40303799
46146256
45940416
20082325
39490528
6137719
7344267
21455116
15011911
50665226
32047753
18538122
45923596
45622559
29992737
28870795
25458102
40732067
29587902
43303080
8772472
31803868
25797356
8644211
23525938
29086770
34254172
14372528
24519344
41582103
31557488
38645226
5346990
33308072
25403903
23570124
16709621
19208475
28126797
7517274
29324441
39850611
32362829
43085148
29167597
18049545
41209221
47787710
39292573
32739418
12560913
39863837
18334095
5769132
41943858
30720480
36113929
13599514
7292264
32966801
38916754
44570502
37273522
51599451
21596670
41208976
27992770
29460158
29072420
27568445
22988144
20954488
28631321
14841718
46599113
5647819
7110391
28046203
20957579
12867444
19533910
21785741
42591117
31148613
37813069
21308043
22402410
23592929
47369237
29393839
22041378
50166583
40441460
13902998
17015440
32965205
43718823
43109844
41543757
22040386
5140615
14743276
24037207
50231297
27268451
22077503
50220562
20641510
33466132
34651451
26791356
7185877
5577067
14525074
35114189
22823424
5151102
23378698
24175117
21743580
16360506
7687033
17338480
42517710
43065551
26705713
26469572
39711278
33738036
37479073
18225474
46825072
29789739
24641360
7161941
46568552
24026893
22209925
7212549
7483555
36634667
6166430
41682147
27617536
44596486
37775834
6421732
45423690
45435801
17087373
41429387
5230594
5733387
46605334
39177500
14825916
15552997
43336177
31439779
18221101
6102351
42415696
15832699
34869293
46041421
17674040
5145202
44392820
24168548
47176032
17237701
9059394
40798656
18636476
39794543
46943140
31988791
5893448
25221016
18380612
7204403
41776411
14268051
8716329
45206119
42791846
13897802
33358507
24127465
5754966
36721287
21861679
46169252
18888265
20356049
13137433
5305571
34288123
36803486
36286434
43283370
13082486
20459244
23360995
24554313
44063729
30413339
20622516
29988954
38672470
46237422
14785415
19950799
41146242
10331858
47616606
40210782
36758031
9096220
16263317
27793389
34177131
28253821
13838595
32412976
43081510
49903092
18297982
51110063
32209281
17770609
30512714
17657050
19356909
45046202
51070231
36143978
42569339
45482808
34821430
25592132
21152666
20477280
28005689
27319188
28668593
41295907
40537241
31075050
14691839
28040802
18509955
21691505
37904200
8675730
20443577
14839079
34330060
16197064
38983978
35311946
16802496
22587836
13734134
49884798
24494843
5045730
43829485
37602233
6021619
34193860
20829132
45747054
31620656
35243384
33092354
18495723
33077652
29327749
15426058
44156585
23815219
30550294
13226286
14789835
50643135
21832205
42251960
4652531
35156739
37334045
35646032
50737665
33483498
14889304
39932745
46537475
18732958
25116696
19944419
7513979
44542643
33023547
19543743
40223990
30292781
13662823
5868909
18165696
40759351
13596463
36808086
25144408
19865137
21979649
40998383
5763084
38126342
20425129
43762877
42867825
29610147
30048396
41273470
16754034
46424790
19443225
41378883
43294601
20557617
20740677
28467110
6792609
5331109
19005469
7266512
26272604
26515550
14678550
20377204
5852714
36834887
13800441
28013681
21313091
5198103
41138275
21672053
25398984
20852273
16072227
17718377
37447689
38538214
19074917
5671067
29223750
45530752
18831374
29926543
45500850
13762927
27696346
20799614
21410257
30950062
24503212
17423840
23253097
50368742
36890543
12851953
42524832
35709998
8962787
18643473
19380409
34439912
24532074
21446945
32443914
22901908
39885166
30675665
45091586
6047885
35150685
29154456
16397680
24180237
19944494
20334429
34093005
45376742
22033845
43778987
21366360
30608577
6868711
50534357
5003639
18137362
43925480
15029045
19463208
21549898
21147510
18415889
18037758
25134248
28080801
28500336
7209417
27572297
5595163
7260242
21260740
6376527
30762449
14985713
6456277
51318005
19050491
21433323
47528786
21277352
18924347
21549565
13384707
37348795
12529698
46447048
49945912
36664735
32156681
33657310
19714680
24108138
28040774
40270623
43651024
23895106
36653123
38514800
25632988
25584334
22180510
7610190
15727402
18482777
7487344
40794943
42948209
49918338
19694781
32775974
38857494
6066989
17487162
12662986
20788018
36935273
40781302
23043279
23431847
5691217
33085487
6955887
31690902
18254782
38321384
42823164
17248609
34209699
36282387
19232003
8805531
42291635
32652890
19245656
32365538
20051487
39922884
19588951
17860195
22515426
13743970
6994689
8740972
43320651
12764142
19984147
17681479
20322333
8223407
14644810
39236332
28362288
47031227
33895217
33392081
28282887
31467086
39528818
46280361
19632034
35139727
46346740
43149843
14831753
18980902
36278988
6079141
7667609
21198838
46835408
25393348
14053197
29609095
31094160
40463470
25212185
40242032
25785701
19050752
22629604
28698733
21885998
33376914
50168597
32999662
35753883
14611672
24575918
51129969
16011126
44485381
45115138
24114983
35610492
8971552
23340056
26975011
41648209
40523220
22937998
7230133
14369867
21175829
8152916
30596108
16877078
18647767
17942153
23996869
29456391
28237937
8166202
15531452
42963578
32306042
42847848
41068691
35691105
35288441
34034625
18574621
29199748
38220590
14810387
19639263
34805751
6509480
46940856
18832835
8976619
18244402
44306747
24330833
6600718
47677927
44106700
16626042
21009572
31773844
21366608
40221530
19893663
17617985
38435437
34292556
19677647
43672912
5397818
35589792
37565558
20850247
16195760
23242623
44664860
13952425
8060842
6416834
24727192
49419089
14640898
7633023
41550907
8267355
8291746
6608258
31412708
8251596
51364787
18541138
34264348
17073038
13993234
35078208
22631178
34598952
43662529
26495956
40363925
21995825
23510374
6336855
18402968
36606006
37174490
29961563
15581058
19997464
23225903
14495421
40424769
26619376
16421792
28274546
7130550
33229812
44648590
34029982
25168906
21870435
31127037
13736569
25855869
38849596
29486048
20838064
43320657
50517854
7366380
18550928
35021173
50985546
9701011
8061200
17979208
29443706
15963091
19029882
34576543
43565318
28841126
41996665
7225681
22522812
36049061
18319744
20534850
15931135
13532400
16472890
22326462
15915992
41491993
23117525
36073437
7783628
26163346
18661474
12507015
26741474
13751108
31608074
29243225
8018119
29627473
18904671
15654194
30384936
5791290
38136429
7928653
31630955
19874308
50500434
26871363
33111050
23911301
7434669
21045776
46398224
49860727
35441050
25807227
34493558
33415473
46275306
15848608
24160521
23233698
50944046
28609949
44590106
18779978
19877638
6731295
23886715
36118968
28251119
29120329
23877693
18332402
33940220
22009576
21492947
7155862
18121271
45393892
31278773
30654588
15071243
36848066
39097996
23051755
36069796
29850573
15341810
32867027
4964573
19098202
6296668
21136248
25628031
42472242
20878282
28336140
47530181
6386712
36757311
18416543
47640649
50430851
40328592
46701771
19051782
16687888
20088926
21830785
6327899
15639808
30239779
15259902
8907884
36256862
8600696
46154035
19754732
14325055
38302478
5924751
23802872
14213544
29529826
22534178
34081931
35495638
40623657
7741458
13597371
7929077
35038354
24801123
46537422
46047682
23604578
27507863
17170320
29725321
38193116
8093342
13928929
31066052
18519574
18506320
42700243
8808510
23306394
24239469
19981518
38149134
27586776
50143254
13271877
12496438
24518574
16919002
5079976
18075130
12505052
8227893
28335122
19589956
18357654
32331850
46952354
9147230
35440667
13814933
5038171
30588313
19132201
32165424
32274303
4635121
35258922
30574751
31032283
14560640
16503159
34012210
22473564
46092689
14804651
6151281
42457979
33330961
43722775
7778413
5302049
34772227
37179343
38214275
20974987
34936391
24841665
34417133
15036243
30236483
27955323
19692180
13876558
12475895
8195758
31905762
36245232
39926713
5669060
27705456
50922438
24942105
18306411
5408056
12727923
20749546
47418758
44264979
19006427
8965476
28837611
18217360
19276233
33491120
30744397
15138910
45856098
12585508
43808182
47011206
39873768
41444951
12733766
35983345
32397553
37051147
19220926
20463762
20013392
22669332
5515806
13359213
38395598
18434484
45507347
30857824
12980237
42485188
23899533
46255857
26668357
35148951
20605099
37767157
22014562
45258326
13100384
16046098
47610461
20219283
15614223
28026678
31283403
44394149
8801328
5093683
25413385
29471493
25379757
22099960
33398327
18272472
18993503
7921208
26968662
28770041
19726483
23026176
32934913
28599585
37027595
15077614
30291424
31291641
23843600
18262652
25761775
25371755
33954018
44779943
38956853
25641722
7519853
4715388
18144424
40997261
4728074
34356453
43299348
43761442
6681102
29339480
22299265
42206177
50202049
35520259
36981473
28669645
14206045
12637835
14069285
46306317
51202766
14615536
43327248
40713305
36463943
24300026
23409325
27996610
6497158
28791392
28508268
40863882
33288424
19179127
5930984
14281252
51867753
5499260
13348001
4761403
43654307
23006246
19261173
8063940
47051490
18101601
30328523
36897464
34117183
38693952
23593988
32859468
18485639
37714451
17076858
18413433
14620770
27635807
26298742
39698379
40300949
42556396
38872693
14051224
8540170
17546915
19568967
28056762
18161914
20809909
40675411
35371470
19115607
21394160
37354723
22920977
50701116
30613936
36922656
34916671
15102053
38998234
5126868
21786372
13726943
50161837
24641492
32933032
18395761
30350771
15270385
16524098
34204887
16467747
39086117
8202402
43714494
19641337
35222939
23261988
38137645
33112567
5454341
24716441
22280966
33024282
40623691
16009074
31534737
37332810
12691242
15678893
41408031
21313075
8143997
28429760
20810465
18639608
25164065
24704751
29068191
6818672
4714650
47872825
50762635
32703909
4989445
22729142
25367605
7955668
19315123
40354391
26459450
24767759
21635183
23700994
40563040
25000718
14475151
39435918
8103681
20373667
20554042
34492795
44579647
50643534
50443694
27958643
5918508
50586225
14701085
26158790
46027155
13134203
18700119
32561259
42642790
23729306
29718318
14387256
14220431
13613821
18205852
22360800
18578005
40240150
43665186
27689060
22301694
27881916
44634399
19048575
40506767
42165978
39250997
26240538
28971465
14465060
19196094
46309694
29189912
48649593
14571812
13749179
19267801
24094070
28538273
28692177
29829283
21616233
20668125
27984938
32350232
20871710
38536552
30484148
21347561
38074100
30769096
22308568
30394688
27842225
35288482
14983944
32676580
32743795
46300335
7356151
23589882
27684662
31782672
8402000
26099389
33825813
30256153
7687178
14739510
39359461
47583491
26312603
14017443
36121767
25713869
37811300
7304409
29278470
25183684
46023571
23181000
15829799
24462396
15882120
44091579
18315340
47592768
22026852
38018742
46521673
44773864
22632381
26685903
27146432
26725179
13785443
15469006
7577514
22840625
22978459
50774246
4698025
7007689
32394877
33202307
50341432
44554141
22547571
29312271
8501840
7544970
16456616
15433962
30366077
13459298
41547206
12743226
40044498
17361109
18498143
34314377
24045802
18571499
4587240
29306789
43977948
38137234
24053138
23983687
10133401
7110790
8323382
34435329
14231737
26131779
44041527
32146920
24640943
27310128
28555273
39758911
21857806
39494100
33395191
35521500
17968637
16928204
13780180
35256620
27715597
30147567
20336210
22219943
40718369
50365314
19133875
16917950
41093607
9157965
40581606
23128476
30025792
16375010
8743152
23347828
31935450
40240307
21829911
39076922
14239557
28462055
42145400
39702174
12504461
22783460
45431339
23615979
17806398
19068059
18411136
5089480
29861123
7556786
31214414
23810610
7727261
29451616
17546972
14233270
50601615
48920455
24204877
8314893
20000656
13501226
20937407
41469336
43650880
43092304
21215708
18733586
12619572
6106262
35035778
24465485
7634939
6290096
15870489
36966095
19292997
23149745
19031629
35142108
20371700
20884487
33485534
30348858
7926561
40635460
32913840
40754293
21293136
38553187
13461331
13358959
41016507
5456126
41204078
24597812
8476946
32066115
25045353
37395934
30579181
14746019
17817912
39623207
28890179
25682594
32334313
30904000
6713347
41590139
12605856
5140521
6347040
39920820
44909838
41454482
29067918
34398462
30831291
17664483
44610699
34799879
8706954
7953535
33492116
18787844
39258594
31695866
50864149
41595229
44176870
26444446
31582197
25149915
8002207
19116320
32006815
34887146
45792500
46324777
44764540
41435221
20960994
38260054
4575619
5027031
21306252
18990707
26435313
35742316
29864255
15700520
18302211
43640437
20601291
41813946
9035267
15968545
23230612
41616642
50219645
19228968
35435210
49973338
45480119
15237392
28114180
16695977
12428196
23226792
27344324
33044329
21870325
17028945
20287283
5615762
18254223
13674416
31517625
42764721
31968201
13163517
19396789
44728568
10950045
50082191
38449995
12806657
47173463
5641696
50391886
46008434
18031192
36653953
5125768
40881377
45654286
16468991
20914882
5207346
37470098
34331826
30808432
28352857
36957512
19508906
6119463
5342510
21101885
30831573
38693368
32486492
15170665
14226324
5543044
22247859
5534822
18184894
25287278
12702793
12525620
27925427
35753491
51221725
26491385
43918848
21800604
28927375
24724550
46830831
5167938
21122513
30821068
47524253
26704344
5481770
25541386
44179698
14063558
5425618
14914936
26024626
8053239
4832350
5692989
14921750
23203969
36069425
8012141
9136954
15095543
29213860
26315330
29156913
5332557
31560404
39840373
5885349
18836696
41672669
22959515
21513475
15226997
21658208
21678132
15001848
45456431
26698230
13802244
26193885
20670145
21634115
39379853
6618917
19473921
22740691
21754290
7070480
25725998
43283907
50559766
9027171
32254300
21321398
13111731
14314801
43176948
28289708
16763129
51839569
20172492
31980824
47842188
19200530
24120249
34699364
34411126
24994868
21264202
24704494
25663688
19987989
20736552
15010482
13360599
4910315
22645855
7010677
31494286
33612206
42535489
23615011
5978513
29204275
7329316
29173161
40435928
13921103
18387995
14693693
15985726
28305836
4643870
19051682
42099564
39989756
31085354
14103849
19741795
21979099
34588940
13246989
27558100
47857500
37758527
22971324
13689112
27197800
7639542
42784183
29137294
37752426
45441660
32629695
36460685
19229329
38760161
6706932
19543991
29252062
8032662
20741218
4829915
16505163
26994052
20935789
39376237
21307242
22823085
31566363
38744164
36624981
7595786
29634875
44062089
22387004
14364341
29375963
34764791
5305756
18171894
21812881
44266757
28169718
28309487
18818415
19474364
20248453
13965641
22641259
48495190
20575631
43541398
44303718
30995869
20688169
28523341
8307715
19565511
20611831
34293021
40672072
45628330
43982836
45378950
22548120
50473844
8708356
37165963
35171888
27774659
7653227
8971772
15099147
20362942
20027976
32270291
30972445
30504505
23618081
5376427
25289769
30949860
28597725
50661190
50419535
42320594
12539163
26570141
22399922
36695189
44390382
8471178
16707293
25579129
39304467
40605916
22789652
21789932
37399877
26096951
25337987
39627266
13072970
19953121
27291140
16469509
21515155
20602422
50865877
7887665
32607220
12860322
5435303
43060609
34809276
24781274
16706722
25415587
41832416
33331518
41376951
41638140
26285836
26374819
25857471
45916832
22914867
7534848
18699666
20765662
5597708
25633387
15355617
5251935
18559592
15291550
31295172
24683112
25864986
14848005
19710125
29770519
50609944
33473719
14795370
46874512
13733525
38094989
33122086
29922038
37324991
19085152
35418534
23752283
27379111
15157816
14143572
21041070
13948215
42763889
32690771
35004808
30819968
27192007
42988079
34842463
24673116
18832056
43280407
15312791
24794827
27851333
6485572
28547585
37024824
15821682
40347479
6895760
30975204
4631417
7593536
43950035
20141114
37735160
39377990
20221583
31276332
31856813
13873593
14735303
21557633
21828143
32067114
29506076
15600463
30661710
36093383
36678143
50721882
6952045
5241847
9057120
36458618
46918133
41656895
33661510
7802126
51359726
34112659
22610647
33531756
34363191
21868955
8558593
42987416
24726802
20025648
28922660
6556717
22181365
21065725
38382067
40911945
6992468
28963309
31666627
47329176
6786499
27027956
14350518
8250597
4991443
4792982
44167295
41804635
30994100
34526451
21118143
4907707
37269711
42442629
4805197
8193172
48088489
5724050
18030771
7538866
26114400
31598992
50664036
23206485
7381237
32795219
18009817
36945329
24626513
8919182
20582416
35290043
5149761
20336376
37259991
42321493
15540339
16869023
12632293
14346119
39958607
8889333
26467986
46938808
13965893
6509363
37980299
9564666
45505585
22287126
16079355
31273234
15308078
5529874
4637427
28619760
45539570
17638084
28357641
4759050
18368630
19186732
23908251
18169579
40518693
23626444
41901773
50405630
23187381
43192713
33727041
18632254
21553112
30456945
38201055
34719825
46714466
30414103
21356979
21985012
42115740
21123722
6856798
37029957
4932922
36597338
32874623
18998309
30296635
20762458
40052986
37455775
5323001
47376987
39541711
33628052
18434855
7360955
29848581
43824606
20880252
44497372
23576455
23626368
25563041
8308453
15168519
33551379
7320164
20879064
46336216
26652344
33716306
27640730
28412183
14322234
5594434
29273513
20146219
35152089
50646942
30039081
42891610
33943566
15193872
45603474
7114195
15177614
28708488
29361534
29316823
36645285
42002030
5556226
9141534
13137649
28545380
43632555
29621485
24389954
49938805
43082503
26383373
17987473
37751902
43295311
50822114
6562170
42616020
50595480
17359174
38286400
5291641
37610926
5591688
46489550
24997928
47588856
36811092
17236564
33297035
18790427
32265911
6936010
26144427
4599564
33046182
31241403
23713127
29767506
13974224
23382948
5191472
6433751
41009196
15536934
13778877
16275302
36380402
15900796
4924524
13973750
14513984
22688276
37542775
30235610
32762506
24369028
23618860
22420619
24709124
34385883
5427157
44721465
17623765
17976230
31941278
37535141
28393644
30365669
23663904
24472094
32625881
46240859
46843171
30866982
24503561
50371334
8957176
36707134
27741170
24711204
36583421
17340821
51034898
37374672
7227271
14257677
39264978
31906570
7090583
15039994
44946607
5673241
14333509
13109472
37212094
34882032
15664291
40982716
21315897
15474966
46939844
21103456
16046686
19436115
50356578
12770284
13420745
24345649
29841805
50819959
30100041
14386238
21752971
49933304
42520924
23600073
7639366
34391994
8881592
7737911
26478774
20437554
31968704
7552011
7799914
36726520
18130407
41376059
26562846
47593977
36381448
34357188
22497845
29616641
14704795
14930013
24575396
27422989
13869929
42437169
36602896
19305925
7282553
8239024
19079812
18487668
13767306
46344142
19768970
20357328
15822583
44571803
23771881
51119388
46008459
19860042
30438723
18832204
43021490
16452538
12071566
38333467
30319896
15714154
20698624
13787174
50049038
12397496
36105698
14399244
28979564
7329928
28050513
19330077
26301265
14206127
20218234
13128256
16126623
12411822
37716034
7677442
4686533
21500314
22756986
16025957
5969980
20960227
17948144
50557724
25151847
43473863
30787550
44344276
23085069
32483354
31210528
22462025
20527728
41083966
25282537
19555480
18249759
25291246
29511891
4934744
18240117
15555868
22325403
46144311
40073171
6476785
6320205
14087287
40220546
46175523
27145329
41787962
12541642
13049129
25559811
31616629
39946669
12818153
18396748
15830528
30518661
19594568
29001379
29325315
42026695
16279613
6015247
26609955
37977474
43049151
37447450
17288262
47187389
29334749
25388035
22581528
25530736
38059570
43415427
15395993
9114827
22038922
40111134
13868745
20255279
39369822
26617579
14079772
35506065
34854345
13241825
41365804
23900900
12615130
49399834
18276293
17431396
27658967
5631448
23769977
33710284
49921787
20229317
34015973
5017811
37685671
14475650
38008435
40018812
8104733
7768551
34653003
13544269
43561784
36482450
23092935
8853639
9786707
31213547
27747934
38593365
17405654
28938849
17953362
46867911
44361593
29994854
26036215
21311225
15283081
44549956
43839215
36383842
40210446
44697916
7332703
22639412
45751191
40688025
21305768
26718094
15675035
19887722
36706634
13727826
18060424
25592556
29559762
33552145
5437747
22343669
13965600
22974928
6900988
8577709
21156951
20314577
47079743
13725331
26699675
37632823
29790098
26305195
14815530
22261943
26150167
32292097
5369314
14256430
7746664
17661499
5486209
33692826
24576568
45957597
33631832
29407351
44579622
37299691
15464737
19791555
44108669
13567821
7317918
18789337
26187077
44493822
31878789
24072204
28282865
18290725
7076751
50192875
18753475
38481722
29862986
5872151
19201954
33264099
43784517
13981399
16778438
6842438
36597571
19572900
16036488
43839988
36814077
21766869
24917616
8411510
14334486
8409832
5312002
18208598
26167951
31463366
44078359
13638598
34029206
13321577
5978510
14560800
18572250
5891459
13445409
29750011
41280755
14789967
8349809
5806369
43084494
15592587
17573578
46952012
15853044
17237296
5299093
37787493
15680872
16380558
50480001
50521942
37655389
30848783
25302216
15027408
8361631
14348846
20273422
14086640
35011921
26485975
19930800
6547439
35471281
50528193
28997731
21663394
22025070
26485792
30113716
23361950
40199476
31548777
29001781
20388740
22285320
23083454
32334448
26723476
8213552
23542372
8064408
31780105
30652760
15067762
14278060
29139072
43042061
22426654
29758751
43707485
42328059
7243406
50633826
25861580
20289215
33595804
14537543
33573926
12687016
47851308
17615456
26112188
39028965
18990735
23518100
24711402
51955821
51502580
6072955
50197170
40170592
6655576
28734812
31554840
31243976
8107583
37368263
15676493
43307500
46392595
46223216
24831125
6330541
23527603
16520840
18401670
33223566
23391588
5793859
19420332
8660616
37405243
43671894
14236707
27783471
32702627
39242914
36924086
47877682
13395354
20568194
31447341
12537904
17450431
40501621
7507102
47276991
27311821
14327716
5122385
27426172
41998414
23752462
24041844
46022110
15898170
7037572
14224546
36609015
13572882
25078899
13085593
20303006
37325145
33451941
39836477
47814074
22903742
24038143
22190180
25105719
37022638
29752392
42212106
20990355
21211542
33023390
44181457
27485636
46208177
33332589
42716573
43391748
29441324
39536336
23222652
20710813
5833751
51695358
31153803
42052981
26573515
6797397
43932916
38989758
8295921
22904025
23043298
40733964
31233138
46572639
43768466
12396149
20695633
20057516
27482959
40067698
13831209
42930827
15083011
21497138
24065949
17821886
29821953
40224765
16914459
20046269
37704913
28489384
6497611
18358775
27242200
23939381
30558437
21866659
40557127
36852932
40012991
46355470
19434152
24850694
8408268
7433124
6659883
47435798
13385826
38586183
49970124
29040096
36343199
40893526
15857445
20492903
20675662
49305159
50370790
17726991
36183751
44801962
35141706
21379200
34474284
33698396
42847012
19034481
14161623
36830309
23895084
15002609
18115182
43236403
18256802
28758531
21437369
21608263
39404873
40751535
20214448
18652753
24546748
29438905
33589075
35415279
28512208
37362156
7952347
20614165
39388477
8043460
34938499
21221372
7387407
23853559
50999539
21026267
37911218
16919046
20047347
45603323
39215733
46110819
6268793
37719870
40606227
19906167
18888432
17576880
8054301
29262492
13906912
17280232
18100294
22803013
34640135
30699432
52121848
50510626
32021181
23575955
18987769
32525335
20426556
50392012
20504002
33599602
13536267
25166732
22151058
15043757
28371769
22866084
37741990
6565620
23517028
27137016
29248173
39058741
50482461
16241524
18219486
29475872
36717061
26254235
6312681
16267332
16576270
31096749
16433271
13684318
37631211
45110046
6321763
6899116
29941720
24160310
19462370
23502897
36440045
9007470
49679348
23308989
24655073
46697675
47313596
36734148
31226713
13599954
34136117
22158654
8418424
16850107
20337570
31296231
14489109
22644039
22115429
27784100
23415819
24189505
38862332
13028567
46338550
48636556
19624331
22941061
15581384
5748941
29555666
18470478
30596510
12608146
5755733
18318648
43901073
36023608
25423416
15367828
4983775
5649176
49436820
16805248
15911701
30072467
26992585
28604043
18694464
18196471
22003742
6028445
21003252
20903757
45867251
22099645
14276986
5269710
17197548
5041401
31043257
34391400
35154178
23384585
34715936
24096825
50562914
22400623
43952727
9169083
14360703
7523617
35154964
6810959
30646241
7511000
14034112
37751327
44662296
8962935
24772566
29205406
45432917
40718219
20892064
44041282
18965860
25454024
50226798
20248204
31747131
31766335
8770025
24449180
34107576
22388141
4759044
9098388
50492627
33637886
8458008
23887196
28685272
5413252
5056154
19011152
13739836
33962701
13319101
16075836
40295721
37272023
44245872
21216314
26112851
38328657
40334903
21563916
20896544
8164474
6285541
39291634
33997394
19006788
13227769
22008709
50100054
40064576
37922562
5464718
27755109
43848021
41551746
19460431
24022784
22823167
5021075
16126447
30942786
29473708
13369637
16781708
25379732
36597106
5180284
6430839
47142782
8965479
19978596
6813721
23816529
5016997
19518830
27332445
37109433
15701129
5029708
43751269
21545999
7192770
43701547
13640895
28626028
43073782
43704431
15264712
49890466
18509204
14007069
46869196
33388569
22356703
17511946
34465334
5829944
5705219
32717820
20386416
27201567
12444275
25225731
5408009
32189448
40577205
6157948
44643095
46340268
8305459
19398859
25600517
41745409
20898593
7812480
21681251
32827553
35182481
31670796
14280331
13301154
31422912
23011543
7096785
23744979
36917096
16776377
19853108
21306808
34368479
37988715
37918284
8464361
6365962
26782397
5250995
32695722
6450201
16710419
21701731
44271504
8092299
31119971
42533908
26471599
17752589
15242425
23790953
24491337
16132680
26994492
17329907
18163780
6543095
47551597
4801085
46705874
9155100
9065602
18354911
16002128
34601425
18622509
7911569
25143915
31349936
13317207
15259814
6078287
24962582
22791660
22409922
20160780
8822493
46752621
37972969
19892589
12698386
18716342
47419672
33994551
13884817
21351481
16875497
30213946
43370825
19224410
16813947
38739490
47154723
44292138
40795021
44628223
21025083
17112728
36860911
43831414
28294668
16004177
37692362
16553522
16444886
18692287
21121086
32994663
25709433
29948387
47033388
24773156
29448773
33174642
41964884
35014506
28355103
22977152
31744746
33126161
26166858
49950417
43701506
41117565
42599615
13018379
24802200
20400814
24354963
38297910
8083826
44605946
21024772
5988569
17928767
21221244
29278995
26986236
41898597
17493175
21129346
38923383
39731674
45494529
4781830
20013188
19540912
37885118
15432281
27356048
31739616
43663191
22571604
34466317
44654515
16417271
29454729
35028524
35312116
24649086
12868308
20440957
30297191
15860574
31406010
20080371
41634854
22368999
21806953
20908322
40253586
16593894
16470653
18281505
30945836
22916686
42477454
25445746
4849880
5152513
18459623
15267250
35453968
5286674
33534229
19108918
21009214
43925722
8550324
19284188
46161581
25665274
15177410
22913095
19348993
23153719
32792860
5075663
37863570
9150491
20184069
43095971
15845143
6371787
26773082
40766580
6211314
36452021
4740625
30505884
43959924
21464419
35002232
18528208
12413550
32815762
37949464
14440571
20062455
25143120
50494764
21350190
22984795
9820275
29740024
18596770
8073933
8179770
25715289
29019251
49913965
20831582
28932587
39167899
38700041
24838916
25665362
12632789
37672372
17990235
40029877
21064092
40995458
42240757
29986878
32286520
28853595
19833260
33570451
22203843
7731465
18000056
21577321
40426748
37389613
18338493
37071106
44944810
8091096
27224551
50530886
32374849
29924498
43266465
26897816
7831996
15041084
43268513
15264244
6141263
7908714
5631027
50834005
48800716
5833578
36949994
15007887
31816695
51069210
46004093
42503070
17312615
14839032
25021660
34402716
35526916
21172398
43665981
20812262
20162294
50174331
35753173
14935683
19972699
51601135
49893658
40850838
38958239
5610271
16844248
28408177
17490816
33144423
27765297
29483525
34380753
42586982
21446059
8912258
21639635
40511854
29690638
26049271
14551781
19860680
15374429
26298462
38838475
32366612
23032947
42229632
18983591
38562093
21078549
19774383
15980096
21605008
43852168
24276549
17735599
28696406
37049548
13655092
27403263
14509203
6081642
18315980
26486697
47418460
26837330
24844034
42634980
19243778
24857015
35820909
24786433
20264682
35041587
34497306
4902008
23840895
34236755
50976140
36810662
25147116
28130341
36809157
25189449
25193809
21195869
6666547
15505728
5586888
4902483
36983339
40835956
46250170
17519090
5294198
31403481
18381197
43953299
23308885
20984666
25067134
46333998
23405122
7914013
42500721
43637082
19276689
35784027
8004903
20674352
16656459
4849314
36154015
22004685
31269093
25662538
16920215
19010568
4810786
18324007
41310054
20763074
20682036
20701816
37932628
15056606
13083501
5082926
21011165
6885396
51249996
31058849
41543898
7564345
18305978
7526416
26534069
7027478
34833507
19441377
35854945
14623789
36869042
49264541
24139994
19228739
9159319
18302811
33285550
53485381
20685938
33427983
45376560
24060584
15691180
16428697
24967564
20018849
18024023
31455390
21896922
25624393
4976298
7500215
15267929
13296466
41491072
29316314
22213170
23145796
30677431
44149777
37452147
31275392
5617314
20098420
13385659
14291547
29090119
20985747
24175101
18221773
8849561
4656496
14468566
35192584
14559829
31089473
26916788
20536122
19076331
35922207
38662759
6873534
35502254
38821155
16544483
41037841
6853886
19208611
34404208
15442014
33730500
14272999
26214811
35879333
51028410
38639232
30359643
23436604
23723861
21247840
19484879
5212127
19560280
7575375
12703365
34888180
15198930
7195198
43766490
32915077
13589633
19623345
21438815
14840364
14468868
19823543
14708540
50663668
31869351
29298470
14719344
47438270
6045312
15677017
4670897
16162007
21301982
36968640
31054994
33089671
31070545
37661659
13889125
7207529
17568548
25398286
27076877
46309481
14327757
14440744
41359581
32300431
32050188
47466473
6282405
5426438
35132803
37816575
15044386
23840879
42394437
49933245
25038109
8495626
30777500
7396587
34015976
18428255
16848571
25784887
29127492
18389211
12981295
46933297
38199871
29321730
21080133
13483796
5532341
18639712
13605065
35648807
52222900
13509284
19290835
23012209
40374352
8290885
8868646
22071390
42935049
40125633
19693641
37544447
46108089
46022587
17989321
39392460
8204410
6732027
6925895
20212035
15028078
15005062
20306453
42694456
43912401
19832722
24185295
5421310
6322344
8040233
32315555
15169047
25003322
45963271
45644173
26666833
36221956
21474946
21250630
12459081
37659753
13487007
20758870
41696850
46181473
32698575
14083950
40965248
44083870
26669265
32286131
14181597
40305988
18954924
32009133
22932522
36453994
50423333
13848004
36314523
19996352
26053000
23101418
13263077
33384026
43898745
29064453
15446453
30871528
25827158
5752648
19482388
17099012
15995449
6598597
6045074
38632474
6484538
7875645
8935301
46114969
49791217
34902593
38212110
17560349
22421410
43302980
29502720
38659370
31274588
45546598
21690839
40877469
8080788
5902458
13708593
46351754
39783237
34085968
18628874
31183215
27291111
16162673
8190106
30436022
15801824
19326430
31326804
40487588
26655294
5240144
43246327
26739099
5979097
51081214
24818273
51008361
17945863
18662335
42795317
21788163
19697892
13745799
5329545
33967593
27469255
7705402
15007409
37911347
33756251
28703521
50080130
36065049
6048928
8696760
32953854
34448954
5830101
15620437
5147976
51887463
39254142
15904956
27603018
45475363
39135990
17567279
7808079
29983494
16126014
40707346
18447531
13893199
34116083
23999429
29062313
25757320
38461072
15733299
35865746
17992657
49928372
44045596
46542159
27673233
41394409
7604205
6268227
20254745
46564936
44879604
14600742
23513218
5763257
30513251
31399146
20764224
46690383
36737981
5521251
15558171
26248433
25666226
43818069
30704317
27662592
22077727
12438604
36864688
7496973
45554515
5087208
16125049
29964519
15316199
38222936
15643852
18916499
20308360
23416859
23695521
30680525
37843269
20880444
7048938
32652170
21202435
5194726
21990205
35054914
29703173
46584131
28647824
42143785
9108054
40245173
28713879
13453901
24897824
8055762
36231500
28843322
20208382
35191705
13963847
16138860
33187538
38195460
24231568
14814861
15943000
6356113
12478785
20350114
46526071
37244660
8200451
30314313
48589356
32956600
8759067
30474679
30718727
31175983
23214876
14046958
25034468
29060180
30901697
41306099
37428660
39772932
23168067
13666590
28115443
20379278
4566445
29026119
13566584
40596033
22395213
8803709
43603542
8288485
8255222
31288295
33922878
22163530
8948769
19956825
25033698
14106608
18043705
27915823
19085096
45782076
25361241
21844633
12401072
20493692
24329758
20476947
17985655
45435540
19197807
15179747
19462363
33592078
8989710
39774330
35269930
45963032
6489958
33238784
29515032
36060179
6486401
14796087
14049182
7824500
51838451
24080746
5121172
6227270
7291255
15541411
15909096
19113474
5147653
36218424
21309306
50645925
40225472
4580837
19870497
22779734
43859729
47334585
37905849
28886632
30609020
16260549
39206450
31134938
15366245
22243838
7295208
13498276
18841864
33303762
5164281
38834469
25971385
30397638
7232549
7271840
38193487
5630292
25002009
39704728
6590910
42303196
22154099
22590965
15900774
24386200
32777064
32772452
36026825
29755063
21107650
7301519
6046896
20276463
16039513
31918150
25077124
17782862
15335049
34092264
44230884
38508347
35359815
18746404
43716303
38904571
8796663
33006372
39262361
6781070
51464865
30418432
44033139
30045060
36943061
41237027
32443374
25689147
5468258
14484613
50843188
6416614
8572120
7136350
37767544
24359393
50319661
47118830
51773200
22980812
46283151
14631587
13032082
6610497
29531205
14304321
8496835
32528787
5460423
5910852
14423082
46150824
44045677
32496969
18981357
15104566
4912250
36311771
16381743
4656333
25284325
19117561
14017465
49737445
19599007
18082830
37777364
25328175
21295809
6524983
16393926
33471501
23730317
51015046
25804962
6831826
39200210
38233894
47058188
4854357
32710685
8285689
32588804
4646292
29733895
34195141
7020510
32619133
17961050
6321427
21889492
7987461
5977573
31642509
26710394
45352963
21372470
24106661
14808907
20997876
51060247
14114389
9725148
20734146
42193030
44725970
22521483
27753909
33224634
7730632
21305721
18745091
17608739
27898526
23501939
5314220
35401208
17712072
17886522
26671263
22752629
40331686
32187717
24888044
8422490
36154389
40009705
38941799
25447848
19104809
14166618
40522987
35839888
26964446
16929470
6658300
6465874
51783080
25011955
7141584
37114039
43363980
8888400
13727091
26583663
22275468
38965706
42746500
9000828
29206299
23434313
14470659
17711522
21018846
22188669
47791505
6044775
22099108
25356374
18380028
39750052
30622114
27819279
24389920
24593731
32407314
18874034
22586982
19639703
22806369
19235283
25096059
23071155
50593450
18319122
6150553
19327297
18801645
19715682
26058080
39490990
21606877
44580970
15701343
30868820
41165804
6697441
40172659
17993813
7197246
19393242
30168901
36339552
13576828
14176034
20971864
26691636
27301919
7266453
17633953
5491475
39553225
36178891
43348049
24355812
7920472
18727501
16103844
6256431
21846807
6428411
20046407
9046570
20083211
24089860
8848354
32897884
21408448
41178251
46972765
25958482
30203277
15639124
32754272
7707837
47419094
38554384
30299978
12541903
18466906
43276257
29433078
14198113
15642837
22801876
8253692
47638974
25609084
19441249
34264681
36799217
28897914
34514088
26172309
20450903
27153070
7435263
17797439
16938716
12741680
19986950
21705614
13369694
