51235576
28752310
40766696
17505434
31735293
47027636
27268432
32686637
31706808
51636114
19689007
41085951
42011873
45263437
41830983
36590976
39384983
46587983
51045042
51462054
15825288
19542329
19871132
31978842
43038976
51199539
51218084
6744593
20385517
42919171
19139159
18973893
32349943
7876786
44182446
22432962
32085097
42930789
37348273
19722094
17470512
17099107
9111026
28587584
32925960
50236151
41826893
33000535
13616463
22422457
47093493
38770497
6611113
45587269
39734011
8453271
34555146
36866761
42882075
22017219
5287812
39943430
46516625
43604236
22879483
34011839
42992304
14700623
15905807
22167736
50447621
34247816
51209030
21243232
40441504
34021917
45452724
51782983
23877991
51270231
28920451
13032704
26182252
40270972
21001942
39064981
29611881
14766798
24772318
8334896
35337801
40115444
46547927
45536322
51490617
46231751
46369651
46863174
22580243
51391962
37703590
38414605
18011918
47434683
51289021
40816447
44126020
26231619
44656978
40920779
27961807
51449641
50620540
17556387
32419303
51411355
47342414
14141275
50884513
44490740
22287126
22753320
29992689
31192181
47603323
29694392
34360182
45566211
44679468
47849690
28533014
44914626
45913546
26241223
46894709
13207939
51351602
24027964
30830826
17667675
15674715
37465222
32880520
40783030
12420930
12738092
32023676
50960926
42625637
24724465
8989082
29934177
41519871
33231901
25248549
22579244
47527482
47549074
43260502
5653113
13964152
32615809
28544145
15020346
31287478
25216589
14167686
23771940
17613385
49888304
31604405
22561717
37879039
27754437
51333892
41208392
50550210
18696452
23419275
26185217
8571357
28034544
41006981
30867834
26793229
32907387
35567838
30121313
19562841
36147795
7858033
6692449
42477639
13856455
6791890
34775661
25126249
33761423
37764886
37072802
50413418
41265914
20620398
21838453
50220663
37586129
44637333
45877917
50626041
36308890
19474364
36593348
8215380
24811789
15828719
40413820
50424137
45779975
46223297
13029494
19376918
43639890
4595593
38994621
21221096
31857316
38134186
22829415
27402038
31965704
41652161
45831544
46858992
50127882
15679009
15060945
25081563
50386394
22863649
19745261
46246869
42940229
44774388
49951139
43357926
46417105
32010959
6261152
7146393
49873369
34003881
19700279
50214644
37988504
49916378
37038311
30015296
18516848
44744958
33411031
47280088
28580650
42235636
40307201
50881569
51431784
37710150
31076690
47059614
47314809
50432186
36781816
43163386
37433024
30474346
34667580
22298926
50157834
43785773
18187643
33416036
29605903
43866119
21998285
25197579
46250126
45856039
16924619
31219573
31437012
46446244
7329316
22556797
38884091
18278388
30256118
31383959
37059696
7589496
22653370
47593393
5344505
14263844
30142553
23072317
20826971
6549337
44687351
5133390
13785895
9687345
31269433
39161911
47003396
17693885
31431658
23256694
15406197
31640175
33010604
15963572
39949003
14596526
24637195
42396885
45598749
19873368
15314289
23482772
22815099
34577109
18382284
27321566
16471498
46716081
14271607
28552370
14022956
51369361
50858818
46093854
25048127
37313006
37222653
45804529
19554933
33407814
12504443
46011331
32865440
40849220
13782439
36502833
19543460
43761325
39417637
39700349
36288246
28351336
42493564
26656805
46805475
37351069
20383877
44684636
27607844
6820840
18607526
22701025
47348141
22968742
34819002
24691896
33445004
26072224
45657028
40847822
19633524
4600827
22882314
19218657
8537931
43959353
23117358
44309728
35459522
35237525
24142623
28971210
22480893
20757350
23728464
39250382
26782217
32422944
47484983
19491134
18944214
6082038
14768745
44733381
5685364
28241732
15006677
36680785
45984646
23097569
17611293
50838413
28678498
44058957
20871968
24719225
49968007
50724973
4698917
36308679
39348201
28352671
42418075
7812135
41023264
17506464
21607424
5316029
36458216
24129224
37715396
43813089
36430545
24599147
7452545
16100306
16429683
7452859
47786871
47673381
27247377
13646490
29107876
43635134
19116471
31321018
30262851
40554325
46478960
7227283
46405494
5657389
29129251
28529282
15734926
40543018
50145582
32567215
50151950
25347355
28264254
50650508
35742636
25617434
44166047
41368600
38054845
18263981
36953752
18018101
31238142
46589629
46566852
40767051
41523302
39873611
45527469
5130047
19281147
42836931
34897941
50193416
40177601
16901274
40808989
16558580
28079752
6659864
44644691
30128962
28097172
25862937
47094414
47481229
47069196
16088374
36848455
24015351
7895330
7454565
5829394
36880807
50891965
43837415
42156792
42144982
28292101
46484882
8238929
7104965
45568222
5230123
9007680
14976285
38571499
36687571
19026178
22051824
40883925
35927042
22860734
14233201
18840391
5338008
33568089
4811681
37650230
29894248
45456092
45350798
50135915
25915505
31091672
24373257
50399642
31058324
21977152
46765103
32486109
20361349
21265989
45518512
15695188
20729440
22490745
5019444
7901296
37657261
14127326
23677312
39768757
18436171
42773618
29573918
36654531
5816231
12784566
32679200
24934923
30321083
47836467
30884584
8018000
18151867
25658074
7324101
13273278
47652238
23560744
15484262
30140225
17715412
34612279
38352800
5936331
31917374
18430828
22057071
4725869
51335623
40558890
37868115
40827285
37193930
44111742
46384144
46830407
43144719
15483772
47644588
47352873
34679173
31638667
17480791
18426536
18690920
23711741
37145848
32214688
14686404
7965284
46798928
46483091
34094563
36515311
39901926
44266116
37218959
20600506
13474017
37207043
45234786
31586743
30732161
31840282
44011289
42495980
45433316
47487474
8378482
7052545
5222438
6988902
20581267
12674302
5428426
5406856
6050439
25307384
39464343
18651226
37645220
16833196
40223628
22193874
24807180
40811948
27246510
6814415
43429300
43305006
32111530
47878763
50761026
18884854
50193947
23506482
21990840
23854124
40072543
40762414
20373183
16295896
31950429
42784212
12519035
14344860
32129884
24443230
41911820
31798992
25632084
23915945
17643419
17473157
32023968
28067126
16689440
19792909
41374032
14640392
22319934
19202139
6473939
39572294
34550330
35736652
36593276
43301698
4956631
34233331
36451518
46681389
35888868
22588707
46030579
18300100
28549093
44613621
39157064
20537190
42804447
51937553
46392503
49413355
16166927
27861329
26953896
37042540
41054319
32931684
17567480
46134965
18730492
16021540
28915481
21806268
21646260
17713351
15967571
21918099
35778545
51365230
13571940
25243264
44199986
14950584
20894062
41311769
13370410
29743326
44700200
40389938
23138982
50626978
19511306
22241413
43072798
21519456
46701042
21313075
21486023
20031070
15319646
27975288
25362224
28450786
28348179
7559943
28863727
5365519
21082574
44884303
12461274
21735516
34812879
37735870
24549202
18489148
7495333
40542223
18938305
43814732
15577203
13015501
36514695
12750567
14417057
24420079
42735275
31271173
7977624
13416507
23456015
40198750
50806498
14502153
15288004
19442889
13926023
6977514
36716040
39851503
15250251
49980623
19604194
12470190
13644231
16552171
39792024
36117906
36719942
31715687
7232225
45547968
33557734
33846359
5375578
34256849
32674639
43928091
47686236
33824653
46070723
21791091
15581808
27761958
17913172
31882515
21860589
42500416
19027419
37192868
21819805
27806656
13539560
45442137
36033922
18680248
36806081
18741412
18643617
34034741
46076227
6519313
34031618
38878094
34429909
8679852
49900139
46941993
33117402
16393511
47052125
45642772
22894877
25001487
40240445
29399726
40979938
40250985
20657859
26700059
40825592
22695291
20277340
30482319
32640003
14566395
13358620
7626872
44763003
41305197
23110362
20664999
17934946
33012344
22177723
46268630
15964599
35440579
30427941
24644134
36069412
16050286
38197182
31903843
28972090
24713048
24101974
28676626
27446960
34335545
44760430
47418054
13733053
7261957
28534526
47092460
14030154
5746161
46181225
6893084
37004287
18303882
50557759
41308225
35226234
35846629
27060685
31078257
19933046
30997305
45632961
51541897
44572406
50067306
22231762
18749888
8351775
43771130
45549595
8030139
25068290
37315434
18662426
32408175
33329127
8097024
9061571
27521104
20669696
36856881
18053400
39779165
25445834
50491594
49935636
19707338
39187082
31276162
29342615
35592899
37482243
32578384
22160039
30575794
37188526
6450367
37447962
40352770
32724182
25357191
27646350
47820213
13072408
46856413
7618490
36661879
18060519
21602290
49765418
44648596
12843128
37516069
20231579
33030713
33542677
26997002
40645607
46970670
47866193
5871139
45520328
9076978
45902610
30546131
46034456
6906162
29047607
12593529
36642433
18076465
32222922
51011666
46774012
35467995
30690893
50714845
4658211
35734007
20000854
43858935
33207506
18616782
24699373
32343732
12628096
39707772
37548132
15525929
33775758
26427987
8861471
29365593
42766352
47100549
47377123
32672581
28245153
21903224
39414307
29482024
39195611
17422995
35340987
24027631
31078905
25798638
25737113
19865514
14015172
34060078
40978581
42950418
13491072
15044794
18276842
21603475
31979954
7774866
42129736
6678657
40833377
17359174
30734168
45608249
27243023
27420357
50100205
43087633
39701125
37631076
5316262
40645431
18354870
5342742
31189036
45917633
15115398
35576965
21748692
38197782
8270345
50589992
22448636
21485888
10713804
30879055
21375530
8659915
19338380
4756568
36970412
33321892
33691962
40886451
29018475
23488126
26545194
5078481
21720578
16079635
15103234
27677386
15584884
7203721
13146119
25242391
28670198
6526155
23863650
36098915
50602533
35590059
8127726
31599410
34546221
26460999
24027927
41292521
34718923
51662619
34567448
39683538
50825674
29167132
17684699
43849654
38114112
23969757
16270050
14960772
16075918
18711331
41638093
6778013
22483711
34211610
14204245
47635358
40274748
41901766
14702257
14639852
36278988
34978780
42815910
22612567
22326044
30604603
51617314
18386622
21176869
9165859
29070582
41613199
45531933
32972525
28138393
37778916
7301195
18667701
44864062
13822752
27288140
5525636
30162992
14359653
39597078
51175368
40839321
4954724
7111808
45225279
6146597
42431577
50091437
5585685
25218267
40517967
24603432
37635726
31422347
15085446
33273989
8847497
25251341
45433982
46769617
50991365
20997763
42851724
22429447
45435483
25386436
14029497
33827550
51004939
33430427
24807874
31326666
7516816
21495316
19893688
6009750
28939511
29609619
13693300
14241313
51421794
40219016
4830820
46209179
46943382
6315420
51395625
50140383
32991230
35756048
36201677
46503298
15262544
47550290
28555276
25049557
43230729
26087341
7003294
4875675
32000843
31080362
30421008
36639885
35481982
18500728
18872878
30614891
47114790
28339294
27787452
27797065
21880758
18667751
21967265
31976071
39885166
5678927
6211914
14821169
44333457
44643629
28242112
43324437
27861675
18939373
7729954
16201978
35114189
7815760
25609558
47353416
12439663
39880965
7324830
31939296
35764034
18204234
22176951
16021785
46864443
7381617
21126201
34385748
5426309
27752703
42454627
24992154
26150930
20907559
30687651
23096768
35199851
35475212
15974046
7534192
18652687
21789416
24463851
39494716
22178509
13058858
14040650
13597371
37590892
44161671
19050491
30145446
22243823
28547585
6544367
7426438
36073179
37836832
14457467
5993809
38546272
32302476
45943001
20352241
33597601
15007422
29096406
35493841
35570392
14463150
39028965
51052211
51522187
6110566
20569847
30813242
31304128
30672153
8236784
7308211
15259509
49904549
6210108
31039123
20292809
50153408
43326193
51058205
40691081
45420093
36456969
50181038
21887915
39396208
30311580
46463214
13488286
30083547
6608983
8123696
23213780
35856419
45377357
41873235
46773230
28264028
46319725
29479294
15502100
28965320
49952566
17666258
44331999
25715904
46296434
40794613
6706084
19749854
23884284
24665039
39298131
6076593
7926746
40590928
28862737
43012659
19984147
30827951
19071062
43038379
23545469
16128876
17329329
20587198
25021986
28244805
31803205
34447279
40646320
44282214
32047753
20387078
29616641
18458869
41888223
29830828
28953155
33709275
20874022
46935584
18891438
42898289
43196480
28649564
32857976
25445746
36040057
33552145
12607861
27445094
40773083
41594575
27794445
24859054
18982548
6643462
43292813
24299219
8837459
34053939
6247929
42749337
42992279
4814550
21643797
25723529
38335054
5370140
51640317
43997162
7856265
40204603
8218481
30469992
37926524
33751077
44138153
29730929
30176030
19349489
18664144
27423291
8068837
12427486
20678219
8387718
7398544
31535570
14511352
27063541
42851162
28137108
18140036
7111424
16226306
43768466
41568842
34536365
21460086
20267695
35059048
31552421
32654749
16826646
36203844
27552938
31394179
43111283
8639332
21307292
40342032
25651298
28306465
16367087
30011228
22658855
20837542
8367078
15518326
20328293
29373711
43670156
5967894
36954688
39289592
18834095
46244371
19589387
46436470
29823929
22982939
36151182
30608228
22643763
40960156
24907039
33915637
5631131
19974025
41719922
33664077
16803781
36701463
29529546
33596624
36217642
17743447
35441279
19766664
23423158
32933179
46542244
7681400
30972684
38092073
44455960
42501572
5948947
45998177
23498468
21941199
25746711
18540931
51286489
36234267
34541483
15928499
34816991
42873317
41159612
35752831
35055397
19681433
15659839
22429676
18597941
31137797
29174345
18395196
17703294
31472590
20623411
19675392
25578299
49761186
19620643
33581246
21372018
15123431
15417315
6644917
45478935
34190891
41113742
26782397
35736900
25683939
41044297
32242459
40439207
36226549
7659862
44627739
50452952
18104514
40656386
19709509
25460565
19462300
22940681
38302579
32385851
31929186
16437930
18174279
23617195
26568237
45628506
20672426
16336862
15011760
12675813
28646354
24756996
30925482
41764894
18112814
19330482
21444312
30140055
13915247
46348499
6846123
19791555
18010511
30647884
6599898
22258585
28510816
5061739
35112574
37072570
42402577
46274939
20276234
47593990
50435105
34115665
39158594
29030665
42847257
27796729
35793040
17271844
6511437
15648401
20148566
31365958
39554969
8112879
21379200
6498076
15155585
42990253
32690510
21631360
24082364
15275277
22585719
18877861
32921059
31743521
19126530
25422027
17860826
6901723
46750265
15175311
34415992
32402376
15178309
13534957
46047682
18632119
22573570
21490981
32234228
32269229
32288553
20748632
44096470
29426813
22405555
6439922
15907293
36789406
36497495
6764049
29171333
45462149
20819622
36094379
23000422
13017216
15869170
38623458
15910680
13387042
30300606
31679718
8908070
12637338
13010770
40718156
23812897
35301375
30692200
19632163
38282067
22209868
33539708
7880936
20241664
47673083
37680597
35405669
18298739
22483787
37807247
5112658
18945345
34400108
6598186
15698644
46105073
13949713
15614025
35414368
49828925
47144883
7110391
27848106
14549440
39240872
7325898
27021019
35990891
22993359
27238063
44601192
32768057
5628838
40021781
36704190
44069308
29775637
29732471
15855768
18238006
8666459
39598923
47139825
18070952
23511210
35441684
47265031
15369267
20829132
19379193
5203406
4707412
24442256
19274125
13400475
37340586
20027102
44530466
33660204
15753195
33400281
37825509
14367925
31983536
31720361
42396486
27517931
37599195
27694046
52113296
14552554
43084494
6167417
34739381
37162168
7626344
33798569
13294754
24788044
32863357
22735196
47673422
43449133
38445515
22867903
15717613
16848778
36734148
18937523
23996234
29719848
44110422
37424312
32402065
47407206
5739350
49383972
41604116
34490891
42533908
37813069
9112729
44131389
36762781
4930980
36658002
9204844
41142126
23401817
32325542
36178228
18896459
40772248
46926254
49868484
13442079
38058801
47001862
17235480
37687829
6303982
44597262
39841397
30606814
27196697
40629601
30303415
30415564
21431922
35272742
5197777
39167045
36087401
18030708
30317486
18267735
34991108
16469572
17485334
22476093
40665405
36260189
19982401
19815431
33272770
22889800
13033383
42302191
39157746
30088250
46912789
15988522
19736065
32641495
39525654
43736896
28751176
28848298
50487811
34432316
26820206
25097193
27276773
37435801
22402410
43841031
23869839
35158611
20676941
22227200
48640640
45472403
45745816
51010070
38119565
43824289
29094769
17121095
17267191
28804457
7156808
30427706
27261562
30822481
6019548
27576701
14027075
50738319
19944975
25946786
15486678
27243570
5604019
17710954
22607697
14002388
6555542
34348627
21615859
31273234
30662845
34981934
33095461
33466132
43539717
41028225
36286434
4886168
43923900
37768345
18713106
13738234
50232767
18676786
23419457
23998594
31544655
5476672
44646054
30949729
23624552
46684332
19103339
40566357
15125068
13708593
38566752
32599316
15474966
13743286
23646440
19243127
30869332
31457627
22506994
44079622
4695684
45464169
32075763
40005928
28351013
28756661
4898857
32934587
19199927
6746192
19855578
23344536
12406503
31675949
42123324
29948387
23963694
16061721
31475722
42973810
42975431
37435628
47881021
15165208
25900847
25111773
40904722
29618529
13178503
43718823
19566045
40327514
7458806
45507347
9023310
19778354
8728317
51153128
38026766
42781136
17695544
20006066
12612604
23142588
18671467
30613939
7132423
41365804
29915532
44666359
15046343
23214876
15252032
33551379
15753807
36651738
43700746
31747131
43983518
13731332
33717286
26344276
14283800
16007981
42186580
28766435
38979686
50238165
27064342
18960695
18756592
13820726
28645867
24051768
31839239
31904682
45483678
19870497
28699874
18842046
18492651
25629410
32283536
50198461
17661156
36634946
40929616
43953603
26234528
14980797
34315094
40260193
19485259
32549443
6493231
43370602
7821619
15981196
37333520
46460095
32363756
29090119
9182359
8971772
28101055
31804986
44148693
18633859
30732418
6963261
15947707
16751235
25754405
28933681
18614080
5420522
33389901
13475590
37049548
44494061
40438563
36269727
39896714
15808795
28778451
27394734
21208319
47837671
46919427
19433410
14911069
7440934
20360827
18976343
22414436
20884974
7281030
8295035
21387563
14073165
29587437
12761726
38599114
13781575
36547308
18387995
30315240
19794370
7293759
24734609
34801651
19035091
23118103
23604578
29244635
5346054
14285619
16164253
22224891
42967721
42161802
36158068
33698396
7918638
33111050
51447433
23421335
41492046
36294215
39861283
35001500
50135632
43686870
25729432
26705713
50127298
43006976
43845715
43963339
22481299
5186806
15149607
41139651
44131537
43751389
15600463
18288608
22722586
38072737
17723611
26022492
14897821
50611618
5675996
25033381
38852201
45637868
29226725
37356033
7703310
20725255
15249566
40508445
16684404
46988281
12670620
23041014
20292589
41494198
15151712
20666112
41023870
5499260
39590597
26150167
31613450
8525603
33608487
43008430
46232895
6461181
5964275
5539824
36557660
46077251
40595665
20930907
18711469
32241020
20642063
19107181
16714243
15652610
27512942
23829102
7246070
20528808
35320686
5765051
12876357
18887285
23030147
29605975
33240735
25673461
47131010
17585387
32444225
46147569
46971113
4920094
40756596
13599954
13820063
6779829
34039014
20932396
13813676
24494843
32811235
16302270
5302049
16892685
31812011
21324831
29954255
18639709
24956324
35635778
32310355
32861523
35360810
39373673
39499394
34121251
4861881
35069421
14449786
36967031
28075922
20639298
20536386
44634751
7281256
39177274
15008823
14412636
22614955
43948787
19269561
6446591
21196777
26129863
32812797
4587224
43753179
25410083
15198829
6682952
29253275
46066409
4615423
21626911
44709581
26180637
42725935
18953570
42522878
20926729
19415698
32221480
28561961
8064401
13686658
18276035
19587053
41663059
28704319
14911534
22322007
4978321
7118537
12674167
13138780
21384324
29749028
36946039
14677212
22082194
37152750
21607433
44147003
40410038
19532967
40672248
31577312
26453528
25116501
46596047
13006934
35763377
21894066
20945676
27568725
13333496
21112623
21003896
24536516
34817054
21159926
25638873
19040997
26743824
8324764
35164989
20604753
23086357
43303350
15813520
6553996
27393584
29257371
32140474
39723317
45586025
47579463
14987981
47835063
12762198
32023245
23101424
20831586
21356979
41856892
18300125
23372075
21648579
20610772
24231568
21373564
5305137
31350263
16116822
14465060
17989321
27336281
4625366
15916696
31089297
42937374
16799377
15720940
31310751
29159253
33253201
18630561
24042277
27029963
38207175
27634403
23356465
40997261
23824939
29940354
5288867
5087208
25034468
20642974
16883857
27481062
33359660
29990688
6342045
26715619
43797652
4883526
20665527
23628885
28636543
9001143
14627870
39266322
31323921
14701427
12691242
27639527
21201134
17070967
22159273
34556676
25177527
38637089
15406379
6026510
35055058
35913577
6298497
46571185
15388220
45473013
36879884
6709363
21043687
37125003
40242032
9041638
22247960
45423935
14586040
8945244
28492626
14009429
31801386
49976866
44710149
46874512
18594957
4572644
14615536
14796256
16045859
19966174
27198435
27995227
34857694
50189501
20777220
16169509
42215426
40364745
24294111
31654036
44017978
46848044
18751675
35440667
29660284
39490528
24892348
24457822
31071176
31012890
23499244
23013481
20606082
6083184
13570200
18539467
19605849
35268199
5335005
7424085
8766327
13502618
15216919
16445473
17410485
18225474
18240975
18492397
18977870
22942924
31351098
31560687
35821805
37267459
37427542
39996202
43009998
46460126
47866514
50546543
21340542
22988301
36810718
36982623
38485577
46130438
12477456
39775452
12616142
37172407
18085133
31786891
5157781
29088756
45822458
29062313
20349386
51241473
39863837
28303119
19305274
20351308
14344279
49945296
38936756
8858681
19708322
23713243
42186583
36702622
31359153
43131728
49946157
4781104
39208137
14359826
18850777
28770764
5577067
14157957
7887445
40543744
25872243
18007734
6839636
34019737
5039843
13632881
13696985
18425817
37235056
15360998
45500850
50121096
30034733
9148304
20218234
15585120
31441447
36925449
28896208
9052728
34776022
31450178
31168409
45448546
23234059
38409544
20014539
31643358
9070993
16007714
18784163
5457875
13871321
18934632
24531936
21829076
51230525
7577618
13572622
32441746
40565688
22275967
29761861
17770609
19062863
25295182
14333509
28019477
21171424
28984948
21868336
35265944
25434371
43073782
37546269
25378683
46038594
44404215
28425519
31653338
14975095
44654515
21724282
15199301
12817552
51318005
14475151
33332705
23804104
20477280
21004389
38657990
8174389
20816751
41145689
34311993
32975808
37261559
40956288
20513543
37436002
18604416
25615713
33488142
7589298
21234228
28473073
6132724
8755671
28902032
7811104
19572900
46902136
17605625
27259608
34765827
25919822
4873278
4625155
21175829
43488824
35764515
13304389
47004910
30503151
33665711
36221956
33440257
29910169
43814519
46078583
4740581
5279807
5670916
6492044
7106574
7530739
8829728
12594565
13504616
13695756
14125636
14323374
14347250
14761894
15075167
16101428
16279346
18719270
18983896
19223502
19259162
19397112
19921284
20183516
21456508
21694688
21759059
22117172
22459248
23451312
23462883
23959295
24089235
24935140
24978874
25446092
26630010
27084633
29232349
29304706
30025921
30179294
30406481
30469938
30542361
33011832
33464055
33852811
35036139
36316872
36758420
37477641
37602528
37631525
38504857
38715607
39691100
40008636
41409579
41458821
41551218
41649418
43963547
44010385
44182289
44337999
44392119
44403715
46364405
46595224
46768920
47068420
47897920
50049038
8507146
13607936
14138900
14675770
14679672
22442965
23045849
24919787
25172729
33858975
42506485
44072993
46813898
47183534
31714782
22550521
15393266
17505415
41005269
36566726
36733140
20810355
8863208
32803340
27479547
45110046
7153971
15014167
30997817
18936187
32550973
20622516
5515175
19577057
8389968
24389954
23127593
41870919
32724439
34292769
45983358
35894206
26740208
18290634
47408341
30008156
23795235
6654888
21474977
21010619
30606268
20811960
8888152
15690140
23171158
9098388
29055999
27520215
14869336
36281910
33033465
32515963
38206031
43616985
44170150
22425777
19680173
35947057
13691515
16922910
35036033
22855359
24993058
42534015
34129982
38645226
8660729
39865295
7666930
28938572
18101083
44187768
36891561
44546840
6890724
18899362
37980767
13312532
4651284
6805229
32841816
36290791
25186467
20817015
43380385
27190006
30952421
33208829
8822493
13062100
26808971
19109179
15906897
13935620
15027817
19754022
47561449
28620806
17087373
30687635
23141363
46151081
20538227
24781274
25697576
24533403
13954768
45560993
18792120
14536443
37719870
33112567
22278254
31053228
25457914
21892106
52089442
14658190
18637846
27576359
6822612
21169869
9008324
29842845
9056896
28138493
21865876
40318589
47812268
49771933
5007308
31746031
44363820
14661143
34265406
45510460
44734559
8934362
9169045
18696663
35205578
37172570
43479474
46313769
6508685
35010715
38791276
46685350
29353322
38850410
23012705
29685021
7563688
15105251
32884727
26750971
46966862
45418126
31015243
25937132
27007174
47348537
23204647
20863749
30183925
36634667
35082346
45372717
27655376
43437163
24265261
25612185
29274132
25022310
13409520
40579077
33475227
46950413
37904285
39238664
19644896
36655995
7487344
17710508
14741414
22077774
6978400
28500125
17559548
8927331
32257278
15593165
35152187
32270291
44605946
31620656
42457335
26169538
31509391
16116718
21209067
7687178
32087692
6797473
6921565
37042316
33029409
19713392
46282095
40301156
7224355
8878633
25311384
26573512
45422596
26957248
35655963
27825719
28126797
35577411
5632281
22184516
33319944
40845293
16779101
14658658
22749751
23536981
47832886
19712896
31560762
41953307
34169509
18192905
7516574
23533644
39923493
21242848
15867436
35034374
43914852
19052640
34538492
22507540
15041363
38572357
30367029
22385009
47871374
12683388
8580311
5402081
28573060
35244898
15777750
16312313
24365789
33793567
46697888
18162027
43216834
36680207
46225851
13159892
13491421
5818904
46401391
39466526
4793083
31425897
9045313
14667687
43771485
44836705
15820551
20006286
46337698
28809855
29650771
42432605
18228226
15830528
13796049
36143334
46398774
8813197
38284697
4614377
36739841
5597639
42863653
18269611
16095415
6473282
6804792
18412528
20377607
20939458
24417205
31648284
35700385
46026181
46376026
5591688
14794406
29317564
19856922
26973968
38392520
43136950
44602427
36163060
39916578
41041155
34058312
8784539
45997077
19299588
36249532
22632381
14212153
8789987
8008836
15769239
30566316
38052002
16375023
14617233
15492110
43948674
19056407
7510328
26295666
42879930
37696239
39377447
12401072
35469114
15681579
47800914
34331779
34162802
16140861
12806711
25164065
44266757
15895550
38770271
15044386
41093636
30213682
4781830
14203158
31070545
44678381
19420332
33025288
34525207
33652108
25232306
16942168
23066690
15743692
7130550
30461836
15274941
27974892
29764864
31045736
18699666
36407586
8054301
44331295
28753429
24690501
25588792
6955887
41112658
13401958
50534357
22174751
7795714
22383762
5893448
13029246
24817208
14560640
22319824
33666537
47617219
46843171
32055359
7434107
36048540
18900226
18760393
18812902
13415608
28106455
8603404
46398749
18732150
41010930
6474771
15469006
19220740
26495956
30047928
30950479
35750632
5519831
8415631
18775297
41813946
21972694
15192678
23261988
34408789
20267657
32222912
28865219
30914665
24905342
18338493
8756120
24571014
16036865
46962058
31189482
34634446
39272112
44728952
45792767
41604726
43827293
38835644
50259361
30010691
39920820
17976230
38085410
42723686
5457580
21224335
28964013
50531106
33287988
8329866
47841921
34691573
21117194
24455991
19030759
42115740
22992810
20973604
50738290
7955341
8371954
23478871
23931791
31644743
33779440
36712408
41260891
43586571
44651181
46914269
30271943
35783631
41830600
33623299
41590139
37794128
47408928
32061645
29766636
7507441
14639365
31012818
14914528
15814060
18297765
8914322
31463366
21482103
42948209
18822465
9103367
38764446
14804267
33584372
34156450
35570339
7423209
21674886
25235731
39422004
13149251
7887957
20025220
26718094
40671657
7761165
42823164
21385590
7720428
16810818
19607266
36451493
12207483
14462098
29592432
46062105
40573121
15098207
31107653
12657341
23934530
14931445
40817999
24491337
5133022
15985726
19370506
30580686
31621451
35127861
23829570
35224905
30552669
45631603
14228501
7494319
23253097
14625187
22853829
21555873
20392253
21480177
26873616
45610947
25282453
4676998
43288503
13748303
26999782
35307702
24164696
36050726
20770548
13869122
44932027
36625239
6089266
25785343
46416766
19075574
35910303
34996307
50168597
23323484
32979524
29248606
35014506
19316220
44563355
18206088
22066436
50603356
14816699
6548291
38538214
36302943
44113624
18130903
26254559
44825238
23117955
41429387
45486851
50137015
23547558
51726796
29436785
6505499
32912363
18643664
26030262
13644863
51287554
7860622
30929214
41826962
6385984
9138634
41093520
18442188
21839229
8549746
15921559
15215744
27054455
44392820
21675113
22780840
36380402
28684370
26801409
7816753
9029869
12765421
23271843
13610695
49946531
16112826
35347833
35753491
27258360
44568542
45423954
29411030
6789678
25458102
17338480
16593894
46938808
46354226
40301028
33435690
4921690
35040890
31320125
23615011
35410294
45601350
40837964
28894448
22349471
23600073
28804778
28627130
12702793
15848806
25271001
31187846
13359213
32490306
14036569
43991469
24448608
44194444
24336054
39981537
18262156
19408871
32053989
47859068
14339547
20984851
20550457
24649086
7405170
24177790
19836797
35038354
18104278
38779812
43280828
32001942
4868242
6101387
6402731
9132574
20927395
22049568
25386420
34299659
35763073
39423546
41033936
15235288
22911370
30551849
14873304
38871958
45352963
30547916
22567476
33881199
29195479
24402254
8192299
16038577
13800441
32298022
44974813
15193985
38222936
38431130
5542796
47557648
22823424
22317078
23427571
21313091
7763182
8740972
24377922
40803340
46107366
29167597
14922039
4660467
17621959
18281495
45238317
23908766
36337456
27361848
15665453
40709259
50356578
26736074
32114119
38566803
33174915
7870948
27881536
19557795
35195060
25709433
5993580
24801123
42945806
16337987
35758310
23249534
43528452
24647430
44192399
24045802
33396599
45644173
41285889
14069285
41000569
18749775
19227771
50126792
6963996
5657693
15157816
31128762
6578604
43806363
14700786
37156259
18689041
28478319
8539750
13532400
21600688
38889714
4989269
43543013
45456431
18399820
17737770
29252420
43276257
30309503
8242530
13508018
29316556
37933194
13707723
23614182
26932631
5446091
10154393
13751108
15038555
17740915
18661474
36814604
13001512
16898041
15161190
47509776
7344267
7983301
33843754
36826935
15137436
15034241
18632477
21427477
15995449
22308568
23766100
28282865
14272999
23133236
29706679
38785175
4907707
19946489
20199287
20360689
13093290
12584735
47677487
8452347
7468749
5763282
5706504
8696154
24511980
14789835
26524604
20029835
22963502
19942436
4781387
46556268
7164571
28888332
28566538
5656041
42116224
29307452
27117491
31369898
30141953
30855647
38763925
19709138
26057895
32813089
20531029
50069807
22189960
38809374
24134643
44092346
28603933
8253692
44770970
4912530
5130025
13334203
36799625
27745797
49975619
4611455
32009133
36802836
41757856
16562095
20615950
19772376
13787148
43065434
21408649
8267295
26435392
7537374
13571155
18306411
24686197
29228990
34111179
15714154
19765496
13348001
21506063
8677832
20305532
28532405
20845597
46961059
40823352
34549381
25846592
42474378
38583400
13476703
31087095
25309612
44682459
36935273
34710752
32402668
26905044
23653047
49964431
31478389
39885156
44588064
15627314
35214343
38538377
24683112
12478861
38321384
5471570
23242623
22076508
43911069
14378933
8350758
15902043
17240620
35554292
28638179
36438276
4811003
6050308
20871710
5809209
7672268
8364691
26435313
28606635
19459539
37034312
4933311
6093869
50423333
24655721
27003483
32772034
4580316
41912693
23817600
26210847
16116350
29596224
9192965
29182872
41781088
13981399
32415140
24139516
21395765
45253808
36727592
50823955
19267801
15440952
37966953
41015548
8721777
44520853
43790960
27291140
39325076
36891580
5102863
12798345
22242654
44551778
29114841
8179770
16944606
17434318
18435050
18667619
21388216
23184302
25170555
26881058
29079331
32274111
33712351
34109693
36504755
38178781
39091464
43381730
44509992
16105364
28362969
28796497
35741119
44067112
47405450
34706018
15297265
32389919
28700015
31570787
19605563
23026469
15806341
17576880
27003203
44177681
20611831
40756838
7577074
14494092
21928360
36544088
46869196
13988443
33269989
19218139
15847791
16281388
22548120
23017474
27685743
31016415
32665560
34739180
37475407
38814875
39139100
41813312
28750375
22225369
49831969
13679593
32836692
5466028
18997260
27020159
44156585
8607341
32287679
14437508
28930680
37829348
13658064
34107576
46901994
36890543
45066371
6988783
29137294
7273213
24721066
44267568
46136608
28832016
45519188
7676390
42320594
21098209
31386894
18369664
43362629
45996952
34102703
8280892
15053823
22400940
18375671
19519779
19958509
20852273
32067206
42999134
5168733
13957947
23478644
42519476
46958386
23029029
40262207
45515804
29642688
36471106
35589792
51367178
15979223
42720685
19715811
32967438
46885711
16003432
40372665
34327795
19923376
41366929
23003067
8912735
7233076
24849331
45636005
30832849
22206965
6565563
20002711
21781540
23426510
35246139
31789143
38615406
45841964
40303799
33469606
25655118
25116514
45461430
29109142
8500112
32291286
45374973
39086117
13198439
36649533
31782672
31694996
25331864
13599514
41624216
15649466
36416203
6073907
26148700
38306028
39049807
31977180
23000079
40690067
41157501
46008459
6410230
14423522
30195954
47817857
4861127
29641701
16112235
25390715
6866641
42933849
21212937
30385049
7285019
44277282
27759228
18445857
26040048
6637820
6404390
13572882
34157455
34984529
7727170
32619133
31751143
39055622
12764142
49872263
29110248
14638021
20164870
7066295
19572008
6003023
24080746
33142447
23525938
24275635
34857669
19166874
12619572
36236077
8714849
17162557
42272883
8847946
43090642
4857429
36659890
21691505
5710814
25785007
35656007
13640986
28430215
16914632
14742642
36168514
43630255
40638739
20527696
19587688
25385999
9108893
14875550
10671725
32731018
33744238
46744085
5693391
37956580
7118320
15072547
35535049
26300373
18485535
19503408
29658657
44362526
44282754
14205621
15362290
18293436
37006634
15293470
47012161
20017288
28369215
18415889
41469336
14175468
40421941
23318115
21588109
36437937
42670787
5287994
6739516
19741538
29439653
9095315
8285965
24208581
14450430
36691253
17990235
4704603
21280299
7412895
4854539
36090291
15957794
18126414
50486731
28485630
25768221
37049357
24686791
24108034
13120411
23765079
5934084
43947173
44954578
46918133
24503212
46582042
14985713
32543848
28219553
43863757
5813912
21256800
40960951
42987868
27050883
31298103
6665824
12461962
18824350
22605652
27218679
33747612
23895578
26995560
40798119
30227432
20010590
39074949
26292742
27356567
21196434
17091856
7380348
13384707
15100755
18656114
28741123
29223750
29942119
32119966
34936391
39664613
47144239
5408012
14779618
21830496
22327263
26566645
13103337
46789035
30543850
6724732
33206159
43326928
44603784
8010137
18895698
5917845
34052504
14642965
15332102
46757597
26427535
25383112
31030738
44626099
15612631
22209925
6287975
8012326
27016326
32261350
26355749
32859468
18377059
12432073
20342785
25244229
29111724
6853072
44504636
50944046
30269322
43982104
38424397
45564160
25742718
23947492
37801652
29100323
16456616
33263662
43383741
16164552
32548187
22149141
43357166
23877693
18716131
22598552
24077636
24625841
22632054
5978513
21264202
15033993
18397081
32759920
14408427
15798007
35117997
50170165
30044909
29437781
8711519
40669741
24449180
29441783
47357249
18530730
13257809
19908127
38326361
41612043
19375960
31666627
24761024
34514088
18117425
22923032
27312543
11292356
15642837
18836696
18318657
35903131
40623842
5769132
28214316
47008865
47290594
22669332
23644008
38672470
36965511
21870435
43750861
6106262
5880137
23337131
27798105
47487326
50892326
38042257
14536418
32531539
17578950
22011998
15759635
34675582
50682954
7567964
34342174
40802586
25165975
46399914
46254653
43318898
50507069
23834119
35078208
31909875
8444292
20011875
30394688
19041283
19555694
23059380
39725887
7284331
7667270
7938643
13072970
13402599
14430295
18702296
19601467
20095316
20131375
20144940
20489507
20740677
23792433
23917644
25017974
26257361
27011302
27567556
29223357
29227464
30259558
30675665
31085354
32491638
32890529
34165588
34822392
36240293
38869847
39253665
39549380
42472242
42726717
43327990
43358765
43361363
43748369
44148882
44326199
44705522
50643135
50705310
51110500
5642312
8308934
20758785
23551121
30243401
33603727
43076901
43195415
43366911
23885955
8588790
42104811
22423619
42477454
20784779
22668616
18924347
50543631
46812358
18218651
8796229
8195758
13980294
7237905
6864213
30550294
6047885
39308049
32891355
20156611
5874824
7030010
20263306
29135949
29988954
31702753
32312504
44486125
17769108
7236083
6827754
36936721
27851927
19281539
39805096
17406935
33599279
26039240
5368994
36669001
24180237
7802126
34637220
13302881
36656048
21974180
24828631
34366682
5580639
18571499
6658300
20736675
46959819
18245197
24896087
37167745
30015874
14704657
41582103
30932139
6132617
23145708
40886674
36585830
4651868
13667071
41616642
23011769
40518693
8496835
27308695
30279115
46915082
39786878
24380772
25029598
32915077
8267355
6512178
26204922
25787696
46422361
47904436
47712516
46734456
27542728
4772769
21951152
35048049
37698187
32759591
35512936
47616606
24118810
19261804
13483796
17608739
38193487
14652296
30595404
47797584
25356374
41638140
18653124
7988293
46123602
15625433
43808182
30945836
36713709
39942327
5175377
38956853
5021075
5776703
24673116
12413550
33398327
32324072
35021173
21699422
35376836
33049060
35257270
19397486
17657512
23600334
29189912
28605422
28592824
27715663
37859175
5649220
14559116
26083889
19493902
35626690
41282112
8841917
18678734
38609795
14053197
13148639
36924215
44805977
18145860
9020112
8804429
25594353
29646857
31852896
17559152
23840879
36311771
13675138
44160550
29370943
18657051
4716299
20731061
21963819
9119087
40021187
37441698
5586156
43373552
27391174
8367760
46516920
29201517
12571918
27780713
34521741
18660318
8255222
5188211
19229329
41057275
7159808
7483555
23405122
21926424
34634427
6528769
6846978
6949931
12573281
15007887
22598263
30851507
39911257
41126126
36810319
20060262
50778223
28318239
23191346
19566388
35493643
32148683
33602115
43583071
46831123
4790268
25175343
14925077
23055334
38585131
28134792
43667634
26382346
22024128
27662592
34331826
37863570
5348884
5313403
43034072
6741291
20062612
45575887
25560443
44251191
30826726
21033797
28357195
36272190
8471178
13445409
46009396
40291678
35399370
42804861
8122310
6352724
47463563
7282578
30582489
20012978
22550762
19006427
35122097
21695429
25393348
29755358
51287051
45376560
14490724
34452120
44570502
26124010
38571295
14067020
17490816
8514708
20559627
6055576
46568766
22872455
25615430
37059466
7769079
5924751
6175890
6945737
7360336
9133734
12609871
13310261
13380425
14036644
14037590
15087476
15337226
16310714
16710633
17265906
18257383
18353896
20075181
21281942
21455072
21667174
22005859
22150115
22991741
23252409
23831470
23957759
24440327
24449280
25095628
25371755
26450707
26584373
26994737
28857343
28906006
29696038
30051993
30201144
30669687
31602137
32067102
32444398
32573781
32671460
32902373
34350638
34373521
34380583
35131333
35371253
36205745
36908196
37306603
38666312
39370632
40145758
42737892
42814864
43785513
43968341
44010309
44726080
45287678
45488463
45495365
46144311
46317303
47291231
47308158
47367054
47427586
47597398
47683572
50496812
50628181
51297774
5882361
8414790
13436141
14818807
15831700
24159437
26033664
26221823
36626586
39579187
44008933
44132065
45593508
46333998
18389289
38284782
19524495
24696803
26554678
25155265
5647653
30409990
16863503
46872074
47065668
26403574
24772566
22471073
44498277
42178889
26460396
27794209
25025341
17256073
7834531
23352981
26157242
7076556
22228159
30613622
30830125
38519811
44820614
21425670
45878369
35613329
8369708
30779982
38238757
14709709
29298470
40233838
47375916
50504528
51110063
7920479
22188848
40619199
4885185
19781219
23122906
16311974
13589633
45456695
24717698
31602963
43154235
31122846
24548935
23378698
34353801
25392336
8193172
31373426
15552997
12655289
32288012
45629241
29170340
14489109
46110765
33213840
21763715
23846277
20618143
44091579
29045540
46221924
47657893
22522812
5406906
22257777
29547962
28971465
13355619
28717897
27823448
5524848
45847007
26262183
12675496
33435074
14860747
25037355
32114942
46435738
47117853
30898354
22970734
7240556
34661973
40772731
5731857
24920928
37837642
30831291
24484793
15015320
43201937
18532911
50663665
28050280
30013050
31345943
18639816
30708492
13859528
22332283
45486933
20336210
35095761
41123673
34057427
29420957
5873455
24618515
15714955
23242651
24583788
15573568
17779883
35135389
21848739
31862587
27310128
22612130
20291574
4912250
7907941
12547922
20051487
21366360
25738584
7370326
13631794
9163494
33640767
7559491
9000593
29312663
47864490
35459067
14990366
26771200
34493558
40581606
46892381
14083979
20043784
24641360
45564785
41792398
6669487
38113395
41594060
42967910
16578705
25728785
29700785
31228875
33940220
50443694
50721882
22326462
36261687
46322367
20707590
15708562
18753227
20524847
26170914
16741377
29774446
31419576
40331090
37269711
47797801
28865797
18482073
8121044
4872785
12650966
17329907
31213129
32160957
38588451
44073952
42288010
9040391
31738821
5314085
14451423
17806398
20734912
28805133
40760841
43912392
43194720
18380135
49966363
5671573
44395849
34662441
35465030
18586126
50226798
5421392
28266083
30931909
30445242
35879126
24695986
4575619
13731571
7813938
47313700
26144427
14743276
14761300
21005353
6573442
46705145
41083966
29047510
40393384
34153584
22101848
20641510
5286674
4991164
33505480
32848429
7204403
28708488
8951669
22338686
27830617
16126014
7177385
45475363
32596517
42852529
39322937
8523498
36418764
42262472
35859523
45456485
34805883
23482245
31637819
9099148
42593994
43770678
44450267
46078398
41085622
24589826
7941974
18587612
36115782
40501414
29389431
7649673
12507053
20202868
30431721
15402263
43076047
40363925
44495478
19245656
24476276
23986919
19067157
7777269
26263943
32353257
16381743
20456310
20556649
5363028
7715581
14190686
19909249
9201344
43284353
8183942
8254242
14496847
30914411
39017671
15999785
22829283
21715001
38760161
22585245
14216237
15075688
25221016
14495421
19868222
21024772
21206843
31673511
32412976
39135990
43927179
47538415
18117086
14169534
18579152
16022923
33946874
13903856
6647056
8713948
39460711
49927310
33375450
34461250
23626862
7635568
15585673
7993640
23316051
34403184
45809964
12674249
28524843
37673264
30927188
44764540
15907466
14216136
17602229
24679141
29207709
32858959
8149956
6878039
43085148
18934745
19032556
29086770
33491120
18699085
33741407
16883031
21731253
21951969
16588447
20067607
47397766
20289215
44116294
12742742
37819371
47562335
35041587
40777208
43192694
24127465
23470090
29933847
21569860
4677174
14189021
30096381
31011282
27649994
40829195
5640697
19698259
21262411
25893401
31748796
46188268
15264998
15963091
37348795
39202878
47300634
14556788
29850573
41496275
34869293
42206177
20119547
32212570
38888288
22203833
18637730
14540339
4933808
12427442
30980830
18344157
45372677
19278517
39240084
13481789
28129665
12401144
6434088
40528488
4888364
4974928
5382066
7429300
14522341
15655117
17508396
19971895
20977220
21457730
22337549
22415938
22518596
22543706
22833207
22932673
22968519
28262492
30607031
34277369
36275491
37014730
41045928
43615323
32606724
20365587
6544160
7152117
27722521
5291641
5596423
6015153
6448498
6656038
7002273
7051178
7180772
7374124
8053057
8091617
8408268
8815459
8868646
9089673
12395904
12622950
12687016
12877089
13082150
13306431
13420745
13536267
13828837
14044564
14280068
14440571
14665780
14691839
14716777
15043465
15071243
15095543
15287733
15464822
15853044
16423183
16596854
17487162
18030771
18204250
18219486
18262652
18303367
18370280
18487668
18602412
18830567
18831374
18965860
19113128
19434152
19658845
19925095
19983544
20164415
20295825
20492903
20602438
21064092
21216314
21526060
21555892
21608263
21832205
21866659
22003742
22243838
22802941
22948991
23018985
23173473
23223315
23331423
23785440
23829576
24202175
24345649
24354963
24391575
24694475
24849305
24850694
24853949
24854288
24897824
24917616
25415587
25592132
25628031
25785186
25986798
26230837
26322650
26480505
26566381
27034748
27552841
27558100
27804991
28513926
28657132
28739279
28938849
29136483
29187983
29215120
29234070
29252062
29306789
29325315
29475872
29841805
30048396
30243599
30791348
30942786
31528300
31601163
31775704
32006815
32128504
32156681
32214480
32428640
32607220
32625881
32867027
33085487
33392081
33599602
33954018
34034625
34288123
34630814
34973518
35135643
35147050
35148674
35148951
35156739
35158985
35290043
36073437
36113929
36575589
36789723
37334045
37362888
37405830
37751902
38059570
38923383
38958239
39200591
39264978
39406164
39694179
40012991
40144093
40442823
40780400
40861381
41070686
41178220
41209221
41394409
41420575
41547206
41663916
41696850
41875459
42403064
42556396
42569339
43021490
43042061
43082503
43133902
43295311
43681161
44041282
44303718
44308421
44779943
45212999
45435801
45522622
45571596
45725430
45981055
46146256
46175523
46181473
46237422
46240859
46408588
46521092
46752621
46965282
47358188
47376987
47418758
47551597
47622481
47851308
49305159
49547423
49921787
49944112
50220562
50368742
50370790
50391886
50430851
50454727
50494380
50510626
50664036
50667005
50819959
50822114
50922438
5487805
6045312
7145482
7604934
7677442
7871175
8113941
8907718
13014716
13921668
15001848
15290865
15302935
16695977
18470478
18914067
19950799
22076696
22427615
22937819
23091742
23606680
24163945
25579129
25715106
26085676
26225204
29643065
32045896
33294173
33908452
34360210
41862456
43541398
44705826
45431339
45747054
46041421
46699638
47705369
50701116
34101044
32229560
37425368
21816129
14327716
22954950
38665873
18993503
35195054
46851650
21852861
35686088
35024619
38546483
44724905
23888239
38672652
26218412
23791999
41807481
18754518
5172974
28994822
24390014
8052228
22177274
39874214
7381916
29528585
24404484
30222918
12848346
44367634
40779608
27992770
28668869
30197823
36994593
43060609
43146333
50557724
37715491
38192940
23413946
37478643
41585854
22071085
26581112
37772529
20784726
45912013
13675053
39345236
20736552
20749546
13307289
22914650
50770090
29593340
29983450
39679467
28922660
5647819
12438604
30646241
37641349
23535708
40492709
4727691
33525209
21707732
35141791
12431115
18797740
6768158
50078006
50974463
35384759
8707639
31560404
6286040
6324606
15920177
16809917
25847660
38253988
5519960
7014591
12455028
17945420
21974466
34510915
39378980
6274664
15579911
15911701
17514896
49848208
6231656
38759580
31195480
32146920
17912078
42840996
27722594
8474228
46347327
7851351
8112779
30596108
31741074
32137134
50202049
13752560
13423421
31761271
32188807
33077652
36422417
47404571
13156367
42793762
8279183
20141114
51359317
26218280
13530612
26491385
12976335
15089898
27344324
14378079
31285772
38449995
19838783
34568334
28880877
36758031
36296085
13439258
36424551
24720909
45995881
30191204
46398224
15077614
23908251
18367722
17681721
41273470
5755733
29607326
45757336
15968196
33905257
15374444
29390644
18776211
31206145
12637835
26505248
33187513
44666208
15641788
46867911
28609949
17903034
39971138
41873627
6925895
4948020
45581046
5121851
8600696
44361919
33254036
45856098
16576270
33767725
40441652
18850475
6319435
5140615
7022725
9035267
12685819
13892920
18158260
18246853
19774383
20531749
20967048
21786372
27271008
27682007
31337722
32666973
35115603
38464412
40861877
44554141
5212127
7687033
15924732
39126559
13214021
5052868
13596463
20742911
21306252
28758531
43354037
43571162
33228580
19287012
24491726
46077760
5841033
17648094
12980237
19940935
29071534
5433591
19632034
36179820
27531695
21101885
35365438
33616617
38744164
21329679
7176788
8857713
12642047
42819177
8425986
36601746
43149843
15833340
46071386
5907868
8143997
18285136
18318648
20134504
27478790
28700311
44077241
50186143
20192784
7841223
25173653
12860322
13767306
24656311
46355470
29346040
7658464
20511844
23323349
25017516
25989170
33174642
36857261
39200597
7304409
40789464
45455926
50663668
21462841
13500956
30794590
15670819
28494615
22644661
31472882
52155651
30246725
45467135
22399696
42457979
51050716
50080793
14307648
32122485
24147097
15350474
21491644
30328906
44597200
25413385
15736020
21265487
19593999
30298825
4671893
28775938
15832699
5671067
31100195
36933049
50373913
18357654
19696418
6676886
14325055
15667882
17076858
31283403
31669398
5280423
13525934
14109712
19264713
37798633
40449066
43686760
7664285
27829998
28619760
21036772
26027045
42979458
21364767
24390806
21086912
31518033
24945328
5674517
26160810
38035038
6291101
34773377
5705219
33943566
6133651
38137645
46116103
14475650
23810459
27577072
41369131
36463943
14772123
21673209
19549549
39087028
13705963
17624340
4863734
38870384
43855033
49855440
7415050
26167471
15141194
30493566
32647524
24150502
37895353
44342966
49827756
19865137
46693509
38074100
19995353
36717061
47615167
7836099
20764233
23006089
32454074
40734850
44507325
45436061
50517735
15715266
8772472
5184155
40607581
17874439
37879607
13928929
4637838
15052796
25360685
33733255
21847438
13951331
19231601
38169089
36231845
22488732
20501800
16096169
18745091
6000564
9074037
13852845
23884497
30716641
33712747
38505243
44194275
36203615
32112247
19874770
28702211
8005616
20089466
13313541
47848094
17935907
37531434
47837501
50665226
32655905
17388523
16163440
20328010
13476234
22136776
6828106
42457703
22402498
15050750
38329377
30737247
25580536
19598702
40544803
19936122
20087289
13955199
21396510
18052552
38987163
19597524
30866982
51515860
19658945
17016734
22131467
18135694
18217360
14049182
35088525
44384686
30384936
34819784
13044727
14271504
15291550
20244651
32344178
40665578
18379868
32066115
5444093
26625961
39836477
45823445
45824167
46041980
46110819
46223216
46848465
48920455
50595480
51268651
51464831
25038109
48704386
5649176
27955323
7360955
14772066
40403101
24773156
40514244
14332787
42223987
41228423
16544483
35356582
32606642
30661710
7495924
8493687
19041192
24509721
32050188
32334448
5284306
12796592
19224410
18358540
26619376
39564934
31070183
14923931
22397437
15737949
27559708
34171507
8162476
15733299
12808696
45840494
16360506
19997464
15565695
36069796
25606853
34707240
8773148
21788163
15177410
16579855
31032283
8294740
29151167
15280181
23709511
41364827
41844037
33154677
33795217
36207602
8609524
29736939
21595492
23682326
18329090
18914165
22035167
28456149
30997892
12544432
16468991
16942234
23983687
29961563
32827553
41204078
44178306
18878479
26837330
47677927
25598158
17518955
31560618
42879892
27451578
22329563
28604043
19655383
42726070
45966676
6619627
7295924
18771606
32690875
36922656
6510139
16046585
18731032
32792860
41277761
8347814
42154693
5754966
6442196
8419819
12139308
13224973
14739510
14922872
16016416
16875497
18118512
18244402
18482777
19097866
19174779
20336376
21974874
26298742
27200137
27468857
30683475
35507469
35646032
36054776
37174490
37325145
37787493
38662759
43043340
43305716
44394149
12615454
21160890
31233138
50429839
32089423
22068481
40545456
23359449
32661774
44503429
44264979
17570581
14281626
18791592
21779580
23391588
26096951
28005689
30285313
34081931
34342388
38821155
41094848
43422172
44640726
46092689
46770330
50048321
29789739
35142108
28502007
18671370
23812483
13967793
7369836
34699364
44760672
25429818
31160671
42144963
6022146
33730500
47361952
46120866
20429814
24684915
23425555
26688692
33625891
47588856
50457438
51064620
5068918
36741317
12632789
22942368
33141828
34601425
35222939
44801962
15067762
26722555
27491463
29035704
32077984
44177238
29930549
23980109
45593515
21761516
36069353
5119353
14669292
29821347
18596499
28090408
14028464
20200449
14589238
40675411
21945431
7617808
14519215
22586982
6166430
41039434
47640649
12430920
7095453
49888801
19081423
8063940
28169809
20467371
18537849
40326575
43351878
7195198
46599113
6333352
32415090
42436396
18699625
12462911
30679844
8956548
23921738
6137719
7090583
20985731
21446945
22791660
29443706
40912696
35822876
25610752
31723387
23618081
25692383
38543479
21483425
21885998
24668026
4903758
5733387
20702215
5206554
44320620
44706803
6199976
14289957
42860870
36653953
18691633
35613087
20154038
29245578
18554324
11269429
38657035
29068191
34455696
21886931
5472094
24103165
35712395
35865746
25567785
33825813
5097378
5117160
46861625
28310436
6328555
18979997
22025410
19715648
27211548
25385227
43799788
26378092
13816384
5081591
47176032
46799387
4842086
13935451
22835256
23843220
22843725
8855838
47291945
24661419
24428561
16131493
8336137
5437747
16023416
46346372
29946219
5921223
8922330
13800199
36379836
23618860
50601615
23057313
6045639
19435393
40810490
5118882
20942663
31305756
34884573
5029708
42203240
40481622
24856069
21066486
42716573
19116320
19725057
40537888
49903092
27795343
38299654
43714494
18217564
22319067
24663345
32252201
33763578
41133273
24033789
45590571
36932684
24655073
44664860
17210416
4643870
18796575
19852763
22666178
5945419
15433962
13762927
28278093
20810465
43867574
12521954
7813470
13638991
44565206
20279115
33158149
6562170
7743444
17711522
38190245
39167899
19045995
4857640
7381815
39145446
7604105
22959653
13137433
14304321
17722552
24508465
41208976
20804615
8169755
26596056
18541138
13354262
28133413
34764291
22711879
42699345
4849314
21982841
42414462
45875306
18394618
24086068
32499567
6338875
24008361
33240367
16726419
22248711
41603994
19949056
18262061
37385391
31226713
18885473
19549392
30916861
19583070
20153350
38261744
14233270
33553100
5473558
27803992
30153580
18053098
31066052
32734986
26577263
51178773
30367994
37702978
13764648
14229224
14627245
12828027
15943644
33298163
15375230
40305988
30955729
22910048
8064282
17653368
14983944
13725039
22075439
27879742
31049575
31823742
30557985
41543757
42089364
37726295
27864842
37353215
42299247
18177439
51547024
31543427
26966918
30963932
21143838
27097762
33383357
34626573
37756532
30823242
29481933
18275787
34234785
7126627
18641738
8116291
45995249
14224546
19223957
43329451
31429230
13743970
17578982
9147230
40487588
6789958
37477886
8568969
26180273
5832338
22881713
11645038
16848571
20817785
47844233
17608073
5038558
43473863
30292781
38688294
35742913
47687229
12445469
37276604
22155296
24056173
5104764
28337786
43160150
46708975
21374594
14627166
30608577
45404680
31214414
50625108
23222561
17695453
15975375
15614223
44337864
45584191
8554440
36170170
42883866
17419945
16398443
7435263
35930406
29992737
51249996
13969816
33583762
21306808
7245756
8249074
37362077
8688042
20605099
26758219
31517625
14211999
6022140
6565620
6596310
7786656
8190106
12651610
14390614
14401581
15335049
15682239
16241524
16442275
16524098
19472294
20758870
20884487
21828143
22033845
22247859
22840625
22920977
23181000
23886715
24472094
26112188
26413394
26772152
28927375
29627473
34236755
36381448
36808811
37610926
38904571
39483224
40481798
41454482
42611060
43835542
43952124
46209798
46489550
47058188
47172658
49882235
50161837
50219645
50365314
50482461
17703489
18525603
34117183
43151523
47610461
43987240
21044846
27014158
6569710
18647931
24627217
25003322
26271153
14359456
20176783
22629924
36068244
37404671
31803868
26486697
7618704
29130743
32038064
29243225
8268765
30207430
34098151
23996869
21669219
19712968
17988677
32720182
44763079
13453716
20013188
21221372
24561800
34012210
38195460
25458426
18891285
18559435
20472794
41898597
50110094
39968609
29725321
41357740
36217133
12877048
38543420
7966754
19726483
26994052
40794943
24590872
25062601
14073954
43049151
43950035
18290590
7831996
29729377
29193000
40623657
37543803
18547959
37894719
36428889
34577787
44076308
4778980
41189266
44648590
17731914
35712254
26403929
18429778
8018119
36992130
13241825
38350696
15951517
19653620
20343724
22227646
44679475
42260521
43772877
29066535
7187332
30462643
15730327
18324007
36597106
30103255
33388569
28293738
44401001
17360151
7887511
18290735
37016822
15964847
21549898
14764052
39291634
19633721
21197022
47329059
25363735
23969980
27852769
7605204
42642790
29740024
13175829
20286346
15771306
17744515
21928768
46118720
31017841
15816108
50540625
7816665
9820275
8540170
14711989
16960116
44106454
28040802
42411738
15782434
41943858
30465609
15960009
34160747
36087238
20480362
42328904
18315340
14025583
22977152
20383689
31371384
21578402
4992238
33526265
7997809
51302071
46568989
44596757
36900998
30992665
5868909
14814182
5167222
32444762
29642518
19271065
31817182
27573607
46780880
22974928
14557049
39777365
5691654
22783460
18610024
23955931
16687888
6336855
37141716
4728074
22978459
43753896
38939505
35871536
4823070
7516621
4895744
20447925
5930984
19333282
28449866
14329177
26819659
16709621
13863414
44108669
31124269
32283322
45815591
37172699
19710125
24828813
18531836
20170252
17340510
5146754
39390952
23425913
7918509
30291304
38739490
29690380
34387504
34472607
5063062
21513475
43127603
18315980
20471961
25687652
7656312
20748013
22645855
34916671
32795219
19904681
29714137
31405511
35150685
50799947
38053627
13895709
7926561
15004425
8691715
27037566
43948655
31445623
22744863
22571604
37942763
31429538
30839009
21616233
22133512
31585973
5830101
36121767
25329206
35382374
36154886
5240144
18995020
21480783
47385774
7992167
19123169
4723855
27715792
15887335
42616020
45026501
30474679
8713332
30147567
13174638
17948625
20315579
22368415
8837450
20607892
29456391
42613614
27586776
34772440
18161914
19432213
30285200
36609015
44410649
21990205
19292997
23947332
30574751
24963628
19134956
18285783
13376489
15987642
12637011
18832835
14047373
46487043
7716643
22273687
18146843
5027477
21634115
31183215
37428660
21005869
22312287
30609020
39388477
37966045
31747724
30863200
7301519
33422288
31613305
19448600
29432038
7544970
50185458
26383373
38916754
42764071
32934913
50559766
39547642
28821199
35868357
5597833
15656795
40995458
14192882
21810798
8012141
14575748
21887962
25189964
34051611
38392975
39089117
40334903
40970099
41550907
46876588
47137670
47466473
47624086
49737445
50661190
24516121
50050891
35172051
21753740
19651977
16920215
5230594
19475329
15237681
32058830
40227483
4869358
13510550
23069923
44062560
26657672
43415081
39997192
20499642
22237935
40223990
15121471
30049844
20854010
29965257
18921142
15177614
23347828
44279606
28737837
27903920
20649411
11257252
26709477
46184103
14360703
14028187
8650824
5597123
36950821
26134449
28509226
47788310
19837042
28362369
10950045
6745281
23202985
28083013
13501226
41376951
22788037
24083536
7921936
16448134
20562159
29339480
15047131
30905976
39007087
13288581
28114180
41754988
29211979
31441246
19443404
22984795
24771152
25363741
46208177
46735986
14164985
19747497
24500573
46266943
40044498
43312084
5872151
6747204
18589641
29055955
35241009
41408216
46967842
15581026
23961988
42251671
19980657
14645391
14525074
9000828
21033009
37015472
43870329
8377879
37220793
23803328
4598628
31320396
44672705
16380558
21658208
29986878
40911945
46351754
46933297
50233782
50480001
50521942
50646942
35892503
27758558
16069292
22641482
21859474
16919002
33386483
26696860
28595758
28537196
33218926
34682082
20046492
14638005
19098074
43131964
4854357
21979081
31117191
20974751
26680370
46701218
7636714
29173161
26086286
18520712
19747183
14007069
45562089
31003126
4613704
4767344
40374352
33303762
29144117
34263757
49884798
25454932
15029045
23038121
14087548
14042013
7233123
45463280
4863697
37273522
28396654
30505884
43762284
38797047
29199748
43003570
46725032
47554651
49945019
27712732
19864057
25441794
43650880
43569695
46509314
46465253
34500856
41359528
21311225
37823747
36547861
17752627
26121346
19229936
8365445
30850643
22992122
45070298
27291149
35687630
40718369
26166858
32974441
20763001
31275392
38971163
26837808
33757323
50834005
45952618
16157100
8514928
8698362
41496438
21692523
40463470
32903564
35661527
18677751
33122683
21968886
48495190
46749593
18104586
17735703
19960909
41178251
50843188
23518100
23592929
29393839
44579647
24165949
19822487
26460534
19208611
21866580
20636596
15870496
19770378
35027007
16150521
44745476
27800816
26602540
33501151
15030006
24983772
5323001
8962935
16260549
17170320
27145329
30239779
39990035
46952012
44045677
34279506
19807250
7256918
24554313
44176870
22528844
18413433
29169460
39435918
47088765
20799614
17858153
22099960
23517028
50737665
30077051
12593793
30821068
47112434
29260664
32034508
23308989
20426198
40758962
44170351
19357535
32403114
34785855
35628342
29015425
17431035
31942286
44033139
34772227
14198113
30712306
25377910
19284555
5531323
17726991
42254888
7605613
18169164
7266512
19011231
25363110
44366566
19692180
5460423
7227271
34594623
20684342
15263028
20621347
36511504
22886435
39304467
18790527
33406950
36868294
19545421
21809161
30636389
17822267
19822745
21164161
24237461
19706839
13897949
46465131
24106259
29531205
22307820
25790545
20911495
24648778
29506076
19698699
6416834
13615193
27507863
45860227
26315330
5833751
32726183
33543211
43281158
6683756
46610872
29425808
41058623
28436536
17981834
8040312
4853160
41267174
24802200
15267882
8973371
37437642
31065132
37029392
43644967
23871001
44083373
8747968
18400169
32131413
43311047
18317699
25733193
40435928
20272624
19396789
14627129
46952354
41374215
14517726
14775525
43833422
20051509
14775095
45764106
28963309
5692989
39292253
30613041
20008243
8575422
34706602
37711429
18926785
6246088
17386594
25615593
37874904
24266132
18114177
25158470
29140847
34048687
50058528
19540912
18416543
18378844
28728393
21133826
6021619
20561192
34842463
30769096
41376059
19493292
29448773
37823087
31557488
37478241
4672644
33814770
27295309
38435437
33688836
7015898
28888938
31867523
22025070
21692498
26462699
26426894
16130227
46870424
43790768
8654016
32067114
47142782
16763129
22673391
43740101
24922734
23206485
27161072
38106936
14468566
22801845
34644229
20248453
27485636
18359623
50278694
27820687
21295809
14239557
7540334
32975836
40381540
47170585
18792557
19676007
22035934
45603323
45548336
13725331
32042538
4810786
20616286
7387407
44736749
27585906
42446955
39421985
19393242
20763074
40509058
51080086
28467164
44773616
47062885
35368341
33124691
45916832
20698643
37305626
24811663
28779984
46218475
45378950
15723610
12867444
27041094
24727192
5819470
26120033
44657000
45539570
20912588
5791290
15210218
23566292
19994760
43695798
34327801
13190343
43325464
23970882
25768312
41070730
50643063
34351090
20088926
22976411
36208161
50864149
18954924
44360939
35820909
13515784
50643534
29755063
40672072
28915453
19709157
5689904
50146386
37163365
34523626
19473921
5450455
16072227
18737199
22285320
24011546
43266465
47636543
14166618
27757550
46031522
46346740
32750807
22009576
14413035
34300925
30280108
14219300
41667441
7564304
41528596
17660958
29758751
32486618
35418534
40795021
42303196
50203318
5617387
17929587
8539244
18934481
31082332
5205194
16963855
17122562
13802244
13434945
25272692
24672481
27796572
43284875
22914867
50233814
32021313
37856055
8411510
29288721
20021696
7534811
39024709
8662419
6086461
24160521
50473844
32966609
46129825
25184850
29365160
37114039
37405481
28734906
35139727
6341964
20758302
32994663
17634566
14423814
24687960
21041070
6376527
5033437
42207274
14231527
18688262
13210666
14465616
43770449
24127220
31601348
26186091
13984412
14079772
15181331
15983492
24684595
18148468
20555399
30414964
45833265
29689585
46041537
15553496
32024430
28367261
20948701
35709998
38971521
20118786
22567337
36553632
26490527
23353901
40998383
33306269
39117992
43091516
37489249
29478203
21965242
38269036
26033001
25720026
15306416
21808011
19032248
43839988
15219570
15425235
32334404
5577790
18401897
39402557
49827738
31919667
8964323
32544401
14087287
21187833
37545047
25725998
12793840
14856449
8202402
51041005
42026695
6428411
6141530
36255872
26245816
41133556
28770041
39338302
47440755
7159736
17525829
30173727
28429760
14846305
9313929
23726211
5339299
18969473
6547439
8549366
17645803
25646233
20131340
26034343
15326026
22866084
22679128
17309295
25260584
21829098
17703753
16066723
27756099
42743173
46754782
18647767
8971552
16917915
4699423
15188943
37897797
36602896
7333042
40146411
35734091
19801021
26178941
46004875
32360370
16162007
29026681
29146913
6112134
35730566
7726850
20154667
5453911
46044047
26438860
15027408
37071106
38896912
17975206
26235558
6056339
15988227
29248173
29621485
28560909
23862113
33835052
6311801
22502850
7538866
39314574
8002204
13785443
6285179
7354615
24798534
13137137
12758060
44773864
18836690
7470483
17697907
43391748
22331407
12396149
24888044
5650424
14372528
24933623
25905386
18816867
24665463
8620944
15748897
29685734
18003747
17789044
24576562
29836961
13823971
12357828
5451944
24754869
32650851
41312903
39706623
34812251
30017627
19744730
32151281
33341633
33217377
14808907
21604464
16197064
40980915
26683575
29244968
18137362
50755189
27379111
8337019
23895084
7506423
8855602
18049545
21497138
7292264
24354985
14600742
14560800
37745958
32677959
50985546
15823739
6417095
15080102
43651885
5989713
7307164
18686255
46142662
38849580
23461520
42503070
14620770
37005412
40952361
32493548
32405059
22860382
50647121
38849596
17299600
25173728
35212113
18862156
14081569
18170795
12738598
30291424
50592213
18588086
21401125
24728970
41277246
33046182
40842264
5652403
41041975
5556477
15686197
18550928
6141263
14276986
41562229
22192404
35203282
8251596
19930800
20319622
30995869
32451246
7335684
8063264
36049061
43301057
34286084
44527346
33894758
5527584
14809083
29838114
20850247
29236552
19111727
29750011
24628992
39457966
39169863
15169047
44266286
22100396
32556446
50494764
15477112
20831582
39318667
25533692
4631417
22644039
32255462
38162272
31534998
18320900
16096307
36577706
32640955
20012189
38518871
37179588
23790953
40797732
39975025
8929473
15991717
35171910
18358775
8612707
13032101
22128495
4792982
14058906
20527435
21124137
8303125
21008130
38461072
44926325
8404240
37212921
19206273
20560878
4985298
50486740
20420027
13016205
6148966
42520924
8039237
21726035
29771411
44493822
17487420
4618671
4759050
39623207
50096425
33367561
6736717
31000522
5509008
9701011
19666325
4844806
35047173
37653799
21634979
24546748
18798422
24844034
5082926
32815762
46127604
33579873
34374388
50069307
21561839
21553112
27186522
42517710
43662529
44494460
22423107
21490783
5919828
18170952
45963079
31598992
46022587
44374885
44181457
18670748
23500240
39369822
15789882
45432917
30826729
29634875
36882962
24958177
7970901
50116268
46253249
31023792
6588220
17237701
27137016
18380612
19477946
20529675
7044100
23895106
27231886
36167505
33018518
6151281
25018823
40248940
15638831
27301919
46302101
19695290
29252800
35580772
7181721
24688506
21393265
7383427
35547616
40568676
13543961
5005549
32443374
14248510
27921196
13666405
31698461
16916209
25008751
20855707
23070709
5471497
36636121
42945162
44030585
19639263
28408177
30343970
43124462
24467790
28895513
44410507
19429455
32245736
28701247
19288420
38310778
43791551
5515806
7427161
49903362
36859812
31766335
28682083
23593988
6509363
30868154
13743301
43794771
16141229
22562685
34528423
31626299
29690638
5859157
30922645
51129969
21028633
37643897
18665878
24333261
38644252
22729142
38699862
22537791
24235636
5704274
20868747
5121848
43195625
17612392
37932628
22882370
36209022
18446994
14936293
4825888
42702624
15392132
8139928
39697933
7356151
28614730
28955879
13445224
18381517
45576632
40832324
44078359
23713837
38765838
44293960
20406761
19925242
37481103
35318025
30230062
6326099
39989756
11116267
14816809
39481813
7484146
40597622
47024341
39915721
25128829
45615534
16020742
8099041
6697441
17431396
23974884
44684963
20898593
30223945
15432281
21193261
7268413
20233024
43912838
20386416
30981060
34453852
28865759
41911823
34474039
14164736
22193513
18874766
32227424
20294804
41055726
8550324
6377740
5597921
19695033
22131354
27617536
36597338
5615762
20651180
27060858
5111816
8204410
25149915
7022929
12605011
41121932
35748712
28998749
16626042
39755565
41650489
49973338
28474625
42088760
18789337
6330541
23014182
35433648
6932297
22555600
21396513
42816611
44007962
29962631
6152032
45440447
19278835
12649348
31510299
36709207
14067768
46470390
38290751
8644211
25326096
28280355
4829915
5355331
21776589
20794571
12797688
39724960
38319895
23265575
14903661
50364702
9011702
24540647
34114607
21148026
44864483
31652446
18227375
13756421
27573996
28845986
23155836
36153956
16537870
27227422
45394357
19994043
9947704
20018164
46602711
16420661
22292860
27715597
23548928
11104872
29682680
16002122
13085637
28360164
7735461
5931609
12862769
30354120
44509675
31112042
41605464
38632474
36984882
44120362
38719085
20915557
35867364
33483498
6060747
18533815
37447689
21343376
27551537
24827811
30683997
15063948
5447219
45780860
33856280
40718219
38170374
34077913
7061379
21732180
32824147
20759794
25184253
25861580
19995397
34411126
9073500
28752653
31720374
20836851
14914936
35469905
47039097
26421000
32367259
22338834
12826355
30292545
5403755
19220926
43378051
13932010
32774208
18209502
13729667
7225590
29144205
27672344
19540567
39099909
39471657
35981599
22891006
25337198
50083322
14298421
33050662
19625823
34507714
17670141
46009911
31556895
21815250
46388872
37484521
38136429
34861863
6717912
33272050
24541985
19022701
39422013
5707742
38623659
16046098
46422559
13982876
5623309
34650496
16755316
20040178
42528461
36687656
43317654
7958976
23451259
7099681
44420432
20528271
44413470
18161222
13532896
17640447
19275457
36630451
25530736
47011206
12491069
19395450
6609332
29143690
14159961
34169789
45465206
7753073
41558089
18219307
41497217
28512066
38808218
28540934
23136842
33550864
19133875
28396610
35435552
8801328
13520647
21193318
44287162
36143978
5752990
12862678
5138988
32937131
34067115
7231348
23132124
24976942
43244722
5289722
43192713
36168828
41082813
14810387
13783457
19659401
45622559
24139994
29364239
16109150
16821905
29262593
18598890
19856196
46939844
33696033
16699741
7812480
29009069
47318494
47537774
43715172
26225351
17739297
45349680
31989511
41394735
30335896
40555858
10331858
47309443
19868087
46300335
31657492
35911186
34092264
37460773
8957176
33451941
14284657
30718900
23028153
35537387
23843697
47641748
28678348
6910042
7783628
26351216
44057477
5382713
43294601
21207725
46976274
21617892
26419527
5500287
30420496
18632254
35380414
8128132
19478012
6585647
23978051
18721503
17657050
24806680
33632501
18896575
32050386
31942107
47530181
42694456
30094904
37373905
35257047
15643852
43751269
44063729
25437622
32014763
9045442
40908964
17332596
50596008
27008751
20055593
15701343
40734417
17435405
42764721
20020188
20253429
40981682
14392709
16015505
19029813
10133401
6698060
43870241
36664735
35132803
37962310
12580431
45388871
34689672
23047740
7781617
16764816
14984221
18294479
6417170
40448821
16120632
25242341
28704985
5812052
17617985
21492316
27272212
39183337
5610271
47306660
21437225
29350441
38969891
29602802
22897956
29316823
15447486
25689675
18217642
40623691
39325635
28314501
24044524
44755300
44855332
7656887
36155385
15990244
19727809
25916960
18124824
47171804
43382503
24176738
7552011
23944762
36758913
7417236
12480309
26975011
34254172
27184282
43074721
36864688
14268051
41052427
17636152
23061202
32024119
30328054
8222229
12678458
18652753
21997098
19709710
16078362
5412787
32050338
44096282
29146081
16008880
12441818
15767693
29265766
34938499
15259814
35887897
20286849
8907884
19833260
22832375
18012983
47807854
43808452
36870823
51899244
20724721
26271712
20185919
43345231
35197042
44653952
19761104
7842068
46111585
8445046
8247412
18555197
25757320
37796515
50413466
6186816
36726520
9024742
48088489
46404319
27004092
39181433
6820915
27355753
36690062
37433897
12457985
19236681
32864950
27257496
50175980
47112622
23515762
51730525
40462480
13557894
15778161
16321817
44245872
22890714
17753670
40885087
7272305
14481855
14235579
35526800
5153452
22005228
31186372
40949820
21740203
31406010
50413041
39738142
7534751
42835052
21366608
18379529
41104198
26163346
42641125
44170669
14231737
18037758
20306789
24065802
13034759
37767544
18617309
16781752
25201754
15464737
23739249
38291894
5103673
13674416
24739714
15759249
4746022
42753380
28567214
34743783
8413112
13850166
25110651
32286520
33116422
23340452
23092700
24465485
23117525
14928649
23288047
27146432
39922884
7082117
25986571
31878789
33628052
44944810
50417179
13385826
26047151
35779933
42591117
32145761
43320651
27792940
22941061
35243532
14123852
7104177
21861679
18289381
23011543
6389025
13255808
20795316
5763084
31878094
38455942
13946016
21058214
38519553
45978611
34561077
27356909
42535489
18184894
50143801
51506762
12634087
37374333
15215935
31071424
15531452
19594662
32321480
4613660
35089609
21753316
5569836
17939768
23898983
7468353
31320989
45206282
30156414
5457373
14992144
27863956
5454341
39258594
4807308
16585488
17580345
24640943
22752629
16255061
34492757
36032345
23326139
24751523
12595721
22580881
22962104
12765210
15151797
31946421
19228937
43855209
15900796
20358072
6419325
29510461
40631944
35864973
30213946
36670544
46217718
47853605
46904360
38125849
33710284
16200803
25208622
15581384
20151101
51955821
40240307
44109502
19339304
5733720
44634399
38872693
25941251
13547791
17606986
35178724
39252531
17640843
25640280
33272390
36154015
15213991
15246563
17073038
29172734
31166781
4679320
46830831
24515046
6618917
15247040
12478229
14251777
18304909
19448735
21635183
22015536
27364091
30618382
32854476
41071409
43901073
50943540
49979618
34267253
20878213
34177131
25312860
20764224
26555533
20527467
15548077
46018996
52125326
19533910
23567143
6203020
31005724
45376742
23932359
21170730
38018563
13015740
12625271
35922436
33996973
41615027
28978203
41253452
20845142
30157890
42929997
16083785
23242516
18599349
29061207
32715684
39405416
15526912
13180293
6958108
6128147
29861123
34902593
22275468
13696350
38587691
46305547
40073171
28122528
34459016
46040928
33305273
33759666
36757311
4944583
21778144
38303405
51502580
23816271
6784699
32071368
25631609
43908239
20871842
22009768
21695354
51219325
13830427
44631716
24109363
17618732
32980743
28979564
18918990
28425943
50463596
21636766
51195009
29610147
8992076
19365583
49855148
35318060
33934684
32362829
20759329
33399555
43551099
25458985
8032662
7701591
22221244
9135176
36705359
14433823
30160501
30036769
14300409
47883770
21136351
4910315
20761490
22558541
20120775
51695358
46531868
14693253
8315836
17623630
34067316
34854345
12607110
24453144
33427983
15798085
26486034
42120176
17634490
20240253
24645642
19490886
31215520
38094989
39976796
44301412
16065479
22131394
22936500
5910852
14454875
43607061
25226787
20558657
24962582
8251829
19091109
47429358
46324777
43656811
12444275
27720693
24058036
47272174
7110328
8320366
46550689
35100589
39254142
44609232
18795538
28791392
19384401
45495623
21323418
34158790
50999539
22500959
31015020
44361256
6238197
45545851
49480230
29928981
7843764
43987928
16451379
18304024
45957421
44662296
19398859
21351808
34659585
8007482
36869312
24593373
20259590
36821761
21427379
15801824
16465925
5050499
25052633
34159330
32424301
24735976
13727091
8848279
18115182
38126342
13013924
8652652
7288258
20443577
20423713
43871702
32280416
50231677
32388716
14187906
51234401
27293188
29506308
31560278
15788224
50425787
30040077
7908227
20574851
4802043
12438934
40688025
21007260
38271307
37491756
24817233
13319101
21812881
30765091
18496738
18858967
4722796
34005402
38586183
35553268
18096911
35986832
8835967
20440957
5962164
7356346
30749606
5532341
22307669
35116567
30278873
29053689
5841747
19680616
22175776
28289708
6055020
17516499
30901697
43637082
51040292
28508639
40606227
26281664
20369944
22133430
14726035
40519079
17592880
45627513
8458008
51848052
42251960
40768349
39159313
8954974
43268422
21152666
5599634
27851333
5244382
25827158
27243711
38544679
12478785
25613155
37999645
45956969
30718727
15774331
40534954
25693860
38174531
50212529
27920696
46908067
7178642
23875644
19235283
43280407
52222900
52332030
52392788
28108984
19806022
9021758
25427695
35058266
6443918
19714680
47638974
51079876
40540373
7590637
21209057
31107729
30094141
17426998
22237442
31639914
35636209
6172710
30612962
31505505
36104520
40622130
45391071
23605939
22803013
35475545
33327826
13974224
7523243
30652760
19789466
28173117
39816352
6150553
29788866
44013030
40840078
23584843
40232418
50080623
15401107
6467404
19226015
20400814
20794436
23306394
26305195
31584368
20269743
23345846
35104629
31518332
6957103
43829485
43910008
36046589
13002828
43348049
39087399
30985866
14846396
13263077
30964868
19424218
5679427
6607554
40563040
13443044
6747292
37058185
32992650
25144640
50069423
47036888
7298999
18832204
22618734
29767506
31981060
36204909
37977713
42963578
51166050
51173678
51340289
51389543
23763744
13359685
21995030
5498741
25665362
5137037
5122385
36078561
12977906
30565741
5588446
16027563
8222791
19258408
7416652
13949600
17928767
14387256
31972018
34632806
23326871
18810172
39781220
13250323
22886366
8604752
30546876
6929834
45440896
35539624
16687548
50517854
38706739
17232037
14427986
36834887
24038416
33132334
31938319
32379125
9196543
37508014
27463978
19271263
38526241
14866851
32739418
33656534
33570451
46194872
8152994
16132680
36540054
35367025
30011982
30382734
20000157
16363163
37753485
17351791
14755783
8870920
21723754
14348846
43143833
8812644
39731674
19160261
25910821
37843269
32350232
14243949
25388035
23506074
12771833
13360599
38197031
19650306
20689023
19782821
29884870
28545380
25090247
26240538
7243406
42198578
5802144
42586982
33096787
35312819
12770284
44145894
42784790
35453968
45504026
44185560
26283882
30787035
33540958
30334809
18042693
47491332
28594351
12851953
18508403
47905139
34015976
49830769
18081910
9052272
7025524
15307711
32426519
31494701
6304777
50964636
26177728
31574890
5753528
52210303
37377597
23671771
34091896
32071843
27120834
30789335
6936676
16126623
21857806
30745764
18510278
29511891
19086786
27958643
32861752
17609383
18727501
7434669
46247469
29451616
14220431
6856798
29871421
29357789
22705555
22640948
33059440
23339409
47418460
33804057
15986116
45456042
29689956
28363054
16896238
23756509
13596771
8032781
39923458
26226463
16009074
40215862
15446453
43663191
34887734
19327297
26000611
43386624
16012722
16675918
19877638
43996951
6005405
13461331
13851617
15011537
15581058
25456616
33317371
44358797
14416422
15639802
20626480
45785325
21577321
47086145
13876558
7608585
33727041
17539055
7230309
19549030
8493882
43848021
31262399
50722004
37395934
28791599
8837271
13563627
51111857
17288262
38572322
7140710
8476013
7928653
34719825
20604847
47788184
37027595
14747961
24491255
27158740
33631832
5992669
21212658
40551815
21301860
32227948
47538456
24505515
6321427
51626676
46701771
7565636
21107650
21153621
25843331
18538122
6798506
36862815
52239381
28718422
23999429
36724689
36785055
22521841
8322216
37441396
43354153
13636613
39513427
15464526
46681621
46917530
12504449
40640577
20682036
51018464
19874308
6204286
44743943
46695906
28843322
20349778
16634097
39064255
6994689
17502528
28022066
15505728
43192926
38040378
4699841
28329634
33024282
46991099
29391948
34039318
42780369
33370775
21833920
30160664
32774677
43893137
22077727
28666523
51517192
39259747
19108918
4708606
17126457
32246691
7504714
28423326
51361246
12762113
30946191
43137082
44471093
39359461
37777364
33803906
5250995
25666226
20834636
31111634
7225681
16103187
12435890
16782151
39536534
41545701
47865279
18121271
30032198
31847363
4576863
13745868
24729705
26710394
35334091
36811092
37602233
40673247
43376675
47173463
50125256
50480246
51640355
21026553
49908750
18870770
7363770
28698733
33351586
39002403
26662259
21415868
25337987
27274935
43590137
17462928
16311261
27054264
17584677
13902998
39376413
47799095
46521673
28084169
46391954
20723813
8617762
46709528
5151102
32621917
39239860
16869023
5631477
30733351
13100384
37514039
27274624
6535124
43784517
29410150
46404143
12735604
31239971
33553704
28661452
19115607
32378129
8919182
13354253
26124233
23282235
39903374
26298462
40761431
44361593
47842188
46975941
13109472
17297143
19464701
36453994
15217732
30782624
37994250
4873869
22913095
23188317
39494314
17818211
51087551
15691180
6655413
21794876
22971381
16883219
19335562
8704674
40506767
50454925
21563888
45803973
13904892
23554014
26904589
35431779
7693835
25105719
35052435
6465874
40353429
26428289
20581408
15833337
16002128
8111484
26107787
13305385
7687891
36339552
25110541
50035387
43390551
4610044
50105168
26551285
22331288
7650170
7711883
23382948
45375447
27603018
31031790
44447641
26196643
28173962
5062735
46158361
47911922
21167573
46468992
5825457
4645111
17591212
20410816
52232115
6744581
19179127
18876478
8166202
38046904
43376531
18622509
25489195
14230820
21785741
22333201
26950839
37240463
5745218
27516596
9116744
4742180
5203702
18824846
13378537
5481770
21481107
5129450
34326001
14194223
33637729
36110237
27741170
18995563
30438723
23225903
35879333
24994868
5190680
40987026
43889408
29460683
24711204
46055024
32698575
13437188
47872027
36747597
23802872
6952045
14601625
30763803
50762635
8295921
13525372
37632823
33419935
46337262
15267929
43265786
30213402
33798889
16236387
7502198
18275671
28870795
19312098
8073933
7043777
33268337
46304407
39437734
39263438
14446830
27069573
42321493
33935885
17817912
35648807
38838434
7550861
28440114
41542199
42185047
33089671
28151647
7161941
24387337
7078199
34330060
6833469
40673712
33260650
45812920
13089017
7994215
21575449
6962161
20400342
18609462
38335072
35818701
21011841
18983795
25379757
17112728
21453769
7207529
45517859
28931610
35704303
7999553
50492627
6459959
20917049
27256664
18908614
6701246
29268926
22555079
18461885
21982832
39590670
42500510
42240757
41576052
18543564
42716551
21231850
44336608
7298883
22160162
14393755
39758713
41633302
30328523
20770934
7016994
35811905
6066989
19228968
44879604
44554320
7398613
19546935
34107192
5085016
23107651
21347561
21408448
31223581
39585489
40405388
13828872
19624331
23431847
44002886
27774659
7728873
30126480
15173059
13147712
36590785
38630429
22154099
29454729
39609057
22625080
28476356
