43963339
45465206
34169509
45825195
45916832
34220576
46596047
40248940
16137003
20817015
20360689
26409207
47440300
17559548
5412787
17332596
33573207
24434069
35913577
37543803
20226606
14547954
30551849
27004092
46946369
5604019
23511421
46210904
37439957
22133430
46926797
28648986
43640852
51037345
18030708
22337640
13198439
32394877
20487873
38126342
47820213
15727402
42165978
46714466
52071542
14742208
46720172
15518326
35024619
50174337
39758911
18989447
50119906
46220288
35523089
44409423
50960926
34685701
27767251
22522812
7452859
26087341
19696619
43858935
31969091
37990229
51230525
50865877
43078840
31706808
28902032
51937553
46337262
45263437
36639885
24165887
40250655
35443529
46369651
47302126
47866514
42764071
32972525
40442823
52155651
51640317
32222922
14350518
31089297
44068856
20664999
33028436
30560215
46769617
50806498
42221794
31287478
43260502
50552918
23184243
46038594
8238929
40013801
43281158
4579197
33237876
15910648
7301195
31714782
47630473
44613621
29502720
22907792
14976285
21800604
47407206
46587983
25366434
24545699
52045583
15724383
31904682
30640505
19852235
27798105
35888868
28804457
15297661
14232224
40386517
29988954
29059948
24683376
17470512
13128806
44058957
17992657
29177006
50975977
19749854
20740677
14212153
23011543
46247469
26837330
50147800
49964431
51174598
29262593
44010385
43042061
49912385
33811478
8571357
46386924
24691896
34764791
6302662
24091522
35367025
22243823
20878282
38838475
44395849
41829472
25688777
35243384
33389901
27756290
7152117
42031184
32050386
23066879
32905835
27848571
42298823
7851351
21020486
5829394
12738092
32280435
34667580
29047510
28329634
49977472
4741222
14960772
19375960
24541985
6608983
51369361
51507839
34538492
52090083
51395625
23344536
44602427
27864455
27639527
18359623
23376096
46919427
8672831
44447641
33757141
5103454
27845612
50193416
24807180
46384144
7156808
35441050
14417151
19944975
25613155
33033685
37322176
31494701
28532729
45419687
31262399
51680420
34326001
43201937
42987868
6901723
33918637
16924619
21384324
39504807
42708612
32257278
18267735
41290152
7246070
39396208
37632631
40693183
23829102
25156968
19393242
19381329
40886451
18363023
43772032
17886522
29291122
39863256
6492188
12531674
34520918
22298791
24761608
19459539
51441611
36072164
14500142
9011702
15300048
14297214
18610024
29934557
21980673
8404661
36970412
6611113
17988677
43397045
40573121
30109268
5870756
14600746
21829076
31982797
32071368
13085480
33840939
5770203
5288867
46309694
5536541
16735605
51867753
37662134
33021590
31866505
36264631
7626872
29373711
7119008
19330482
29388492
31320396
30466957
43109844
34141301
22448636
18877861
46313769
5668626
6341964
21300035
42114528
6598186
18506320
5934084
34994077
46780880
41519871
46922754
27923143
52024116
8558291
32245233
42635196
26131779
20721438
7703310
32286520
27975288
50116975
17528537
42879930
5438011
34477812
31094738
13527084
40204901
9007680
25689675
21257881
11269429
4805197
28311447
34204887
44411896
18702296
43528452
42647819
8620821
36488108
29208111
7328483
17008013
19414262
32974441
25193809
22556873
36877370
43599942
26958690
21364767
45985259
50238165
19436115
49945915
4810795
46470406
40519079
23018976
43914852
46229690
8337019
24391934
4883526
50387177
33814770
18500728
21672499
7821619
45460258
45420093
37698774
14551781
5936331
28155496
47826411
42868808
25792437
20748632
7887445
20800616
8058140
6814415
37687829
46943382
47100549
22552566
23067881
20762043
38284697
45966676
7236259
6019548
37218959
40707386
13778877
45822458
43386624
23361950
34805751
25379757
36781816
19660921
31929186
21562754
34018662
49939016
44600454
43307500
34507714
38220590
51899244
35450993
31698461
15988227
49935636
47848094
28425519
7366380
6540343
31983536
23114515
35197042
47430875
6563992
40228271
14109137
21789416
39873611
33540958
5471497
40545456
37347799
15632492
22014562
51578114
45483678
17946749
50450957
14150552
21464346
37966953
24012498
20975750
5231335
31080362
38302579
43771485
36255872
22898103
13965399
42749041
36514695
36446846
32998364
7053870
44485381
36494372
18664173
42489596
36640978
6287448
42795317
13932010
22548259
33238784
50723805
32475025
17861929
16883857
15009256
14838724
51457087
5841357
50508555
47136854
15417315
46502305
21159926
50737477
42561535
21993020
22880601
5931609
27607844
20550457
18639608
50399693
27401802
22192693
34566119
18648801
37196412
29922073
15753807
26336517
29075059
45459375
37153837
37306603
13333496
23677312
46005302
19519496
12688081
8812490
47836467
50794921
47485529
21394160
44625084
51390941
5793551
26570141
30843967
37013631
5973279
24699373
45110379
5372569
46836291
6988902
47897920
29743326
36557660
5510064
15642608
34276150
50100205
25175434
29547994
37694715
16224760
4861127
28067126
21951152
22550521
18830567
38197182
18906462
47062885
50398647
46286296
19712161
20259590
47360909
51575220
28555276
6069138
32643169
20415802
51309159
21341862
22515426
49890466
13965641
29067918
23226792
30763803
15882911
46914099
50541743
31220952
50763483
30106198
44313897
23907830
36597571
17541587
14125636
24978874
32087692
46364405
15771306
25151847
30185875
20387078
8796229
18606006
39541711
33741407
29703173
13695913
27246510
8394206
12976536
23509454
23099979
32680256
5033786
5335005
43933519
22288694
32979524
21631360
22507540
29072583
31053228
36217642
13481541
32686869
43095971
45885692
34060078
22982939
37650230
18151867
6076593
16099169
46460095
23739249
30624216
52142692
43715172
27712446
50829579
12670620
15193985
51799329
8995915
34031618
31751143
30765091
31653338
44001833
17417962
37921095
19039360
43799788
46228525
26937547
30503151
39003569
20012971
21352195
18594957
42635834
14516215
37015170
15584900
36794200
39272112
23499244
35521500
16529310
36240293
25234581
24094510
25226787
37510781
47834837
23357514
19103666
28529282
13413742
13134495
17312323
31561158
17959510
22632054
18113992
8588256
29253275
35520259
44011657
46875787
44864062
34117368
38763925
32132507
47436863
28083377
19994760
13695756
18492397
21387563
23931791
42459550
34662441
30672153
29909993
25505798
31386894
29194222
36981473
25686477
19695033
46799387
13638598
25785007
42778871
50900962
33431379
32325542
47010536
42848313
24734609
19279111
23004993
20729440
29274776
14378079
17879833
35557242
50067705
35182481
23014182
8428069
42108411
35272742
46181225
42453085
22556797
32960888
50193947
19653030
7381815
6810328
32246691
40755610
24857917
22171179
31078257
39007087
6578604
15861784
16106417
38553187
17670141
40404644
50975145
44149777
42930827
29061207
36687656
31917374
50869157
47383258
35784109
21998788
15908788
24540647
35040890
48652939
8861471
19218657
48689850
18641738
7003294
18076465
23911355
17881498
31365452
14067768
20596965
28482604
42139830
30687651
15953726
20757350
8115157
38329565
26435392
20292004
31195480
27226008
23959295
21086912
40960156
31679718
43386282
32881651
5382791
50203026
16944606
24896087
41551218
43911069
45565432
38077902
42045928
25694680
19918124
38162272
6940864
34821430
17713351
51839569
25251341
50738319
33336510
16780043
46078583
27420357
25295990
16075918
38543420
25256189
7227283
12658767
38120143
31521734
40449232
37165963
38238757
30320581
31365958
36234267
33616617
28569281
39467824
13475590
14625065
51613727
22832375
40243288
41295907
21694688
17787294
45783323
15525929
37565558
20365587
28330712
25785186
18303882
29568383
19100383
17651735
15715266
43301698
32274111
50136685
22586212
19374424
50795951
23387079
43722775
24365789
36835926
46716081
5120340
43008430
30582489
28678498
13686658
12631671
38157795
13738234
5427157
25243264
44268290
41037624
24811242
22187956
17808308
39525654
39736842
37005412
46470390
21669219
18426784
43301057
15011832
42766352
4989269
51001207
18937523
19486689
16138860
24517302
36073179
32022171
18510278
18694517
44160392
9178863
18792120
22780840
37226068
43576659
15287733
40073171
6050439
29863523
19078244
21166187
32043807
26258803
23549406
20907559
38852581
13565632
13060319
20352241
46542244
13964152
30394945
34626573
32324647
39670689
21388216
28865759
30311580
15254640
26271712
23094547
19650306
18652687
14271607
31958667
8081642
35376836
45376742
29736939
18412302
24968670
27329700
18719003
44791397
19575445
7941974
46070723
18938305
28549037
51419507
24644134
30796017
37666246
38874094
23041112
43013111
37772752
20204822
13955199
18140036
5189053
17858153
6785145
41757856
35506891
38466884
14640392
37838603
26555294
20040178
34338904
43363980
23838762
50123930
51431784
34265406
18387744
19465298
19075737
40198750
12607861
8044553
24799364
16099763
28763692
22241413
18651226
22965204
43923903
45004325
30753502
35044515
33304063
8727535
21084358
14344860
16848778
32111530
51359726
31837455
18852027
22824197
32829906
47052125
22662421
43348350
35413916
5671067
42727239
8112440
32709869
47868926
36749969
22257777
45745197
42161802
36631757
43759660
47320970
25578299
16826646
29200650
40799504
50681996
29916917
40751535
16109150
33330961
14921750
33691962
49952258
42403548
43163386
4963703
8371954
40406189
47317574
19462225
6963261
34094563
13072408
8523174
42017707
23726786
45642401
7589939
30710606
29090119
30415564
14586967
8257261
34601453
34039014
15830528
35423435
21519456
47408341
40232918
28703515
23863650
31134482
41842384
51583929
24713048
42868519
13010770
42781136
37883619
18694464
16953506
42522878
43925480
42198578
50974698
41046276
44096282
25716624
29170340
22426343
5587290
44455960
29511891
41525850
37843589
45497511
36651738
36878344
21602290
29737881
14747961
28998749
5656041
26268866
46690383
7722822
22902489
43601613
19699777
44410507
23498232
16883219
24779949
28041745
30366790
46842207
36807577
9197960
17715886
15106200
15902043
24429444
29316823
14639852
39242914
6952045
14642965
46705145
33504845
8126008
37286971
26344276
18889409
21162241
36018905
50181038
18825528
4776203
47621711
13790105
26690499
29336703
30173011
41901766
5585685
28809855
50482794
18619097
7320164
19880450
27787452
5447219
21967265
51693382
16437930
22009768
51450691
19741538
41652161
10352653
43161438
34190891
29365593
30781242
6732803
36087401
26581734
40572279
24220893
32216318
51730525
29775637
47905221
16916209
33502766
41088270
46552690
35534936
42817801
5597123
6289691
22508489
35301375
22827037
14455507
34943145
6593175
41308225
9041638
36090291
38830901
6717912
39684613
46851650
27256664
42979430
15484262
36073223
24641492
31354972
41527747
26126831
8405663
19511306
27554622
13638850
26566604
44089509
45066371
18547959
32861523
36039212
46516166
25445834
8713948
24432366
42951209
50413041
18637969
49950417
20294804
43813089
36422951
20342857
32291286
18367556
47893365
40704864
4942324
47024341
28984948
31969348
41346104
35475545
39236455
35859523
44321239
24223714
15007887
13149251
30819456
37347670
29848581
36882702
20829132
5346054
12472134
32242459
51387240
51202766
25218267
37516069
39610408
16418766
36477191
50825674
44033139
50197170
29871421
13078289
17283669
29923169
8203090
44626099
27677386
50875575
14878952
36704190
39167899
20231579
12400242
50236082
46555037
19751522
36687571
45792057
24665039
14161039
26100702
50954432
7778636
44048690
20949417
28865891
20620398
51447433
28930680
42292480
21171424
28864597
17860195
43346321
44100850
7619740
37356033
51364787
46807649
20992335
33705455
37460773
33557385
7274894
46189965
29055999
38997974
34812879
5112658
40341385
14525074
36118968
31916638
28636543
9159319
26104749
15513413
44168633
50112649
7110391
46047682
45651446
50481754
46588997
32991230
35045944
25798638
14159961
30409990
6181557
31626299
23592738
38299654
39377447
30394688
49841036
47381090
38035408
20039232
24042277
20043429
40358267
22210050
44073050
24704751
51198232
33463144
33358507
31273234
30613939
27820124
8878633
15172503
25766591
40691081
18597941
42401811
13707983
5523274
32023968
30920166
50544693
28607948
41612096
47673422
16140861
14457467
6511437
41272942
46200920
20837542
23883866
37510882
30136986
40857944
36453994
19669055
33791293
24792707
32763549
34612279
18680248
7815760
29429600
43303350
36130765
17385139
46966862
31401584
35340987
22476866
22425777
24625841
39702479
36789406
24062148
6553996
36151182
24486518
51247819
38784512
27061159
8404240
20389108
30315274
47660906
45586025
16642947
52006011
47822980
26421000
18482777
24118810
7120601
34556676
15988522
24678010
33430427
46826860
45448546
13880385
5901735
38699862
25837028
15734926
34398462
20874022
17513834
24443399
35570392
31608549
21941199
20241664
20292809
28693496
47463563
13704088
38419424
36412930
6104968
35831584
8161816
38160328
5101374
43630255
40664774
26176647
29730929
15722348
45350798
36504595
8103627
39108539
28915453
23725212
14938193
9013473
30654588
45397957
29019251
30465625
50516359
36634946
28728393
38307574
45914988
21735516
46405494
46365209
14680555
15731653
40547372
18013904
19694781
49968007
35770559
6222514
6544367
42725935
31247363
14846305
32209947
41089357
6855661
47363340
24237461
7589298
37147978
19088077
34212364
47796377
28366124
8089035
29426813
40512950
36784649
29733895
33220626
16606433
21825686
29103518
18809148
24754869
23939381
40864023
19794367
26150167
35789572
29320386
6493231
7747358
23728759
36139209
45792500
42587020
18641142
29894248
35822402
45979676
20646876
16166927
32685974
43244722
33581246
35311399
34352843
8908070
22872455
6567608
28425943
26145812
30923371
43948787
47841921
23512410
40979938
22695291
30243401
46848044
22555600
40762414
21894066
5476672
29482024
22148284
43158655
24552387
5608477
31176175
27750814
22319934
31383118
35032231
44758068
50835718
15011911
38876353
40537241
40401568
43144668
41810974
8023155
20996362
30145519
8441839
20487723
28036677
21683504
26150930
14516256
17735599
45511789
47063742
31287874
28135349
35871536
36707134
27705456
21379200
37445618
50126792
18751713
12750385
41054319
23540264
23970882
44349526
23343883
49707572
20939458
30556037
17315631
38583400
18872878
20256347
50833346
12974327
17684699
47597958
37212094
41006651
30382385
50735868
9001143
39779165
19288511
34256849
32578384
50899520
14552554
43323884
17876563
51231681
19725999
37219358
41542199
21887915
28837611
40645607
39011740
33240735
15005062
5205854
44165083
44596486
8583923
25758159
31350998
29432016
21095121
50838413
14131514
37980767
36680207
30145446
8914183
15007422
36143978
23367463
38635324
21766869
43285641
12694873
27779579
21595514
38848855
50540166
24544452
6077416
24344486
21082574
50183777
17824874
30366077
28532405
15140848
51303023
29307452
36748417
29040495
42302191
51618794
4753354
29318758
37486626
34053939
29470708
4842114
34506128
50183781
45503420
16164552
43603288
35307658
17380917
32857976
36847739
41214056
7702807
14159949
23506790
40005074
27077731
45462149
46843482
15158994
19663312
32014763
37413813
22582624
30552669
27070490
43189587
12826355
19343884
50167853
7381617
7965284
43805644
41159612
32817434
37593072
28326511
21209067
50204179
33018518
40815724
25128829
13502624
42129736
4842770
35059048
35581592
40892335
20267136
14617233
14672635
28092466
35710957
29823069
27108638
20253030
19111218
20698643
14285779
16042096
13756421
18291649
25218414
45423900
34576754
18775784
44089638
35001500
44684636
22558541
43696298
8576597
38572957
45210033
18541764
22071390
31112859
13637992
44481325
20493120
25203193
28572253
46798928
22749751
38816342
30237583
50256109
37755797
25915505
36160826
18896575
22163112
30431721
47139825
46974094
43543013
40066250
38648738
38834064
36245609
46856413
31764268
19260177
21918099
20006066
22984280
30067327
49913283
26545194
47377123
36451518
20967770
20046407
19700279
35307381
15256192
27848106
19956825
37153601
20034714
33095461
6615819
24235636
34366682
34021625
27694046
25665117
18973893
14602756
33494450
34537594
16740274
41575113
39797707
15837861
32875764
31155955
41605464
34287762
46904360
17307429
28097172
25352494
28456149
26997002
25730607
19880459
8631962
37482243
42423503
44634751
50626978
36134811
50821213
13273278
40563935
15219008
16654860
39298131
18749888
12439663
29815874
43081193
19709509
37370600
6743425
25862937
31630955
42898289
39750712
29572344
40906953
29100292
4968946
38286400
19415126
35134129
19792372
35846629
28050513
15044794
25049884
40115444
21803648
37843542
15581808
43360383
44138153
14256430
5398239
36167505
5433591
39496394
28833662
17565017
7889286
28128883
23357746
18495815
13370410
13813676
16128876
44374885
8773456
8476013
15165689
46447494
25160895
25184850
5707742
17733127
6660609
46338550
36826935
27234239
46498111
36989842
46908067
20695561
19632163
32651482
44017978
7163531
47598998
17727083
23808078
41197962
15175836
7887957
13567821
36936721
18298739
45547968
20476912
31982062
24818898
40352770
25153701
6433751
5244382
29129251
5829944
12384779
17435405
27747657
33269653
21894550
36069412
4606909
14686404
20669106
41547640
45610947
46315695
21176253
5678927
22919507
34568334
8439168
16075748
18939373
5038306
19275457
14970835
16131493
31977180
46122326
46465448
40671657
28303119
33249503
15921446
40528627
21912859
39942327
31544655
29252800
24639720
30662845
21168650
15199301
49827756
39137925
31690902
15181331
29689576
41104509
29464431
15012659
42451476
38338937
49945912
19982401
34050116
47632421
40981682
46415842
21705614
37489711
19915214
28318120
15431964
46301909
17939768
42728084
33466132
30427941
47039097
47418054
35036033
29803207
15614745
35061611
13539560
20623411
45932892
14263766
39885166
31416934
41697993
46721101
7572158
5326152
46268630
19688379
49902762
7010677
18458869
42806140
15996200
31510999
41092835
18667701
40171440
4771123
36982623
40845293
24756525
22968742
43236343
21678132
32700510
30635949
40996378
33438574
18276842
23900494
7434666
45103046
40906340
14665550
24166389
34006699
37845845
28092620
4904430
27356557
6114792
50170165
9052728
38261204
38622516
20194401
40912912
22057969
39587358
38546483
39497575
20558657
15734823
32650851
46926254
32513767
43072798
30829519
49761186
18032119
7530739
13504616
30469938
37602528
41649418
19482887
21148026
49966363
28857186
51034675
15157816
49937216
8573311
36097297
10193968
12758060
46116103
34474643
42206177
41568827
45745338
7115848
31095835
20051651
40927160
5250995
39236332
36544594
29244635
6746192
13047589
47011206
50454925
43111283
42850663
8607341
39359461
46073330
13548573
50096023
40517967
23503205
18757402
15934647
27322421
34525207
13474017
13044727
16311974
46768920
18599079
6237672
41037260
17015440
28610351
28469802
5861187
6026510
22942924
26454465
37533750
7424085
33464055
5363028
33331518
7415050
45987753
32715684
39415450
42788833
23762051
24904472
44678381
15606259
20031466
15907466
33359660
18689041
30156414
18492337
35214343
7302628
40677356
22833019
12974909
20930907
21773080
31623836
50278380
7456016
42847012
27725889
33231901
40257705
38021557
16103187
31393588
37778916
47050874
33208829
36702622
5391688
23169929
27412368
42948209
18834095
25187115
30409720
13563203
27275058
18696452
19745261
38099321
42085537
27509056
44735829
21464199
17560349
34991475
23712753
19484172
45642772
6730041
12357828
37302635
28646354
37456366
7232225
24089068
32220597
4581534
47176161
40710654
23817600
22231762
36260189
29574842
31814100
23062704
24571014
34034741
33203850
6795408
8595927
20209754
44079349
46915082
42186583
21576482
8649363
7236083
29874789
25367009
40690067
45833234
20340947
26619376
38114790
33511038
22387004
39390952
38949665
12594565
19259162
22459248
30025921
33852811
47183534
14323374
14347250
47068420
23356465
47574898
40410038
19855578
18209502
5236101
28906006
32128504
43688293
30811882
7090476
18862156
16045859
31915633
27760073
45440447
42272179
20060262
50486731
16046830
46784364
41663916
20492096
22414568
50670288
14255387
45402456
49771933
46398774
12780460
33000208
18757013
4886168
34513360
19981879
39923458
39198819
19295039
43166405
47147196
18290590
39177500
18887285
27278429
44590106
17621959
24717698
31071176
29018475
46773230
34265155
20844978
42112448
15865026
22988144
7525779
38271307
29981992
6322344
31250574
7909612
50153492
46754782
36143334
32759591
15080910
43839988
6536265
30608228
31289988
39158594
43383741
30203277
44382443
42262472
21209670
18589327
4604437
19223502
4740581
15584384
35629998
29862986
44903832
16610432
34408789
46317303
47597398
30520015
19368455
37041239
20286849
29053419
24402254
42780369
47324020
37855279
25170555
23101424
12509434
13982876
7769079
50497453
26225204
39548890
22511923
30421617
9165859
29587437
36660937
43131728
36880634
36649533
27184282
22501443
12629808
28841126
13965292
12674167
22921684
37785115
13781877
36483100
27332445
26782397
35237525
25204805
27610212
36078561
38562863
14004496
35761596
35946796
26892657
45917294
47044051
33025285
25392336
7233076
24206350
21606698
27639153
27482959
15179465
31146493
42795616
21322607
44651181
46200907
47538456
29090471
50064073
29503151
21595492
42840996
35257270
37333520
19518145
39881983
15906897
21759059
22117172
38715607
29232349
30179294
42213086
31938319
17585387
18756592
18257383
21865876
22005859
23184302
29079331
29304706
37879607
40318589
40421941
44726080
46078398
14818807
33475227
44362526
47427586
23900856
19789466
32137134
22731834
35434965
37042540
19565122
18819697
28449866
4895744
39841984
20574851
31285741
6580831
23496605
6182999
37068414
32388016
30303029
45436061
19646709
5672987
36272190
18429778
21653476
15910680
51984073
45423690
28964013
43619822
36062281
19102924
46347327
23427138
50422837
20932396
27202409
25771375
21990205
13093290
24856069
43953603
43824289
18711469
35770254
19845396
20089466
5167222
29060180
46980666
33858975
41409579
42445262
38079318
39422004
23795235
27164232
23253097
15497765
25937132
21492316
43785513
44392119
40850169
15100859
20324881
19056407
14753879
42408530
29954255
21124137
37785024
21903224
15121471
44554141
21557118
15393266
18187587
22907776
13502618
26169538
30291656
19551902
31377431
26428487
20761490
36503492
21631595
13164824
13178503
16279346
29346040
41829243
34171507
25342994
45461430
23478871
42260521
20176136
21857806
6171991
38455942
25412653
14034112
21307122
43718823
26248433
46110819
29044566
29990581
8655791
50675094
31012890
20809909
45488463
45495365
33386483
20974987
21888194
5279807
50435105
8675730
8911061
37960387
46347243
5948947
40246568
37267459
23030147
31728473
19765496
38872693
14181597
22580881
38119565
33388707
26486034
13965308
17876786
22815856
35246139
46521673
17397109
43770678
27198435
39865295
15916696
8205113
43963547
39975025
34819784
19070981
16022923
32050338
47094750
29143690
14617035
22388141
34710752
22206965
40526182
12752126
50806036
33557734
19518830
16588447
35859545
32406708
43136950
18412528
29284531
44010309
26690555
20012978
31285772
33733255
8192908
40555858
37825918
16109561
33029409
9169152
8870974
25165859
42253298
43810029
25526287
33451941
7106574
23451312
44709581
36438276
23598078
17546824
35709998
33880260
34634427
13310113
24266132
37261559
36566726
46820417
7075397
6033258
24148171
6083184
9061571
41406529
23127593
45579161
21982841
38392520
33144423
25114004
6682952
14897821
20855707
22740691
25116696
17630164
41845884
46049683
34019737
19632034
29915532
20528271
44774388
47677487
23846277
5081591
32114942
25037355
31602137
43357166
46885711
14190686
35741119
36739841
30207747
16125049
20267695
44734559
6297918
44421185
43716303
44738779
15158702
34830978
44110422
46959819
30297531
17640287
34840337
20131375
28592824
50593450
39536336
22861089
47687229
36069353
40918172
45598749
36648351
29517260
32067102
30414964
15263028
20043784
6778013
30649669
12605184
32706517
29602802
38519553
33124176
6342045
8073056
25461803
36160317
17555614
29213860
37548132
37362888
20334429
15038555
22326462
31385326
34348627
45537475
41023845
35930406
36950821
38829345
29151167
7324101
35577411
18982548
19485259
32077984
20000656
31419576
21456508
29268169
43267015
20530417
35784027
27003483
18790059
50738290
28099915
18380028
4921690
30160664
42973810
14437508
33444605
31226713
6507431
30505884
46205711
19264713
22942368
25295182
41033936
4606375
17985655
19798533
21196777
7459133
21460086
5962164
50435353
40848079
26505248
51848900
43382503
18983896
18939926
12395904
13436141
22891006
44770970
16863503
40389938
18579152
30546131
15655117
20537190
43234540
14067159
21766941
17681118
21497138
39091464
32577146
39989756
34109693
18842046
34067316
23547558
19588951
39162942
21875053
21147510
28639857
39370632
22209868
7752485
33669490
7778168
46023520
28485727
18604416
7212549
25357361
17515465
46223216
41381195
34008063
6921565
23252409
22789652
38791276
36479374
26379063
16892685
39388477
44401613
15328612
20363780
50547715
38178781
35355950
44724905
15464822
37405830
41070686
44705826
9141534
30765279
14203158
30051993
8205845
35570339
15429900
27467418
19109179
41672669
19027419
23895578
33273989
25673461
32967438
45454166
21753316
21457730
31903843
27682007
25243729
7618704
32841816
19583070
19725057
46835408
5794038
28100455
21837118
23013491
40008636
28549269
25371755
35104629
36712408
32363756
32239783
41697503
14205621
36255794
50154677
45824167
29035704
36381812
32933032
24136877
44579622
34706018
40773083
34380583
47308158
21179322
37823087
22853829
20291574
50546543
44575654
44131113
34712879
42221442
19040997
18555197
35043997
14298421
18224620
34701569
7773405
18531836
21065399
37217803
43301330
33327763
40960951
20292589
27356567
25111773
9157965
24455991
26985604
40372665
24905342
19456074
41090877
37465219
29484970
4833578
45725430
22177274
24428561
45601981
22588707
9108893
28131651
39494750
32775974
23616881
37813069
14575748
29942119
14496847
21757385
19113128
40278788
21960476
25227949
38054845
8847924
29924498
42933849
6656038
29561088
12431115
29393603
17464882
41085622
8782617
35036139
25631989
31345943
24931537
15046343
45522622
36023608
17666324
30850643
40713305
43667634
26602540
35088525
13575993
8756120
50169838
36504755
43381730
19330077
7841223
12609871
38495947
20707590
20942509
35360810
8816376
15926507
43948674
35667053
13500956
21033797
20167195
44603784
39157746
46319725
46355470
26662259
42385009
33253201
26901645
45594746
25017516
19220633
25598158
29146913
18616339
38310163
35922436
18822672
28820341
43127603
13288581
6820915
38644252
18281495
40669741
25615593
32371136
30471764
32245780
30595404
9147230
27634403
20784779
20905492
30765452
13572622
27573996
18407731
23888239
29842845
35435756
33652837
46872074
31806450
17406935
22149141
25314421
43863757
39295900
29317564
22614955
7480895
41686922
20639298
46595224
20440957
40734850
45815591
40822510
32671460
44679475
28857343
37956580
12735604
28568188
29732471
35867364
28681257
13871321
30211605
29070582
31743521
13661413
44526690
14798430
49772370
26000611
32005769
31559518
25335385
26668357
15006884
46460126
38777965
23157772
26040965
38817360
50507069
34095066
45328248
18894087
15429746
32889675
44568542
7458806
38782266
51215203
27974643
36669001
33187513
21058214
6652479
27576359
29738352
24440327
22954950
46009396
23215514
15085446
29223357
27374282
7153971
43827293
23000422
25363110
18683336
51050716
45548336
15536934
44079305
38144777
26292773
40673247
42457703
38666312
13439258
16289911
47478596
6667543
15023013
33227616
28837639
17329907
23488625
10828802
19379193
15762261
26086286
50858686
50559766
24002907
5848724
25003322
15610714
21427477
24530852
34479883
37156293
30348252
14091965
8185026
6089266
27804991
38914404
42716573
36626586
32284195
25116514
35150685
39601932
21196092
37775834
23213780
36104520
21342255
14417057
50147106
33370775
8919182
46353441
38035038
31351098
35818701
44736017
44679173
4576863
38869847
6598597
43119712
9121670
22076508
17618732
39932745
29169460
15766047
50373913
14803136
21391754
42279687
38902582
40861381
40715872
14560800
29425808
35147050
7950459
25687652
47837501
51249996
18167515
50473844
35116335
7383427
36613090
46041980
12642226
14699426
24519344
18149027
7938643
9133734
20758785
23551121
27567556
43327990
43361363
43748369
44148882
44326199
20144940
26257361
32491638
43358765
44705522
29144117
18405374
17336498
28670198
19132461
32874623
29234070
28771609
43616985
49926550
14771595
27034748
18661474
16809917
26778683
38572322
29288721
41009196
36343199
47352430
16157100
36093329
51383360
14535165
43686760
39729094
13334203
34765827
46950413
34279506
22178509
15929375
21872574
38893720
33182034
18146843
31321018
22711879
22319067
24134643
43561784
8868646
46544915
13443044
18261675
6321427
14494092
41603994
15585120
29182872
44554100
7110790
47012161
8835967
25062296
18060519
5206554
13384707
15698418
24767156
12478229
29946219
7240556
34456412
13029246
5882361
23018301
18602412
22991741
36664735
49823628
13307289
16116718
41228423
29159253
40911945
44801962
19030759
14483680
12430024
18145860
7078199
15300381
41282112
26467986
26022492
32944520
21010619
25165975
24967564
13445224
32812797
27799707
32858959
37479073
17640447
35510278
5647653
46333998
20914882
35347833
14037590
24983772
15600463
45840494
18435050
13402599
30176030
20852273
22399922
20765662
27157490
47567732
22636097
21366608
16469509
34170976
21934467
50185458
50233782
6167417
17368005
29547962
15783957
35195060
29120329
50457438
13134203
44528260
50441281
37711429
7804890
14109712
15392132
39462505
37698187
8365445
18775297
14004110
28888332
22075439
22506994
5542796
21898364
23804104
21005353
43329451
13083501
43762877
9024742
21138268
32796398
45423935
36758420
37865219
29316556
26808971
6356113
17594891
37340586
20562159
13903856
26218412
35655869
21951969
13022249
13802244
46159711
14716777
13238909
17518955
38870384
35377357
8851967
39837501
36337456
4686200
22007097
27054455
17726991
47049985
36581652
22618734
38193116
18001447
46030579
22531677
28249734
28966595
34998833
17703753
46337698
14570816
44331295
8880499
47171490
16877078
37292887
40934703
40511854
5841033
22512419
17207699
34350638
14360703
39479731
28383406
42851162
34107023
22310339
12430920
7214968
50048321
19067157
36461662
5580639
14839079
7484696
27011302
8347814
20688169
23414386
8851798
42694456
47657893
45997077
23998594
32890529
45617796
21121784
4793083
20526462
19484879
5924751
40393315
39086117
23527308
42999134
37827743
50427961
15474966
13373589
20187842
38849247
29758751
21990016
41005269
47358188
24448608
22131467
21596670
34159330
19909249
38364566
16292726
31662773
17559152
23028153
34822392
39304467
22684293
23306394
41509696
46092689
26305195
31518033
18240975
14790184
42778629
17353070
23318115
14618706
42446955
5451944
37819371
45372677
22280966
37174490
50588173
23345846
25410083
43340754
47001862
41281051
38316556
17875403
13610695
33603727
44083870
19960909
29888100
50937078
5591223
6908113
27759228
34492757
24103165
8121044
26750971
30298825
22990535
30034733
7359598
14739510
45947352
24986028
45422596
39181254
40514948
21926424
20642063
15808795
12505052
13696985
46046045
39694179
34101044
5832338
31646022
29774016
38227297
8539244
21026267
13180293
46221924
43362629
36916602
15067762
27327356
40801870
21845723
41000569
47830621
18157509
30367994
15128404
44392820
39971138
47171144
47872715
41301578
15548077
40223990
30579181
8505415
26994737
7285019
39117992
32022281
16337987
26295666
39405416
37816575
22203833
43583071
18442188
19549030
4676731
46398749
34048687
47329059
16579855
20465970
43310884
46327036
39492234
44390382
45456485
47291231
51773200
33268337
36040057
36590785
30622623
41017411
44366566
38253988
37787493
25132646
38113395
21995825
25628031
8477741
50200098
8414790
35507469
27218679
31282184
40291678
21262411
29227464
27712094
20172464
24583788
28717897
33626186
22806369
22518596
8858455
20371700
4956279
35717523
34168303
27391174
17391033
27030824
49837143
34324182
40980915
36799625
30164302
45581046
5097378
47079743
23766631
47859068
10671725
14194280
47872027
15001848
38958239
50643135
18699625
46571185
7416652
24712307
31532224
6386712
17440648
17977954
44525546
36721287
40732067
7434107
17475985
20101794
47416559
9008324
4830820
37696239
33602115
21170730
32540191
30213946
19877638
15954238
19490886
29529826
42613614
37182494
12622950
18148468
41842551
35648807
20046492
35371253
5874824
18353896
47683572
39289592
44106454
34263757
5893448
45564160
38538214
31945843
46018996
20406635
35141791
17961050
31124269
28275891
41045928
8364691
28791392
21724282
24801123
26450707
36624981
41830600
41068691
13667071
32071843
36810319
22502850
7658464
24679141
13385826
15882120
13586869
15207469
36713709
27463978
40929616
34091896
15690140
35191705
23018901
40847329
5140697
50186143
30278873
43952124
30745764
31852896
36789208
46073085
14700510
45792767
36891561
17338480
12851460
43865633
29986878
33331678
44646054
50146386
8675316
30931909
20763074
28954679
30236483
26898504
8756918
43650880
28995152
39167045
21374594
13718093
18262061
44504636
31882009
7531609
28865219
47905139
32131413
32334448
21887962
33992606
50504528
42726717
23081293
27542728
34557270
18487668
8514708
20863749
27016326
35433648
35480800
28305836
7356346
25232306
31827037
15043757
14392571
22528844
18886283
37125003
8370876
46861625
17388523
21763715
40071132
45981055
32127530
34161454
32205508
25287278
40965248
19405610
8070298
22963502
28950344
42860870
37264016
6417095
7779946
33122086
6442196
43397221
6669487
15593165
33640767
47561449
40528488
42288010
14213271
40970099
35148674
31602963
28019477
29515032
19601467
15280181
34610620
7284331
14430295
18289381
26710394
50107305
24546748
32210440
18249759
27268451
26427987
27955323
20977220
27992770
22881713
29312663
6706442
12798345
24773182
42955749
36511504
39067893
46812135
21526060
33111050
39499394
42445856
14019953
12867444
34996307
50597481
31847728
19173290
13062100
39355050
21993733
34165588
23947332
8268765
24854288
42611060
44160550
17695453
13501226
32731018
20224800
26245816
33994551
19585297
13250907
44360939
15306815
6526777
45623633
34356453
5515175
9103367
14866565
16588444
50044730
15192678
19741795
26137858
4899222
17539055
37546269
50049038
33727041
20075181
27591611
22959653
13305385
33908452
36068244
37645220
21281942
4872785
8935662
26957248
44974813
25171557
31055465
46762822
40437483
33399555
28939511
24724550
38309770
14796256
33583762
16423183
45571596
22339198
26230837
36814077
28804778
34236755
22843725
23995487
25282537
34445375
30823242
50705310
15402263
5162010
32058830
21663567
9133501
43966431
45374973
31189036
40347479
20671166
38072737
16793967
33213840
40870488
14490724
43345231
35453296
36900998
15308078
43445020
49571710
30096111
5437747
12518476
27027284
27293188
19166001
18379529
6467404
13481789
40303799
31601163
8804429
18710005
28219553
22488732
19364333
19324934
38142518
44644691
13159892
32654749
15855768
27020159
50813874
23576455
20202868
47592768
19168979
20164415
19316220
18129693
25046764
8773148
25872243
17695544
26107787
42291635
13863414
15317230
46188268
37354764
26482692
46041421
41524653
34450657
34327801
14557049
47299714
23117525
18012983
33857420
28805133
14324970
8123696
19794370
22242654
39683538
23577912
38329377
21206843
47300634
15167228
32902373
20343724
49855440
19376494
25090442
19545421
21308351
26771200
29609604
5079976
39250997
45783653
25579129
38029458
15180322
33077652
37844368
39882410
24628992
36789723
14344279
15259814
35763377
35475212
36335373
42713268
8976902
12544432
22332283
18836690
23427571
7176788
23063451
40524671
38505243
23682326
13186765
23421335
23761102
32786464
51822781
20559627
30574751
25989170
41454482
42556396
21436041
5706504
41155076
31463366
24218072
15027408
22077774
20501800
43681161
46022587
22932673
47864490
17505415
7511000
24144373
46254653
9040391
29479294
26881058
19595136
43096341
20472794
34492795
44549956
21483425
31413717
42749337
32920767
31567363
36601746
17228009
22645855
45631603
26680370
36621836
20528808
25944446
5121848
20283142
50391886
34315094
22480893
37396302
6448498
50386394
23261988
34102703
31582197
22041378
41888223
38665873
27447861
19333282
30863200
27145329
16710633
4723855
30669687
34334377
42116224
31082332
15290865
8192362
21372018
8179770
39148057
30699432
30677431
32921782
28756661
7363286
17514896
43808182
45504026
23002489
49969533
5291641
46181473
14280341
33263662
23884497
26262617
16141229
40681905
39354613
7763355
43844427
6465262
45026501
22448877
24713959
7860952
38137645
45478935
20748013
17611199
35576965
37269444
19051782
32444762
21393265
38574437
46146256
19747183
51287554
13780180
21445622
27261138
34013975
37478643
44648596
41911823
5961595
13085669
18885473
34234785
18418956
39020992
12478785
23006089
9084910
30037988
5457580
22244112
6022140
25733193
39406164
29252420
41624216
21866580
18957918
6658300
29650771
23956578
42115740
45372717
21411982
17948625
27776959
5650424
4754492
34630814
29941720
46734456
41612043
14280068
31548394
23895106
32358645
38310778
17237701
26351216
30238321
34029206
6031122
31659769
18874034
8816291
5531323
31467086
7292264
47033388
13014716
41178220
15540339
21228234
46550689
8104733
8002204
6223548
41640213
24150502
17122562
21963819
13434945
44954578
35418534
41253920
6175890
41093520
18657051
15705091
40543744
36921500
26292198
19072281
13380425
14036644
16310714
22227646
23957759
39579187
40145758
13310261
31276332
26009433
23829576
33327826
36930557
33398704
31337722
5800513
50231297
15269773
27223775
33511902
50553383
20157334
24377922
8308934
30970363
5003639
50918040
14384434
27117491
29100323
7636714
21903428
34360210
15149607
21786372
4807308
7783059
43146264
43684196
15911701
44333457
15339036
14051224
20954488
14560640
51849594
18979997
26630010
43192694
15960009
14047373
24168548
7424120
7111808
43076047
37277314
4637838
31125268
37979645
46163478
40164736
4786640
18918990
50203120
7427161
32534034
21582184
17265906
5146754
5754966
36026825
28538273
25910821
27272212
32625881
45212999
46240859
41072157
31472882
16046585
24114983
14842469
30350947
45856573
8500112
33243650
34403184
29528585
28310436
37038553
6890724
46283151
27308695
42879892
23713243
13748303
4614377
52121848
24643286
15350474
34528423
6045312
21608263
35148951
17606986
14875550
32122485
39074939
37172699
5280423
16181183
32774677
44073952
43910008
40200396
28606635
16344879
45423954
34611914
31761271
46217718
15375230
33835052
25363741
40961516
25601733
49855148
20087289
18358540
36544088
49903092
18466906
51527481
21948934
16741377
43912392
50430851
21974466
31782672
7385481
19692180
5596423
32181465
31003126
42816611
21614989
19984147
44710149
7833576
20040919
31692615
6286040
14665780
15461105
24720909
43651024
21187833
40438727
13605392
26011575
8042687
7983301
8962935
24694475
13783457
15957794
31117191
19958509
7371426
35116567
31045736
28502007
20736552
13033383
22940681
34799502
47276347
22920977
6519966
19793273
18394618
20499642
24072204
21438815
33142940
23626368
18163780
34585990
19874770
32493548
6336855
44330877
32021313
25277476
30088250
14814182
8415631
20705325
35628342
6110566
28133413
25698019
20467371
20088926
35947057
26332954
20577999
45546598
35605776
14440571
22591848
34702062
27161072
25282453
45580446
19908127
25022310
27197800
21149254
27259608
25311384
39915878
22409922
40233838
47367054
24189719
23898983
5207346
51426488
23956471
14688704
23099137
33759666
22024128
18671370
32013770
6153016
46537422
25665362
29685021
34608204
51955821
43075057
39765895
17240620
33579873
39861283
5294198
17874439
40798119
15029045
30734149
24125313
8367760
13965249
4974928
42593994
47392274
30716641
34897941
34301271
17981834
22926236
7227271
4863734
35910303
50534357
13599514
41104198
18899362
12612604
37489249
7374124
22802941
34973518
21852861
13082150
36602896
14860747
44877668
40839321
32522023
33255620
22914867
36559677
21553112
19714680
42442629
43173301
5457875
20601291
18877650
26702682
51537741
14219300
5917845
8666459
43852168
26333278
46804379
40997261
31070545
28678002
14284657
25174118
13369637
46087229
50127298
26460534
13358620
36316872
46076535
32067114
5118882
9057120
22414436
39310254
40673712
14709709
35990891
37141716
50235972
22099960
7677442
18743202
14742642
35459067
5652403
25062601
51577859
45636005
13366134
35689386
40963502
32075763
8741942
29393839
19822487
39946669
47538415
45494529
19549392
5121851
22088358
22783460
32403243
4905982
23806840
30869332
46848465
35922207
31111634
32212570
32729211
15213991
23888666
20828067
14678550
15188657
38149134
18246853
29443706
28462608
20002711
5292348
45560993
21455072
50128482
50510626
35205578
17740915
25309612
20423713
26130258
28467110
24817208
19236681
16069292
31748796
20529675
50856314
7429300
14652296
45875306
35224905
25588312
30348858
47375916
5519960
36497495
30420496
8620944
20351308
39805096
51048366
38160837
34093005
5939774
6774338
21667585
21501269
28779984
30916861
15565695
31298103
43038954
20657859
26904589
18269611
7380348
27087536
14414097
6866641
25608569
8215182
46918133
31599410
29766636
31566363
25144408
31239971
34514088
41826962
24919683
23089822
7724660
25383112
38409544
16007981
50259361
36933049
29847771
44096470
20649411
21892106
4825888
40481798
33795217
47844233
6565563
37895353
12207483
23092700
9116744
21781540
6225373
46324777
8912735
32544401
24106259
51287051
9007470
23567143
17823065
34984529
41189266
20581254
30602451
7836099
28700015
8815459
41582103
50454727
35086490
12777387
13995797
20229317
31457627
33174915
19384401
40782910
40334385
38939505
7911569
31548180
43178912
23339409
45653456
18277392
14053197
13460030
8440136
14226324
31113340
29448773
19736065
5675996
27808032
33804057
35578476
8848279
21555873
28259479
15425235
43049151
15123431
36115782
33905257
23711741
44542643
17309295
31071424
40225472
36719395
15968196
19292997
16793979
17016734
13224163
13525934
19864019
5640697
37926524
18320900
39322937
37635726
19032248
4985298
40779608
45287678
17076858
41652000
42505373
21318762
18126414
25000718
21809161
19052640
27276773
30038462
16890018
17091856
40621015
42299247
21469385
23344153
18788818
24636158
23502948
44764540
16695977
43991001
17657512
40803340
42186580
8986566
18118512
25986798
34811908
46701771
29293607
8523498
9056896
25900847
13306431
37479284
38487377
7871175
26385095
12401144
27756099
7537374
52388349
16568111
5017811
24532074
4877871
27008751
28938849
38059570
47851308
20555399
39644086
42852529
50629368
12848346
26234823
41126126
20011875
18117425
5353901
5586156
23709511
24202175
21455116
5979097
14036569
5091076
39308049
27520215
7803392
24180237
5556477
6644917
29714137
18850475
13547791
41638093
16011666
50239556
14044564
24963628
5993809
6829014
45091586
18696663
21033009
8450688
13965271
20967048
12398376
50517854
29126119
38987163
36802836
6897485
31652446
7090583
27507863
6547439
6893084
24208581
27640730
23448460
29621485
50482461
23061202
6940173
50166583
17419945
30141953
6776553
18969473
6055576
46447048
7715581
25553393
41812922
6331766
22390296
40704490
27848370
13847687
5833751
18903945
28870795
4587224
18254782
33712747
7561015
28512245
17507284
40734417
25715106
38506314
33584372
43149843
36154015
30607031
37124730
33402983
17975206
39089117
40861877
24941345
37904285
14669691
28668593
7111402
16189845
46248351
19206273
6285179
50964636
9035267
41058623
23401817
29207709
19174779
15909027
29198247
20560491
28753429
17617985
34342174
18993738
15291550
46701218
33915483
18104586
30418432
35082346
36758031
14017443
33638926
40247925
40709259
6804792
20253429
35164989
5669060
39738142
42586982
14540339
31839239
26480505
32918605
19041283
28986142
29279702
43674784
31087095
26547921
13967793
36762561
35578916
15826482
41209221
44403715
26120626
9116555
26166858
46144311
7786656
22976411
35765407
20641510
4855230
30515146
46346740
19544909
36217133
23344203
24774523
18158260
19432213
27071165
32187717
8850566
50143254
15667882
29988373
19524495
30950479
20062612
32221480
45867251
31213129
18082830
36262696
40079743
50770090
42125262
18824350
27881536
31431743
5322099
29491222
34288123
8837450
6467800
51548557
15147640
42963578
19856922
8336137
37425368
14922872
28661452
20706459
21307242
25629303
20492903
43021490
45747054
12413550
32140474
8012326
32759920
46605334
45990907
22977152
35783631
19936122
5907868
5104764
9059394
19781219
40450300
27920696
13401958
15983492
5348049
28175005
27201567
37363673
14950713
24084309
15920177
16709621
34169789
28599710
20025220
25447848
32428640
20702215
24005166
30455553
29262492
19095432
26932631
32112247
32151281
39896714
30879055
27586776
21112623
34447279
29629704
37735870
28371769
19335562
18643664
41804635
18944318
37966045
26218280
20504002
35747321
50531106
29983450
36857261
13032082
35879126
14975095
6150553
18680440
50356578
47405450
33987746
35178724
35691105
15383756
9108054
17661499
13705963
22066436
6303982
24300026
31122846
8907718
22913095
24463851
45404680
8320366
24505515
35156739
36296085
30143310
50189501
29634875
37656052
6050081
39263438
8514928
38587691
35463409
39087028
40481622
29215120
22203843
8285689
20380387
51617566
25152560
40932252
28492626
29146081
18370280
38449995
50628181
16696307
39254142
42143785
33825813
45486933
35256620
44507325
14192882
38896912
16255061
25873942
15823739
43371275
46435738
12650966
33339302
37540152
39238664
14631587
36908196
12806711
6211314
30785640
6166430
18411136
37836832
16776543
23013481
12427486
16763129
13913296
18389289
26057895
17659777
40463470
18995020
21810798
24136177
6734157
25754405
33220670
14900271
31157111
21095655
9074037
37764644
7164078
27715663
30003324
17782862
20826964
45996952
23887903
20457676
27029963
38809374
45809964
21117194
7230309
44486125
41269735
24937141
35152187
24369776
6949931
6862139
6461181
6637820
13640986
30384936
4781387
27795343
15016969
13946016
20212035
38892887
6781070
22188848
5039843
19051682
13072970
39262361
24641360
40886674
47834165
5473558
41178251
16381743
25363735
42969022
23029029
37980116
12615130
6093869
7702766
20295825
4790268
46300335
14743276
25932071
31441246
14704795
16072227
15612631
19094668
43065551
36416203
32606724
15337226
50652161
14213544
27499641
15087476
20286346
37152750
24662462
15525385
20524847
37172570
29488169
45110046
37680597
23862113
24994868
37282353
46763346
5863065
18003747
40703937
18664330
13745799
8553906
20764233
30427706
12438604
22325403
13620801
35356582
39609057
28700311
35318025
15981196
31803205
46034456
31643358
46864443
35717400
40754293
21513475
6338875
19971895
22400940
39405806
8452347
31620656
13635130
17738223
27830617
19085096
29992737
36339552
40544803
23986919
43663191
33154677
23831470
22049568
19953121
34301308
36724365
24125077
18832835
5964275
23057313
24892348
18588086
22629924
51297774
30502938
20817785
8308453
26039240
6965431
17340510
25136573
8267295
35626102
21985515
46501115
31528300
51515860
16611955
15579911
32543848
34801431
8242530
44120362
49851758
14968202
21032063
32802115
50494764
8922330
13302297
46556268
27462627
18288608
23191346
24033789
17246347
20170252
27851333
22673190
18647767
42616020
50601615
7544970
14701427
15901425
20267657
23132124
44498277
25704035
14058906
46914269
4746022
44060531
14985713
22904411
22360800
12789272
22791660
38522783
21859251
40449066
21968886
44178306
34136117
42374557
8493687
23886715
33954018
14732598
5212127
5671557
4811003
14487413
37049548
20614165
28994822
20463762
30227432
45455926
17197548
18632254
38106936
20753250
19545179
15122498
45634572
29689585
38199519
35038354
18337780
31803868
43146333
39863837
15335049
29420957
46893999
8899217
17879852
38136429
18049545
18816389
43312084
39664613
9138634
47640649
15447486
15730327
22887001
39770413
39202878
40144093
40422092
34702141
43778987
33738618
42320594
28369215
36814604
38849596
6376527
37377597
21099497
37485224
33406950
13024213
43732222
39590670
36048540
13423421
7002273
15226997
12642047
20561192
19160261
42436396
28791599
20878260
36747597
13850888
15307221
36418764
41593491
44264979
21533034
13796049
14378933
39464525
13707723
20794436
25693766
24082364
6846978
45371995
45406226
29128604
27393584
35048049
18339524
38744164
26047946
28770764
23345708
32772034
14536418
37172881
8550324
45517859
29926543
47290594
13089017
14772123
20538227
19092441
51318005
22368415
29706619
21848739
5810482
21870435
44424110
44086377
25724870
16375010
41771667
7399474
7626344
32899973
21311247
53442061
16848571
34776022
12685819
27481062
19057588
32975836
26427535
14825916
30914665
19774383
43422172
46919942
25606470
43586571
13354262
21776589
34292769
41513459
18787844
35095761
41280834
17249030
33692826
50188898
19299588
36203615
38956853
50663665
22411675
47911922
24022712
14272999
20305532
17070967
41277761
12691242
42457979
21160890
37715491
21202435
35021173
6411204
36380402
30274286
26112188
41943858
36231845
25390715
36281910
28261295
51008361
26899006
8971552
4863697
52125326
12462911
26030262
51217167
8151659
20349778
29869052
18933511
18689019
37006634
13128256
46209798
49882235
15656795
47797584
21348886
25640280
31066052
37042316
50405630
12427442
31447341
14556788
7130550
23944838
7534751
24958435
35203282
8841917
40912696
29922038
18482073
29223750
6121320
43324462
13431552
22113010
23570124
22007986
22285320
7178642
28430215
18784068
19658945
20471961
44613341
6789958
50035387
47807854
40508445
26975011
8255222
21265487
13596463
24037207
45409936
13319101
14775525
25631609
16163440
25155265
7082117
19594662
17087373
13932249
25458102
25986571
34628499
24509721
31323921
39911257
13232337
45983358
19631117
18423652
8740972
50202049
51070231
9070993
37278527
17806398
28075922
19030602
26235558
21123722
21720578
25074064
24494843
35055058
8075303
44303718
44779943
50417179
20602438
30292781
46509314
51173678
40223628
14423522
7687178
14611672
23947492
50168597
24381186
40998383
6956704
20248453
14081569
40795021
20269743
42823164
7369836
44825238
50487811
31049575
4615423
22026852
40783224
39074949
24247480
21616233
47610461
14620770
47397766
45009955
34207494
4857429
40798656
18891285
37156259
19028440
18541760
18678734
30465609
12684264
22605652
22632381
9048157
14475650
36946039
46160434
50543631
50365314
34739381
8293420
43074721
25550980
6706932
35139727
18358775
5063062
20759329
47008865
12444275
47835063
19481335
43714494
29850573
16779101
47853605
14413035
22922422
14327757
43295311
51869430
30328906
27375903
33730801
22970435
29660284
43353939
19261804
51332985
5205194
15939787
29596224
24335985
44317538
26298462
6151281
18822465
13546499
42756132
20254076
51041005
50537357
30359430
17905930
50423333
19097957
27364091
41394735
6328555
25021660
6450201
44077049
22273687
30830125
18400169
7266512
24463826
24945328
21195878
25624393
46083123
6853072
24999357
12461962
31702753
27794209
14283800
22343031
13828837
23200328
14189021
18831374
21916264
22598552
35069421
25665274
25615713
23072452
30589985
19329493
31294550
21692498
40274748
27196697
6453412
34681212
37904200
34472607
6977514
4875660
34174712
26886022
36249532
28832016
7377674
44156585
37692328
37746438
45951980
37714451
50092923
29045540
14198113
14660549
20141114
15769239
43080178
15964847
7929077
43133902
26099389
34508163
51792235
35506065
6805229
18244402
39049807
19214884
40675411
30646241
38335072
8934362
36585830
21802357
30197823
49946157
32795219
36547861
20006286
43848021
12675496
44640726
25715289
22247859
19680173
37385391
5052868
36727592
4699423
20894204
31128762
16914632
8609524
21234228
15981224
6296668
9169045
33298163
16596854
23814914
33491120
5729510
39758713
19747497
25029598
36879884
7360336
42591117
39351682
18719270
25905386
19220926
33712351
7425804
26688692
5133022
26129863
40780400
29339480
22706507
27558203
40403101
43236403
32690510
18587612
25386420
8883496
24443996
32366612
34254172
26581039
31076335
43287564
31878789
13707770
18712650
36634667
25105719
13564278
20534850
12651610
27823448
15870496
41312903
28494615
17735703
51517192
14069285
29098489
45527469
21648579
25847798
13869122
20884487
51080086
26300175
22343669
19269561
36282387
5615659
29864877
50701116
13323000
26739099
26157242
24389954
12628096
14470659
16247135
34399804
20615950
35172051
41497217
41059625
5085016
21385590
26905044
6880294
44879604
45473013
44116294
36897464
4618671
14352418
24834248
19708322
15639808
14625187
19950799
21137749
23173473
50219645
33798889
44394149
26577172
23332240
22209925
8814475
39318667
42968648
25312860
26098563
47348537
44069308
29861123
17576880
33757323
22656122
15237392
33392081
40523220
44308421
47173463
47376987
23671771
39330429
15848608
26137167
15481755
50136767
51547024
18355417
26096951
7687033
38207175
7746387
18338493
30791348
29901018
24390014
19146784
50944046
4728074
14233270
21658208
22978459
31032283
35222939
39435918
43750861
50774246
51040292
30011096
43770449
25715904
29842631
19838192
28009057
24058036
5631131
31755104
26059258
29110248
43771925
37348795
29320662
9820275
29137294
14475151
13675138
5873455
23425555
52239381
53484196
53553214
52222900
26254559
41225605
50187076
22890714
24832862
28560909
19987989
23766100
24265261
34052504
37709789
36113929
42990253
18771606
20816751
42104811
23066690
46568766
51124163
14332787
17217300
32753986
7405170
36653953
43818069
14175468
20812262
44192399
40646320
25398286
29575973
34391994
27007174
28704985
43571162
39724960
28357195
6366748
12690934
34300925
25095628
20556649
26283882
30273350
4868242
8688042
14025583
17842819
23326871
7610799
28369187
11645038
43662529
35131333
37602233
10950045
6914044
17299600
41491993
25186467
36868294
49945296
30459807
38829521
13751108
8419819
7534811
17754452
6528769
9143743
13461331
40832324
13965600
44570502
15979223
30826729
24816168
19658845
6543227
25021986
31168409
16687888
28935855
46874512
29244968
18204331
36050726
5316262
20587198
28573060
12139308
33553704
39710405
18731242
5768937
8005616
11116267
20134504
40012991
20636596
26478774
46933297
23426510
46599113
52232115
5614807
40712824
28251119
40240307
47622481
24852020
5190680
47321325
31560404
37441396
31884016
36073437
49525205
7018480
47112622
7569949
22293073
31595294
19218139
18225474
22068481
18397081
7126627
27367427
23181000
41547206
43541398
46489550
50667005
50943540
16468991
22788037
22840625
41374215
16578705
6407786
6994689
28065043
38588451
17645803
50368742
23864727
14325055
44013030
46693509
21882649
31850093
7022725
46008459
36966095
36311771
24276549
20734912
14849158
34098151
8763915
23918599
31666627
50115008
34162802
16960116
32146920
40146411
18850777
23331423
18105465
14418159
41039434
51110063
27720693
6021619
39229295
51110500
44077897
17945420
37692981
17487162
30596108
47418758
47677927
14631785
21635183
41397070
19087119
50922438
23908766
21064092
39264978
18375671
15056606
5082926
22823085
6144339
8640340
18538122
12217791
50665226
13508018
26285836
6004082
43839215
15448225
22190180
20166812
9099148
8279183
14761894
41280755
25578381
19865137
29700785
49878543
13951331
27231578
30256153
23671749
20148317
15974011
8855838
39483224
37146982
18477908
6266320
40183331
14989144
7920479
30552550
50220562
41408216
26355749
30094141
23202985
19264682
8662419
16764816
28246702
35894206
43539717
7692085
41429387
20051487
14231527
30731243
34452120
6908930
8389968
26495956
34601425
18540931
24417205
32994663
6047885
13727091
20928903
13100381
29721023
36419043
6704199
7084991
6922244
22133512
20621347
43038379
45225279
19796767
15581026
29592011
30925482
25366625
25413385
30929214
30887566
28608812
24391575
5617025
42765686
34510915
13928929
5647819
27310128
31748651
38169089
37436002
22308568
14979901
14648755
21507122
15974046
43753179
26163346
20017288
16112826
51523352
25609084
17797439
5939849
24849305
12438934
36163060
13415608
8408268
27397869
31493604
37452147
43192063
44820614
50602533
27699905
18700119
22481299
28657132
22099108
16375023
12539163
14559116
31304128
17329329
30813242
12808696
33126705
29274132
36739624
18721503
32494695
28455298
37868115
21044846
23877693
23470090
19555694
50069423
12674249
15820617
24830541
6647056
13670668
50161837
50737665
16524098
30808150
26435313
23060979
23834119
12632789
31183215
39291634
43590137
46351754
51506762
51502580
25588792
31786891
17588504
30550294
20810355
25746711
7014591
18470478
18699666
18116690
26922109
43294601
19079812
33085487
12637011
33440257
6460970
42670787
35288441
40624580
18304909
29767506
41376951
50557724
18300125
26524604
38765838
23222419
24956173
14251777
25123978
43757229
21306808
33779440
19974025
26453528
21207725
16803781
8584944
15806341
28244805
45952618
34267253
14761300
18114177
32867027
37933194
25116501
24077636
15469006
47002092
5426887
26101626
43790960
21752389
15975375
16894114
9132574
13148639
5382066
25179880
50207022
40638739
47142782
24346195
5714267
7717522
32288012
13869929
42432605
36799217
47281433
36121767
35382374
24235715
52314179
29439653
18099053
29592014
40043159
26426894
32734986
43861313
15968479
30406481
34884121
29961563
19435393
37631211
27397401
52005989
29079139
12862678
37428660
26112851
18190018
18893298
18272472
34764291
37179343
27135015
15056591
30508925
47357249
43902449
32006815
30734168
6402731
7062755
42569339
25671558
26819659
34577787
25110541
5005549
25189449
17787093
27747934
45529228
24476276
33287988
6581362
37334045
29086770
29627473
49547423
4651868
31673511
47058188
7865124
21913123
8707639
8012141
23876379
42539946
6136152
40305988
4829915
33551379
18219486
35823206
32156681
32550973
24853949
29555666
27684662
28129665
14507007
8855379
24668026
28367261
16821905
44699713
37353215
22015536
40606227
5172974
30618382
37292416
44743943
18377059
25414098
35244785
25458426
32607220
46901994
40517914
8183942
13354608
26720567
23785440
39707772
30942786
45475363
21221244
44932027
15252032
52109398
30571537
22234153
19472294
36054776
15924732
20400814
13814933
17682393
31584368
31757291
29441783
34299659
22984795
21536524
39996202
5068899
30832849
19226015
13762927
31648284
29498470
24888044
21974874
51500940
21653967
34848596
34342388
23142588
50582116
9513499
15733299
18085133
25891918
19421837
18284338
45856098
6246088
8548936
43091516
5157781
7834531
14073165
41723556
18812902
20788018
19712968
17770609
17823938
13679593
20027976
14689649
24690501
38904571
41376059
18324007
7099681
15247040
37491756
8928531
7656312
16011126
29252062
41112658
20112466
29994854
51069210
41181173
41496793
26298742
31213547
8662375
9083440
24932228
22903742
31669398
15337616
12637338
29100678
33777815
26463735
5692989
31861070
21972694
36485601
51498763
31598992
34500586
31654036
24648778
40727090
44113624
13735083
14691839
6311801
50881569
36717061
24307126
28005689
30896654
14380545
25911026
51887463
8002207
5178739
5945419
13974224
20263306
40581606
20849392
8285588
15246619
43697931
27468857
18847155
6073907
45583477
24183344
32720189
18886220
24917616
50864149
34117183
5632281
18878479
23476552
31968201
29917125
6371334
26188755
28509226
8772472
35337186
5648919
15961175
50069807
7917463
22318627
31465565
37125487
13644863
36208161
32787397
38814875
16281388
46208177
20355735
21866659
37325145
38923383
50595480
26322650
15735589
41889407
44591501
14600742
23013048
21662854
18116851
40778424
31801386
37447689
50210220
6642036
12405416
50750646
40863882
19430853
51126356
19006427
7709725
8850751
33599602
6827754
8101475
46952012
43126636
19512403
26036215
21224335
38801125
44268765
19417074
51769082
31016415
13895709
43653393
6864213
39464343
8808183
21453769
19361267
14331747
34571897
15011842
26614381
35059953
35519194
21510562
28896779
36071549
27200137
23359449
8158492
42239516
33485534
23361350
16628069
6268076
47088765
47071552
19587688
13602878
31972018
46415082
25087388
26034343
36841380
16126243
46952354
20029835
37726295
30693981
19900339
8924170
49399834
46118720
28782133
17751907
29260664
19836797
18660481
9045313
33383357
17626505
12569524
14053442
27505864
8300549
16065479
44471093
46725032
50646942
35753491
33317371
6101387
21674886
22855359
39208137
12851953
42321493
46699384
44690429
35256742
24022784
33850989
22019764
40441504
18248282
37844557
35773182
31568346
28697182
18238053
19467214
22003742
22333201
40334903
13536267
22033845
21089941
6077834
5606187
13778566
43003570
48621790
51626676
24612291
5189235
31302369
18851754
26049271
8222791
22292860
19983544
42743173
27531695
28668869
12757592
8214161
5811741
18283047
47883770
37636235
22358500
19228968
32759776
37820162
26696860
19651977
21879222
20392253
39200591
28117250
27605902
14851379
21305721
25567785
18589641
44045677
46524771
32274303
16684404
19261342
46154035
5841747
24561800
35865746
38662759
13832296
17558260
14586040
37027595
13408945
22578880
23391588
36575589
17584677
44585654
22446600
29333810
9000828
13028567
25903266
51018464
26468774
21630568
19448735
34193860
41420575
32640955
35334091
39836477
51268651
6434521
50554580
31233138
43362356
6697441
27221594
22728190
22947024
38518871
8032662
27069573
38604282
17624340
36597106
25819033
16281664
40154642
40627257
32784324
14747015
27133975
7282578
31747131
15283008
27629785
25235731
34385748
4781104
39423546
27757550
9145725
21605008
46681621
14235579
47031227
19935013
30100449
30047928
41260988
28484056
12449575
21036772
24761024
31806136
15354099
7110328
34849497
34147150
36924010
14287400
23153719
18809550
44944810
8744993
36994593
12619572
18344157
31260347
33688836
21457183
30789146
35350283
50568104
50976140
5421986
22463677
35709113
50968155
19793823
36381448
19904681
21216314
38392975
47466473
49737445
7495924
19041192
15235288
18792557
27797065
13851617
15011537
16469572
50510264
19596321
14290482
30077051
16046098
7808669
4856609
6513919
41034853
43855033
14764052
15700520
39503302
37029392
6548291
6910042
4873278
36734148
25456616
42408066
49264541
8799556
6853742
24746465
44684963
13893199
14142265
40772622
14387256
7183637
4654482
35493643
40802862
25058972
38052002
47836131
23802392
23128476
7731286
14144891
6596310
46117696
8220278
29226722
15844345
30308269
6676886
26210366
41491072
20602422
10154393
6747204
38117866
32483457
44185560
28660554
45896983
30794590
28524843
20854010
36093383
41133556
15203275
44773616
30204043
18934481
8714849
36528324
21563636
14340348
37751902
44946607
46876588
47551597
50822114
23186338
34812251
47902500
38424397
16503159
4686319
32490306
26382346
47822575
19370506
22904025
19261173
16810818
41071409
43901073
44041282
51219325
32441746
19276233
20381731
18482029
32777064
13593702
6907519
40704176
40801056
36659890
18687163
16430761
35192584
36121208
19518419
33041787
40532755
51389543
31981060
45467135
18346580
25641480
39050526
20429814
24678802
46340268
20577060
31534737
5812659
16260549
43006976
27640032
33116422
39450686
16869023
14939683
9143614
39156549
36663930
19200530
19709157
13484026
20122786
45258326
26202430
40520704
51060247
17112728
33683853
29055955
49305159
18832204
31405511
24997928
23307280
15332102
20456310
13385659
30160290
19597524
33962701
32050188
46699638
37834475
30033106
23055334
22521929
27830378
14708270
35346548
29389431
14276986
5198103
41696850
37545047
20833734
5858454
17685095
18616665
24474473
20758870
27974892
37663943
14263951
45349680
7567964
38835993
17451785
22645503
30246725
13708847
22779483
42700243
5987994
14223123
43569695
29306789
9619625
24767759
14369867
23030663
29452025
34681667
30873444
24175867
14928546
29365160
7385733
44373729
28214316
12564623
20510194
21973837
36593276
14280331
36522490
35825706
19567189
49866624
23726211
33628052
18636476
24034090
24631851
41805279
8192299
14517726
8674929
27898406
15829799
19116320
50661190
22230355
21286853
50888964
13510167
36734497
15951483
4686244
18400759
49830769
27041094
21024772
18030771
8053057
24472094
32188807
42303196
47636543
43950035
7069468
15909096
32797029
45833265
19110854
17170320
46337208
43665981
6459959
6745281
25612084
20516914
21668091
13420745
23030713
24345649
49944112
50819959
50843188
23758309
21555892
19936332
20911313
7871385
5769132
6638640
41414279
18845590
33269989
33637729
6371787
32714254
32066115
22983702
33422627
22349471
12475895
30316471
43702241
20135971
23600334
7824513
39623207
35154775
41877686
46306317
39549380
5921223
15141395
25584334
14079772
30833813
20138456
15748897
21295809
15814085
37902104
14937970
32934913
30484148
44091579
20179319
20369112
49888301
36240519
26561775
6768158
16112235
18507850
20527467
16754034
23795257
22599033
8992076
34240729
32115674
32334715
23917644
5655667
39165329
39411690
39246027
8863707
43835542
31655315
46178388
21383658
17616574
42819177
32754272
21172398
13932651
40827392
15791547
25817962
17962388
31326804
29167597
24772032
15825957
29390644
31608074
24447160
8791269
4903758
4963901
32744062
15375481
39179174
40220546
20010590
43320651
13884817
23626444
18990735
34809276
20228070
23006246
25790545
20682555
32064557
21569275
36154886
5444093
6945737
35135643
22131027
19297335
15714154
18554861
20426198
20527435
24228772
24655073
36882378
37058185
50682954
51121200
51464865
20831582
34121251
32334313
18317699
31193101
14983944
5988459
19290835
47418460
30285313
31694996
5972798
12576580
20740734
51221725
17643369
23246330
45070298
18379673
37442339
39312934
21437369
13103337
28262492
26134449
29458864
36699990
26507426
24706272
8686138
25616787
30066825
16875497
18737199
38195460
19547205
43987928
28680562
5332994
40214144
25573524
6306426
18801149
36447465
19543234
28597725
31515941
34466317
36231500
24514361
28752653
36695928
38231877
18627604
43843937
15174275
7773468
26655294
35089609
20665527
7295773
41074767
48495190
5262635
43982836
28454387
43785783
22901908
20909359
15701880
41317861
28359514
44498346
36589585
18609905
43009998
14815530
31199539
23551960
14889304
21221372
18790527
15312156
7118537
38222936
6600718
13004386
25143120
31143112
22543706
47871374
19202139
5993580
18010517
6505499
15008823
42716551
21607433
44147003
13106758
35141706
32846028
22500959
44055671
14914936
21779580
22669279
33217377
40933842
30239779
35052435
36957512
31759009
8102556
15995449
23188575
4689652
23939654
37198466
42988079
34953965
24797425
8931531
8004931
20511844
17507935
44573974
5989279
22214537
43805050
23488126
21263262
17280232
5043543
29690930
42938633
38232364
39132946
28295447
18318657
17425779
41057275
22292128
8359271
28297458
42634980
31845582
21247840
8631760
41108932
5114719
24773156
15590313
7228797
7705506
18732477
19123169
24462396
18333074
25173653
34109454
7816753
12540954
16016416
49954834
34597614
50122111
15066433
26487718
14007069
5323001
21355760
24056085
42403064
17487420
14375220
52034254
51601135
4782084
22513742
18157044
13848004
41496438
27161411
24727192
27758558
20447608
6432976
25458985
17989321
36060179
31396730
6247929
19710125
31516535
20336376
45593515
8000413
38207923
18685259
33218926
27689060
41133273
43753896
41781088
8976619
13453716
28573126
39065904
27559410
39910788
6685371
41378883
47802771
26175023
20889815
52082760
21832205
20861619
6325590
16738313
28927375
21175829
33473719
21563828
6995588
42472242
22192294
40693413
5168101
7181721
47814074
6057172
45376560
14283828
5450455
24784237
17640953
18336043
40226380
44321569
18306411
25158470
30011982
44361593
18325848
37741990
47415510
40135824
4814163
34297761
38029556
38803013
46182105
19651167
5255698
8471178
15423551
14789967
33222573
17653488
23025532
5463757
24045802
5152513
25725998
8251596
5657693
18519574
42823491
4849314
40232418
45627513
17711522
25663688
50834005
20682036
25427157
41348271
43599474
43060609
26180637
18976375
36668172
22705555
42533908
44077404
29038849
14789835
19321629
22419296
16116822
45745816
25861580
25042294
32229560
16254436
5230594
13210666
13395354
23003067
6060336
24982798
51439224
14420594
39402557
8818776
13935451
6981812
8248323
18630605
30978107
35613206
26154540
7198387
32377746
8122310
18166444
18997605
14245017
31508577
32854476
33612206
28124560
29506308
19655383
6501544
21062153
8719182
22221244
39481813
13609177
25589901
31390723
40755522
7237905
33800155
26035115
22041542
27255696
46830831
22449880
13526516
28127388
27984938
32821386
33111559
47804392
17642649
27142703
36412138
41016507
31784557
8805579
6744581
19558719
19245656
19129332
42950418
35390967
35014506
34112659
51359317
26555533
20632396
15491349
35753173
22023320
46988778
14376929
32996322
18784411
19972816
41590139
8418424
6112134
24645642
28347918
6747292
14859974
8912889
12605856
31286400
6152032
29515874
30556285
40848139
33454037
50135277
27079296
21306252
38543454
29040353
19289371
31837960
25242391
18281505
16038577
16096307
13802659
37388862
18305211
34175532
19605849
28922660
51186605
32949993
43415427
21156143
25149915
18602484
25562306
31271943
34181576
7020215
29725321
7870948
45823445
26469572
7653227
35903131
13224973
33493338
36482450
20522695
12816868
51011537
13591974
34887734
34598952
9076406
19383509
21985012
22811279
31810990
36924086
35781231
12560913
20146656
18980902
43800815
40122739
42500721
27146432
8225160
52217000
45388871
14536443
43184061
27524604
47510122
6962874
6547006
20607533
14330946
29274389
28137714
13002828
21786388
32283322
51911173
21788163
47593990
4739783
33353031
22882370
12610006
18876463
14124565
4861881
50496052
32696847
5254124
46870424
7908714
17928767
36245232
20582416
6573596
18624566
6895760
24124590
16377847
13203287
14755783
23876722
20235047
23431847
7322370
34313686
40961887
22922099
24663345
30835648
39190374
21639635
35455979
34521741
49979068
24997774
29506076
4613704
27705946
21821866
20013188
37399877
12761726
5421392
13976964
46329628
8380399
20115246
46012653
23321354
31225362
30486212
18434484
43046327
22207239
4850794
43806316
33940220
18543564
19090050
22571604
13218008
19169966
50446433
24957587
7298883
32573781
23182411
43794771
27308117
43654307
28421626
30668383
41779370
43372217
16509279
40136116
15806087
39493566
46275306
46235738
50486740
13663074
19659608
37169058
36942426
42786568
23094324
26671263
40955946
50643534
5499260
5289722
20907483
9000593
43318898
17913879
31820726
34842300
22606651
20628004
5729143
25403903
22598263
22630047
21329971
43565318
42954112
17605625
13137433
15943000
30051035
34060446
5681073
42917016
25749237
18187948
14808955
19490540
42503070
6347992
23791999
12877048
5704274
14216237
12470190
42417025
43352117
28871832
8388761
22010833
22247960
19502463
38790352
39992357
46752621
28661845
20288436
32149091
18796575
28361213
25221016
30397638
6833469
17423840
7034034
27958643
14785415
4830870
41638140
51133603
47298008
28402415
15980498
18639816
40092878
14307120
14973618
50443634
50632456
41870919
24721531
21726644
33993731
43557841
27848402
32061645
12655289
4805235
6599244
7165447
14285493
14327000
14505379
14946475
14953185
15486794
17876937
18380612
22091857
27137016
29208375
29248173
33993307
36811092
39058741
40006833
42026695
50664036
50895474
50999096
51155092
51201858
51212074
51456612
39174402
6731295
37758527
28770041
20405724
23513218
6907350
23434313
40551815
14513984
38672470
35154178
27179532
38989758
30683475
14349534
7783628
13337876
39497766
20736675
30462643
41588166
21194854
5891459
19722808
21340357
24902116
21698882
30416292
28697876
29299887
15028671
47487326
44524886
18262652
51454768
19332330
30451164
23810459
18782117
42481346
21156951
34472874
32180447
21824395
40681767
30661710
17800090
7763182
17210416
22534178
36749313
13739836
15267250
36955489
35176908
20854818
18495723
13240433
46376026
34632806
5933246
34105449
5515825
46023571
9171326
38850410
16725527
43088095
18882651
18619728
5578695
43620167
47485190
32209956
30001872
38135057
13072508
19599007
27291140
7534848
40012262
31460837
39627266
46063887
33856280
6426897
46169252
13681415
20154984
7483885
24728967
14239557
22936500
7755501
21360982
24850694
31593139
39774330
29022836
43873681
30032198
25747371
34327795
22043838
31225366
13445409
6328156
6459465
40774544
12521954
50738724
6929674
36253818
26930416
41138275
13196652
36547308
6377740
13007440
28751176
7469387
28253821
21321200
48589356
17911004
40522987
14359902
13365993
14704657
29755063
47326298
5339299
29485850
17582491
7262353
26403574
28413540
15737829
35024044
18381197
37755804
8431575
20013392
16550880
21090296
28073566
7978099
24593731
44078359
19288420
6535124
43324437
23133845
18289824
21330964
16702188
22882973
8654016
15986116
7952347
19591681
41360850
44780992
17764706
26172309
50203318
45218971
6416614
30787550
22974928
15904956
13503953
36178228
38074100
8295035
23621659
20879353
27387222
19163142
51862933
4848482
29911737
23137138
28835880
18732958
13466722
8377879
42607293
13807446
42414562
16914459
35613087
28775929
19259357
37112170
20945676
19906167
21045776
12585508
13566584
25643566
18550928
5033437
5995012
23087356
36463943
44745476
23399253
43977948
49928372
22672710
6728703
26690957
21291364
21696290
7577618
5833578
19493292
27818981
30291533
23566292
42747731
33095810
38319415
18257003
19610411
23579279
31568704
39138202
33240367
21078549
24379003
25646975
15581384
45891894
50174331
42259704
40110578
18102952
16901083
12504461
18107382
46976849
7510372
39138799
5524848
38659370
28890160
18130407
25959488
7812260
39504593
18470572
19199927
32437072
22567476
22187780
19872325
50192875
4912530
19462363
22547571
24194799
35150339
46399914
7707837
38797047
8716329
14885631
5688044
44080675
42394437
13233958
13187783
41996665
17615456
24922734
15316199
15418782
20271468
29206299
36294215
44131537
25741028
18801011
31878383
4742626
43700033
44149001
34699364
44294133
17281112
42945806
22402498
29482394
12571616
13823066
18171835
43133368
15034241
24954021
39792024
21885998
44567851
16817802
28989739
18100294
22673391
4635227
13741366
14357037
15347109
33614833
15297265
29928981
25385999
15283081
28416182
35611802
29199748
17768363
7749692
21705008
34568937
6311135
17897407
50370931
29697304
13666590
20723813
18294759
32415090
15992496
34399285
6759670
20320244
23420996
31397201
19443404
17318644
22392354
24713187
43889408
32712922
22089668
45628330
15637298
7136350
43736896
39359166
20831438
23367570
23460338
14027292
14740355
47584647
12850260
40623657
37942763
19183927
17510702
31296815
34995274
7535841
4981902
35146208
32115027
45902610
19151286
29456391
20040963
20875339
29219396
13166203
6727211
40696849
20369944
31206145
5780925
30312020
50319661
27464754
7789254
43026356
42848501
4653452
16490602
25670870
23089643
42978880
34330959
42784790
45730834
38536552
7230133
16919002
44548728
51504930
26646378
31284472
28453472
28571543
4572019
13573395
35845505
24983539
6430839
36699641
27390775
25186603
7479041
20749546
5190762
14421788
13197503
15750597
37897797
37905849
14758997
10322424
12432346
8721777
51563571
17103618
24155585
22806808
23295097
24636535
30122195
46444129
16103844
30048396
44337864
22649942
13555349
7195198
39907377
6810959
27307149
25454932
7350974
30148811
40659047
37659753
14271504
24387227
5946553
35753883
42415696
41127662
44236551
5615904
44696706
7389886
29054934
42128005
17648094
8166202
37894719
15893316
37705620
35913888
43391748
36659099
35528848
13949600
40053938
14931876
32119966
15884501
7052601
14644115
25784887
30463913
15036243
35075202
21350190
14222457
7625323
47904436
18611557
6086461
5981651
17660958
26124544
49927310
30512714
6710890
35359815
39509469
23060860
30188062
14571812
40331090
18721211
29504250
6831826
47403100
19630288
37404464
13711449
18791592
33678067
21748368
19517369
30474679
28890179
46180415
36179820
19074003
7546277
6860367
38368015
19604351
46969294
4944583
20147463
51794299
33044329
18227375
7434569
31606667
35017708
19605563
37022638
14782138
38303405
23809661
34861263
21794876
39374801
6878039
33380420
32665104
5634687
16216573
38859473
26015198
46254132
7823960
17971301
14063558
7901296
18400763
19063123
13034759
12395668
14536129
20358616
21028633
14769273
17230956
14375434
17452837
45877370
22874397
42244348
5591271
6558378
15900796
4693381
45969639
32747637
19112871
5948039
41499244
18518755
31804908
16279613
29233784
13720644
22698179
22131394
18987769
46117598
19330156
25272692
7192770
24004582
7538866
18698843
14005489
11292356
28324152
5091154
33224493
31613305
34274068
13113079
31644743
13147712
18336039
23754197
18743196
40847806
30644840
36949994
19257858
44092346
32071701
33934684
12701477
21526770
39494100
40415765
24197105
7610190
15321641
13043744
4646292
40759351
20887603
22399696
51064620
32165424
41208976
6551121
13225284
37361273
19562841
21829911
31508813
43148624
24103020
21990007
13215787
4780812
26485792
19380409
20410816
32848429
20385090
35950506
25494793
6418647
43311047
16781708
23504352
29442213
36303763
18702817
23719614
7338200
40210782
15003790
39200597
21401125
25388035
31236955
40052986
16541078
30223945
18574430
15210736
6608258
32298022
33483498
18596499
27608767
46705503
24147788
51096083
18983795
40772006
8250044
7966754
46847299
36992915
36316247
18679441
47797801
25592556
5061567
40794943
19540567
20005981
27810121
18946837
7304409
34358595
16191233
40369269
24771152
15270385
22322928
29556495
13695634
43488824
18087942
4922510
18653124
12405793
40605916
49908750
37211117
19464672
34742212
37125346
38476695
7382453
29502321
22471073
45493719
42987416
39376237
17340821
24748319
28551019
21023483
14719344
5435460
46114969
34330060
26583663
43305716
36158951
36755433
14098644
21928768
32067206
17657179
28848298
22035309
30241538
24837820
49988631
42075723
15801824
32248975
40244689
25975636
39234639
15175327
14705423
7947025
49827738
50425787
21227442
29579102
5968566
27604451
26034569
19289390
34521383
23108609
24567398
45963032
25182619
8497702
37856055
21310452
43985104
36678061
4756926
50315841
15501456
35526916
33334851
45554389
14682041
19324881
32318219
15814060
36852932
7700866
27158740
32587133
24390806
14821028
18630658
14660477
39958607
26277213
8474461
34715936
8612707
18165696
51820202
51195009
22572408
50058528
21025083
45617061
15627314
34567571
43326274
42978390
28574483
24009837
32587645
23723861
47641334
30406805
13496196
40614059
44476148
17281740
26579616
20373356
8356183
40125633
16882692
25857471
15714729
43759918
33772811
49862151
27796628
14627129
15553057
15843327
20870579
7813470
30650275
29969272
37561047
28994345
34728848
18520712
7266453
8371778
27813558
5793061
18315980
6305857
22243838
27464081
23026176
14892706
39890145
30557397
34107192
51176640
18736687
29998420
41315567
22576018
5954690
34249328
6707808
42599615
24352676
14259123
27724918
19286129
26184212
33140839
33395191
13523613
43843007
18779623
38862621
14729318
15947537
12762113
25541386
28938823
36757311
29078923
5268623
20293770
4915498
49973338
21531938
32315555
26431185
30518661
46128738
51111857
14966948
15283555
30010970
44085956
50118043
7556786
16470653
26250767
51711920
47583491
48800716
21197022
42752117
38060023
31550514
40199476
45875451
43350100
28436536
24806680
37827624
20606082
25639941
22678999
46004875
30769096
15215744
5484937
24241401
7394837
6037757
44172390
42437169
13037891
13553694
34301899
40777208
22605844
29268157
50275103
45384457
5400576
7360330
21068515
21193359
19276689
18217642
47528786
13926865
20787101
5700541
42731323
49933245
37483248
18776211
30539066
20208023
36740573
24958602
26124211
19463208
19080817
12687016
29325315
45416385
50881607
36945329
29035339
25423642
30442575
20285564
25729988
13508675
34916671
13580856
36769937
31963875
24389920
29486048
5408314
30624992
34972811
14885380
26078259
5881796
27332574
27774998
47144239
26685903
20575631
20718290
26900096
49853693
7376691
28429760
19715648
27134198
6398858
28831890
19302918
15425772
7434669
14375506
34069751
21508891
28636511
20270547
30797437
27761307
13683316
13302881
24922869
17878140
51081214
6003473
39445223
47007498
40728683
15686857
20146219
26751819
24013859
15966833
6910381
7905104
28059605
21343822
40631844
27023058
46008434
40587302
31280680
12743226
8907884
7366456
8855260
18084816
29884870
8626800
40623691
5656964
45421051
13054683
37667798
43790768
34644229
14268051
18595899
25230481
8863208
6172786
39982938
42529454
46568989
21109453
34336981
16225269
29152609
15312791
7940937
28959225
20836537
8605374
40065330
17292845
14723456
28173117
36922656
19123709
16398443
32003199
7559491
19502092
24583630
25927214
28027975
30125372
34650496
34450273
32402668
5577067
18870770
5332469
7887511
44077241
13904625
18350186
38603946
39510195
51039123
17961848
19271452
51434068
6331251
33561341
23517104
8600564
37123998
37552712
7204403
18115635
26490527
25804962
40966272
44876424
34611977
42490165
27199000
21367290
49149106
35323419
26747343
26986236
45575887
33357345
30863385
24802200
24897824
21927668
41835114
43034248
5442560
7896760
8294740
5121172
35777505
44634314
18101083
19595017
21065973
38700041
21812881
21861679
31348705
18033633
5239849
37273874
49436820
6678475
25504152
39002403
19555480
21031790
31668041
18174279
8962155
44136937
8464361
12584735
31105822
47112434
15266195
15734484
17988146
4992090
42723921
19420332
6708792
8263176
8650824
28716160
31040241
37943822
44588064
6681102
37514130
35127861
27494991
20459338
5140521
18024023
15217732
21877931
16799301
18276293
13411797
6336139
30679844
20616286
4878010
7907941
18291259
39404873
20334388
26826011
4771802
29530643
39381926
35854531
38035924
34384265
14409856
39176856
18196471
17416813
37542775
50162927
15231398
18801645
22971324
38347969
39118611
43975202
43316913
32556446
40577205
