14218147
28338694
38113395
5675996
23241426
36649533
42262472
44331295
44808129
46768920
46928984
50768839
51361278
51454768
26612631
27653972
32921782
36659890
50553383
51004057
4764347
6789958
17464882
20349778
21215290
23108470
23455447
28716160
34611914
34734949
35629998
39229295
40164736
42863835
45815591
46790411
49772370
50183781
50540188
43748369
19462225
21149471
33464055
50220386
13707983
21084358
23888666
23900856
27820124
29470708
29823069
31351098
31366875
33791293
37125346
41197962
42291635
43348350
47485529
31601348
18170795
38288533
5447219
14230820
15065387
25761775
6544367
36069353
15165689
23094547
51389081
5587290
42332648
32087692
37267459
42292480
19486689
23376096
50974698
19944975
22515426
24391934
29067918
50865877
23592169
31654045
38088231
41301578
14834703
21879222
22630047
24699873
25127088
32244734
33276577
34304026
38814112
42418401
42988079
40372665
39172951
43865633
19289390
36916602
41381035
5784105
9024742
15461105
16279613
19335534
26179877
27271370
30822610
36249297
36939442
38419424
39814781
40710654
41842384
42708565
43130679
47896711
51515973
14203158
18195946
19580239
23344153
32877479
37396302
44652118
46581784
16914632
47592768
35172051
39007087
50302014
51773200
52358209
43353550
52395603
26739099
28607948
29857576
42344772
51742092
7154125
21202231
29100292
40453806
44077049
44353899
5084836
22922099
45792057
16004177
35590015
14530050
27327356
50511738
14255387
32682823
36345838
30001872
46355373
29988517
47110338
9008324
6995588
13332048
15267828
19294568
22339198
29912921
5348049
50829579
51247819
7363286
33374975
20493120
21683504
22686454
23480024
30587390
50516359
18790059
20349797
37793119
29044566
29969272
30503151
22722086
42816507
29861123
37405830
8631962
15429900
25204805
34520918
23921188
22396768
40360950
43060511
6705681
36522490
36784052
43830114
6500451
35743783
24078023
38779812
39863536
40885540
43077815
52197658
45510193
28996453
21465851
22915303
33570451
14219300
32283322
31248529
30471764
45861634
20695561
46365209
46922754
22325985
16610432
33285550
48769747
14501311
8184781
13270696
19947026
37255982
37870934
37387147
14257929
32712922
38575831
45512148
45770996
17388523
36597106
36647214
44303718
47436049
19484879
52314179
6235407
46725949
37794128
44376075
29819010
15200937
26663035
29708457
51096083
51397770
5120877
6224663
22432984
24432843
25722203
37269711
39870450
45529389
28822179
14521621
9315839
24227851
19279111
35702613
46959819
14480950
5398989
37943099
15865026
8804429
29884930
21390029
24594918
16278347
46138996
16626649
38799786
44651401
18757013
8576597
18785975
6022146
30373026
36766192
4857429
14517726
17734362
19376466
52083074
17808308
43640437
30654588
34522612
8138267
18886283
37388862
43300758
11269429
16826646
9061571
18756592
34060078
47138911
16898598
23543235
24647980
27275058
37960387
39495658
45382343
46936436
16908497
21106987
23377604
29886064
9056874
44659079
33625106
35116335
38063940
17634566
17612682
9084910
13950964
22341561
28151647
33373690
23185110
33252290
7289411
28334205
21107559
31565581
15341706
45876883
27184282
41181393
6785145
43843007
5705219
50071563
46012697
13870250
36600495
44764898
38608922
30570315
37646250
47574898
18766136
32881651
47632421
15161787
39422004
41785854
51494701
22426654
16706778
20531029
22947024
27639153
37008541
7276380
28261295
46854406
37814093
5791305
21260350
51483822
34464401
29674578
39289592
8668234
20688169
20700204
40667799
19629895
49903092
7778636
19078244
27407511
4886168
32404943
50228137
21193318
43124908
33794444
43925480
42979458
5732868
7592440
33936277
19503754
19243778
12796538
19087304
42085537
4668626
20156486
22571315
22705555
25615163
41547640
43204453
17645712
6330318
40819475
15374796
25063355
20921206
14389932
49882235
41540078
51309143
35833507
19612051
16059616
22955516
31058415
45586305
29435035
20072241
27329700
37845845
13496196
32734986
35577411
38040378
18926785
30066825
51801047
25292038
51659286
27705362
40579508
15210755
36981473
41573413
20536942
7008983
47898781
21334316
35071844
20230703
46026125
28830319
30787035
46517586
27842225
28469802
23396639
5168434
18439206
29353322
44633331
22448636
31917374
27589189
29876180
27202409
8884542
16147044
50933176
37556149
31247363
40021146
45546598
49853693
33284478
36236020
51243452
29429600
36578922
16019065
43804393
47599126
33483498
35231132
33358507
19343884
32111530
45423935
22547536
40673712
14220148
18170368
51724238
47392274
47051204
24495920
40306387
29020206
45763484
31811948
14182508
32689015
13123710
12026176
28518723
40888282
45508428
13563627
25181601
34022888
29804703
18637969
8803021
16022923
25335385
44403853
27391008
7852115
7626156
42320594
8744993
46588859
50155390
19997182
29917188
33182034
24640566
50108696
4815194
16109150
36073179
29340586
4861127
20925095
42929997
13708593
32574884
41811154
39805096
25361957
34445375
43929599
50757285
20363699
31126974
28291552
31626299
50842233
46369651
46791577
32617694
37891291
39370705
51949440
5510064
31782672
19855578
28978203
15690140
13777752
24545699
44864062
33599279
28451773
35434965
12531674
23030204
25017645
28425575
41890297
7597913
4707412
18433724
41907076
45812920
8973387
37400445
6360725
25640280
27279701
24094510
42196511
34799879
27774998
28417837
23616268
50315841
31772804
40934703
46847299
46739769
27761311
29524696
43343465
30472329
32334247
43106115
32829906
29766636
46390553
19346677
50987130
36069425
34507714
43184061
27256523
21695165
27022304
45488463
37529411
35341326
27447010
45433982
43158655
19356690
18144431
20279828
43144668
12467036
32755717
18353808
28529282
46467110
5554316
6874501
46690358
49102693
5014477
13415608
42099109
38270403
36541644
13354608
19066909
22239713
18743196
31300214
23534009
34171507
45753284
44715578
43813089
46837058
27845612
21888194
25697576
37297005
33018518
38809374
50586225
29586183
22876938
27521598
13797418
51361410
19361267
19633467
47007498
36075988
49939252
53553993
15206875
34400108
22015492
38922189
32759591
14193152
28859998
44064153
40912912
18211500
21893551
14595666
28117250
50451240
36781816
41789455
24086068
21818520
13120104
42868519
42280781
15916696
34557653
18991756
31085408
18939373
19342301
15540339
19769677
47139053
33211955
17739297
36794536
43806363
46556268
47063742
26694005
30466957
51443396
31195480
28762888
23052984
27310128
44476148
18224620
21903224
33359660
42485823
31915633
39792024
23086234
36878344
27515676
35931226
42214792
51106435
8115157
13871321
42929934
13802659
29362970
37144729
50920861
38465131
36794200
37973701
15974046
50538900
8354867
20572033
40406189
46232895
40811954
8911061
8227447
32731018
27677386
39989756
33494450
33193325
35508839
28462608
29815874
20824225
25317428
31584173
36151182
5760194
33622263
42708612
20962138
24197120
11820113
27263663
42635834
50419001
30360730
5392257
17470512
41380303
23083762
42298424
37353215
18651226
19264682
44149001
25700847
46376230
13637992
26268866
29642688
36263971
35224905
46392503
15639802
33417673
8964323
34265406
36272190
45001504
6741427
12757592
41781971
25632728
36651738
14597016
50152638
19595648
21967265
50806498
22641510
32975842
22588707
37156259
38074100
5103454
44562249
36782252
46908067
44119938
43303350
51457461
42302191
35576965
28658326
45548766
33856280
37836832
33687256
28989947
43111283
25765155
50428643
41605464
29846087
50449101
13143364
18550620
40225472
35307381
37445618
31606667
47797430
24125313
30979294
41889034
43143833
7156808
31280680
19588951
15287733
27506031
43299819
39982602
36560632
51680096
6578604
36631757
27356409
23472493
40799504
12480903
25615430
38001388
18472548
8126008
34593700
44364473
6763666
32433785
13571544
28318447
22586212
8691715
36160826
46247469
5689904
20874022
42534015
15199301
44733381
7324101
27231374
33451941
16289911
27265947
31795854
31613927
21870325
34611977
37217803
43238093
6977514
52024399
20352241
36451518
6907350
35023180
43858910
35510278
36039212
35871536
47176274
43718992
25078302
22388414
40704490
42903416
44148882
31533471
46030579
27229360
30431721
18215729
25673461
5095989
35035332
29055999
45610947
46405494
34500152
46470390
36695928
29869812
46323159
22187956
6608983
18597941
22178509
30861641
8699166
41212174
42251438
51288471
4759044
5962164
23161925
46703989
29275555
50078006
27001020
28485727
24557816
16786418
8205113
17475985
32705662
39390952
35244352
19868087
6611113
37032942
28669645
34970062
25694680
20757350
5433591
13502624
40960837
15128404
46225550
37174490
44073952
51513645
15882911
22089668
46705145
47635358
37856982
14559716
5146754
34098151
19804250
30409990
4830820
8242530
17585387
27246510
29018475
29316556
36950821
12427486
21519456
22049568
28670198
44333457
20327844
32246691
42456053
38949665
23169929
51730525
14070350
25218267
50232767
4625366
33151174
11727772
22579244
14009429
13956543
30447853
5363028
47849269
51457087
46353441
24750556
8304950
20528808
53034911
19650306
6778013
7843764
15279958
20706459
22528844
30712306
32270291
35700385
37436002
40773083
28492626
31839239
36879884
30647815
51020000
49870623
37210533
21550728
18359306
38162272
21020486
25823834
40589363
7702807
25445834
18209502
22023207
27420357
34503426
34525207
5604311
18767795
29146913
38157795
13203287
30669687
43827293
51942406
7222294
17424733
14747961
37489249
28678498
33710387
46078583
21171424
46769617
30494650
38137865
35532948
17735599
5056207
42826394
36219876
5793551
19488200
26173125
36117906
37273874
42808681
45440447
45930545
14975871
16883219
19521488
42442629
31003701
34776650
12631671
13408825
37396990
18699666
37221774
18938305
35752831
43150276
21969552
43312618
15768585
40573121
24792707
39238664
41055726
27276773
32435205
20903135
40864023
22606651
25320240
4696724
12771833
15794287
17505415
18298739
19772376
21894066
22480893
23378698
34819335
40514244
22127785
40115444
41054319
5132070
44031320
31322893
32159349
6892345
50479656
22230355
5901735
5536541
22192693
21375530
46938808
14503733
45783323
47408341
22655531
15991387
15013177
42795317
16166927
45004325
26234889
21141576
16189537
19625823
36868916
40410606
19170770
35061611
19511306
50370931
44587040
45419687
36134811
24210639
28264028
31003126
50838413
24060511
21669219
21384324
29401366
15910648
36724365
43375321
7851351
23011543
5948947
39736842
43573339
4893136
39318667
51618794
36335373
21576482
50735868
42815910
42832039
29783645
6141891
36877370
36778897
32217622
29840115
50661981
43528452
7483885
21427477
16836821
21002187
44626099
7965284
13033383
17713351
26427987
30813242
35377357
35763377
40839321
42898289
49935636
13474017
47065668
35435552
46496041
35535049
23419513
15088157
24800033
17797281
47097203
34385748
41112658
6222514
17485334
53388887
16606433
51583929
18914790
7075397
6651137
30925482
42948209
31172703
32680256
39762056
22160162
13475590
28356972
22319934
34649054
37948619
15715266
25243729
7176788
26743824
8998978
16423183
19979598
6216554
25694997
15907466
16437930
38026766
38316556
42780369
36078561
18631437
31819529
28770764
50127298
47866193
4776203
20620398
17504777
18758728
7431691
21307122
18579152
38054845
50875575
8428069
18966642
6377008
36850196
24226959
24582195
30556037
31063395
35857220
47349656
23621659
36414054
41044966
42901443
33916982
6667543
49827756
11104872
50908094
42414562
36437535
38307574
30144655
19260177
29114841
41535733
15140848
50112649
27481856
50409369
9070993
27029963
21411982
8554440
19027419
31921137
16579855
31946421
5667872
22954950
24728477
36518123
21232026
36634946
15179747
8453673
8370876
38874094
46494904
5230399
16154210
18973893
16726419
5972798
42168940
51364787
50140383
21170629
45525113
20698643
12438604
12702793
15252032
18531201
24082364
33265431
5288867
33033685
18851754
44605946
44774388
5812052
30718259
23356229
18702296
40815724
24956314
42716573
23078889
38114790
16329096
34513360
35764515
14942202
26271712
40996378
50787491
38939505
36930991
21058214
7178642
15087922
50603356
19192887
50193183
38344265
30237583
24819190
5795204
24699373
5611773
22599033
6604510
44155903
30832849
16011126
36422951
21242848
14938193
17541556
6167417
13273278
15902043
17695453
20241664
20292809
23030147
23998594
26150930
27760073
29293607
37516069
42235636
6247929
18929065
20089466
34597614
32656374
7019615
14025338
23797422
25904541
39108539
18680248
21614203
23978051
30200958
21464082
21998788
29893233
38207175
36087401
20360689
46560538
21968886
25084714
39776649
16329005
8336137
15366245
22827037
25243264
30227432
32543848
47024341
13781877
25234581
16292726
18984885
46180415
15011832
6638640
26113709
14073165
23142588
21554780
39405806
46452313
44380467
31345943
32005769
5973279
4871434
13411797
20148635
21990016
23503205
24751888
24799364
41837995
46699384
47436863
45538575
43561341
50167853
30582489
30247476
39556099
7813938
15008521
23444467
28028035
32019105
33767156
41599853
44681017
30829575
44156063
46170321
31663542
19669055
6987869
30945688
4989269
43628285
4743009
7889286
8773456
6732803
37645220
15886775
21603151
33932052
8695981
31365452
15075688
26997002
10828802
5995760
29748933
52217000
28590210
33671520
18780188
33095461
9127504
35040890
36624981
33558636
21784503
5452990
30843967
28971465
19789466
27712094
38029556
20845603
23059908
5822206
22337549
43716303
51359317
7062755
14346606
15734823
18896575
27646350
30128962
30579181
34849497
40528627
45917294
46268630
47638974
24044524
28425943
21951152
49937216
41633302
41918901
37013631
14525074
18915202
46122326
42707695
47881021
16050286
24136877
41577642
18671068
51309159
28547585
15007887
31543427
47324020
18205638
24770474
19459539
13010770
47872027
44073050
40404644
51680420
33003827
30763803
35749089
8809967
30331372
36558037
51719218
34338279
30734168
18363023
18610024
32324647
20001690
39750712
41406529
18267735
46826860
5730120
20903757
47104850
7196606
32209947
32763549
40257705
5409174
31510999
40981682
31207766
16879154
29253275
41575113
38872693
18367556
22596894
14993683
7572158
40842264
7019885
23883866
41523123
32378129
13085669
28258628
21648579
44192399
13532896
36104520
44410507
24644134
8583923
25570571
34841053
31810990
43439959
6411204
24801123
43201937
8112440
24562912
47118714
18966032
26892657
28646354
47044051
29070582
23615275
28693496
19462363
22940681
27642417
43839281
25707296
39294040
46073330
8541873
7014836
38291894
38562863
46070723
18113992
47151509
25613155
47050406
8012810
27227422
36862470
20965754
34276150
49945912
15235288
22855359
30830125
39208137
39423546
39707772
44110422
43323884
36640460
46568276
34567448
47313596
33273989
25256189
13540354
14642965
23869839
24690501
25643082
28789384
8225647
18912836
30107128
37902104
36069412
34352843
37306603
40945183
39167899
19199927
39234639
43946287
4771123
40092878
22425777
28288438
42987416
6963261
15753807
36286434
20646876
26602540
16916209
40664774
5684083
16828424
21024363
15300048
8713948
15753195
39074939
42727239
24762431
35424996
12357828
8404661
28135349
14455507
42209715
27548867
25610752
36663550
37764644
43674784
36687656
18187587
32205508
36262696
43397045
49795678
34018662
47621711
20229276
14586967
24344486
6864213
9132574
14589238
23184368
33847091
36789406
41033936
7726850
7941974
36249532
37212094
31820726
18937523
33705455
8123696
42423503
4942324
18140036
25307384
30848054
33433327
40811948
42045928
44546840
36039533
35458423
38220590
19699777
5671573
6303982
5631131
42082628
39587358
42485038
23083454
37435801
50833346
49952258
31544655
8624130
16863503
30879055
31620656
39896714
7351599
6510124
20884974
41376059
22210050
40358267
44758068
4781104
4868242
22068481
31168409
34299659
44820614
47357249
20945676
38258823
37927821
25386420
7232225
14976087
47793698
5671067
21990205
41295907
7074325
30685728
42979430
52385669
24784237
32882864
40829808
46752071
26203181
21933615
13965249
22356703
12738092
17797439
14025583
19520916
26562152
40210833
47546530
28123244
18412302
26661464
6402731
7834531
14846305
14914528
16469572
21607433
22209868
25295182
25715904
25785186
18085133
21674886
28162479
6465262
18934481
30995612
40762414
12758060
9165859
30176030
31903843
29100678
43149843
28693446
34324930
37219358
33492351
18664144
20012978
20817785
20926729
29732471
33240367
35301375
36143334
36497495
37340586
38119565
43539717
45527469
18877650
19431246
37197178
7833576
19202139
27577163
38473981
5155887
18430828
22614955
29100323
29842845
37546269
37926524
39683538
40758962
41028225
7887957
13981399
17606986
18982548
19485259
30613939
23820783
35748712
47598998
25087190
13796049
32690510
33430427
15085446
31112042
8787210
19543234
22555600
12571918
14494092
23066690
25944446
18887285
30552669
37635726
21985515
43948787
43166405
36416203
43845715
28369187
15687363
16075918
18276842
36055643
37314143
37755804
37847620
44147003
29552430
41808109
42861856
13967793
14283800
15974011
17559152
18288608
18416543
18653124
21720578
23000422
25155265
28079752
30546131
31413717
32991230
34287762
35570392
35867364
37796515
37933194
39601932
41308225
41312903
42851162
46856413
25915505
31189036
37304658
35047173
15433962
18300125
19745261
24083536
34053939
12674249
42766352
19782331
5701314
6101387
6717912
7111808
17240620
18010511
18540931
18822465
22035934
23401817
24463851
26453528
29365593
29441783
31321018
31803205
34034741
40223628
40798119
43038379
44069308
44825238
5993809
6804792
8404240
15734926
20561192
27797065
34568334
36544088
45225279
40318589
46337698
18262061
19272495
20017288
20231001
21733449
21794983
27649878
29689585
31453750
34699910
34739083
38112569
38261744
40770482
50074032
50502712
51735545
7983301
29420957
35978064
44502883
46347327
47646338
49954834
23028153
26619376
30595404
32137134
46885711
40314200
50049038
4631640
39272112
47308158
25458102
6866641
32978079
42989738
20085831
21058858
4714528
25679525
5669060
8666459
4587224
6674064
7415050
7530739
8662419
12609871
13696350
15464822
21010619
21616233
25371755
26505248
28430215
28805133
29045540
29274132
32671460
32759920
34107576
34288123
34356453
34450657
34537594
35075202
38385536
39370632
40421941
43158699
43771925
44010309
44603784
44651181
44679475
44726080
44735829
45522622
45631603
46541751
46914269
47008865
47291231
47358188
47677487
50546543
50628181
52144395
14423522
15402263
19583070
23006089
23184302
30051993
35104629
36097297
42634980
47375916
28338402
15943000
25003322
44494061
14191980
15296608
22387004
30211332
51364862
32717996
36240519
44204299
46254653
51313359
23499244
45066371
33168937
6237672
6026510
35512936
50823506
29547962
29986878
30418432
36068244
36880634
40911945
42125262
44392820
45824167
45840494
45875306
46035722
46041980
46223216
46701771
50146386
50670721
32077984
22005859
28103185
37523822
4893328
7106574
7284331
7724660
8406226
13062100
13134203
14037590
14732598
15071165
16181183
16191233
18353896
19864019
19960909
20343724
20465970
20758785
22131467
22227646
23345846
24052086
24265261
24583788
26427535
28938849
29215120
29346040
29650771
31117191
33987746
35148674
39403387
39579187
40145758
41209221
43146333
43681161
44654515
45026501
46221924
46762822
47683572
50048321
50430851
9133734
13402599
16279346
16696307
18337780
20062612
22618734
22976411
27011302
29223357
34973518
38253988
40463470
43076047
45952618
25392336
34348627
20954488
22414436
24799879
29304706
32720189
33319944
36891561
40242434
41643034
50663665
6548291
32522334
29555666
43912401
49860727
52192794
4686153
8205845
23242758
25014249
33403758
36102503
36845015
37693949
38557632
39915878
41544533
43180203
43667634
44391764
27512063
36747736
40840656
43350729
51636846
13501226
24854288
35463409
41070686
46872074
50373913
21486052
25031571
36196942
8863707
15203454
23056059
35104855
36890543
44131389
35399527
27194573
45563481
21285571
46491800
39710908
17084841
28606635
29110248
41697993
42992559
38319305
8278083
21262568
39171302
4790268
5118882
5294198
6356113
6501767
8609524
12413550
13802244
14109712
14360703
17770716
20006286
22308568
22640018
22978459
23285015
26285836
28219553
28857186
31548394
32192276
35753173
36589585
41000569
41041975
42990253
44679173
46110819
46351754
46435738
47871374
50423333
50601615
50834005
51070231
51523981
51848052
8740972
13196652
18686255
22470162
29169460
29888100
50595480
8559837
38557833
4884610
19267801
32210440
32284195
5039843
15247040
36316872
45564160
32181465
42670787
33899964
41830600
5353901
5640697
5693561
7371426
7537374
14280068
14440571
14490724
14716777
14775525
14985713
15001848
15468595
15667882
16882692
18699625
20377204
20632396
20702215
20879353
21095655
21464199
22244112
22399922
23215514
24033789
25017516
25733193
25905386
27715663
28791392
30213946
33614833
34742212
35648807
35818701
36678061
39259222
39694179
40334385
40481798
40523220
40732067
40772622
40970099
41454482
42260521
42694456
42746500
43021490
44390382
44507325
45579161
45747054
46041421
46278558
46919942
47792526
47834165
50457438
50504528
50559766
50643135
50667005
51332985
5768937
6553996
15593165
18475683
20423713
22203833
29234070
29961563
29992737
37741990
40673247
43267015
50044730
51500940
26662259
37532835
35804033
34052504
33098989
32114942
22879766
15581026
34474643
41604041
31070708
31143112
49859587
35480800
24272980
32676464
50115721
26260600
8880499
28014360
18960695
32800617
46479862
23987925
19041616
47004797
31761271
24987715
38603946
6765504
13780495
15705091
24476003
32524678
32890529
35493643
41409579
23427571
31786891
31331410
21800446
5082421
32950559
14181597
5280423
5322099
7544970
8919182
12430920
14233270
14453794
23476552
25021660
26300175
26957248
31748651
32246220
32406133
35222939
37428660
38169089
40449066
46848465
46933297
51040292
51287051
51502580
5121848
39932745
43590137
46501115
5597123
34325593
38849596
50202049
23157702
20863749
21694688
22273687
36894816
36092758
22920977
38914404
43910008
4811003
5056154
5140615
5495860
5586156
5606187
5698261
5858454
6073907
6298497
6402420
6707808
6745256
6810328
6862139
7022725
7302628
7479041
7658464
7731286
7987633
8493687
8505415
8540170
8686138
8815459
8907718
9040391
9157965
9198529
9205032
10523791
13147712
13365993
13384707
13596463
13841932
13869929
13913296
13949600
13965292
14058906
14194223
14216237
14280331
14289957
14325055
14327757
14332787
14481418
14513984
14564514
14691839
14808732
15149607
15177410
15205772
15337226
15552997
15700520
15830582
15909096
15938869
16130227
16512618
17170320
17329907
17630042
17711522
17712072
17981834
18053098
18148468
18269611
18298293
18318657
18448923
18487668
18587612
18691633
18891285
19425647
19454073
19624331
19633721
19646709
19680616
19688379
19823957
20101794
20288436
20492903
20621347
20765662
20840514
20884487
21156951
21193359
21241846
21436041
21458732
21736631
21832205
22380513
22471073
22641482
22843725
23186338
23331423
23369999
23886715
23908766
24053653
24084309
24335985
24467102
24514361
24530852
24553518
24554313
24678802
24781274
25029598
25170555
25363741
25526287
25578381
25643271
25718490
25775416
26112851
26211117
26435313
26480505
26495956
26595120
26690555
26922109
26994737
27020159
27499641
27594806
27604451
27830617
27992770
28131651
28175005
28282865
28324152
28739279
28750375
28753429
28963309
29020637
29199748
29200270
29264874
29268169
29456391
29706619
29850573
29862986
29983450
30003324
30143310
30144893
30298825
30359430
30590428
31055465
31212488
31285741
31317194
31441246
31702753
31774620
31800500
31819997
31968201
32079612
32130801
32221480
32334448
32424301
32587133
32597736
32700510
33124176
33174915
33370775
33511902
33712747
33809209
33915483
34012210
34403184
34510915
34588940
34608204
34658906
34936391
35141706
35152187
35771080
36062281
36121767
36380402
36659099
36921500
37042316
37264016
37325145
37363673
37533574
37663943
37773315
37787493
37820162
37977713
38142518
38195460
38335072
38538214
38662759
38956853
39148057
39323854
39483224
39946669
40681767
40727090
40801056
40933842
41260988
41699668
41797415
42556396
42569339
43173301
43651024
43762877
43810029
43950035
44018386
44308421
44321569
44394149
44486125
44554100
45212999
45374973
45486933
45840997
45983358
46008459
46146256
46181473
46240859
46333998
46509314
46693509
46952012
47171490
47173463
47329059
47329176
47330853
47416559
47490873
47610461
47859068
49571710
49855440
49878543
50100698
50629368
50922438
50991459
51176640
51249996
51288066
51547024
51822781
51862933
52074919
5649176
6336139
6444540
6528769
6544160
7360336
7427161
7773405
8101475
8619904
12757077
13773973
13965308
14091267
14709709
15179465
17070967
18657051
18689019
21453769
21887962
21899048
21995825
22319802
23307280
23404936
23547558
23876379
27164232
28075922
28159888
29098489
29448773
30148770
30765452
32352550
32406708
32750807
34254172
34301271
34898107
35021173
36966095
36983339
39020992
39725670
40223990
40278788
42408530
42421772
43844427
44712999
46705503
46735038
47418758
50231297
51271991
51360709
51537741
52286417
21857806
47851462
22113318
40925944
28433646
29877563
39457409
40205014
26200863
47171144
7677442
28949354
35312819
13545899
39836477
26383373
32128504
23040901
40291678
37791109
6548052
32812797
12842393
41517292
41310054
47567732
43913793
14973618
21206843
43583071
22662477
6466845
25814663
34500586
34283075
5699008
22955208
40703937
15354099
21374594
26467986
45571596
30833681
12833345
47347444
13007440
42859773
51931137
31006821
33992606
13826211
5422567
16532432
19524495
23121505
44549956
34456412
51010079
5729149
17532715
18140843
19652656
21169869
21606698
28989739
40025607
22693146
22275468
6950487
19598341
31697117
47009905
14618706
4654482
7459133
46544915
51484994
51220739
42750358
34940943
6957103
7857531
8848279
12455028
12808696
13369637
14338052
17660958
17823065
19837042
19936122
20553869
20577999
24072204
24611675
25722813
26076295
26428487
26609955
27332841
30024517
31237508
31475361
31559518
33738618
34848596
35382374
35938807
36503053
37021447
38449995
39142273
39392460
39921322
41147985
41640213
43065551
44567851
51593118
18537849
19506521
21318762
21526060
21623411
25110541
30274286
38177386
47313700
18559592
4615423
4673750
4793083
5259289
6342045
7952347
8415631
8546975
8772472
8773148
9000593
9048157
12650966
13014716
13072970
13904625
14044564
15056606
15291550
15981224
16468991
16779101
17015440
17076858
17299600
17487162
17754452
17961050
18244402
18324007
18934745
19544909
19658845
19714680
19845726
20263306
20555399
20794436
20977220
21064092
21343822
21483425
21506283
21974466
22358500
22518596
23173473
23191346
23600073
23671771
23831470
23862113
23974884
24034090
24849305
25063411
25232306
25986798
27804991
28262492
29086770
29252062
30863200
30942786
31337722
31738821
31763743
31806450
32188807
32607220
32625881
32784324
33392081
34136117
34267253
34571897
34586901
34681212
34854345
35158611
35259582
35506065
35747321
36597338
36669001
36857261
36908196
37485224
37879607
38310163
39087028
39376413
39494750
39911257
40079743
40638739
41039434
41104509
41378883
41524653
41776411
42186580
43133902
43174121
43541398
43765837
43839215
44498277
44640726
45634572
45997077
46447048
46489550
46901994
47058188
47079743
47418460
47584329
49547423
50417179
50943540
50944046
51709077
51769082
51869430
7871175
8452347
9169045
13974224
14566612
18878479
19605563
19747497
23884497
24694475
26696860
30420496
30464971
31845582
34336981
35095761
35371253
35418534
35559378
35613087
37593952
39330429
40912696
42591117
43700033
43994915
45593515
47902500
51110063
13605392
34470185
7763355
39536336
7153971
24069612
31296582
33279260
40420923
43884727
44295440
25376619
5580639
6507431
8837450
18831374
19335562
19364333
22451705
25665274
26202430
26218097
35159331
36278988
37124730
50738290
41277761
5156930
36260189
38308617
17457537
20051805
15787341
17617985
44471093
48621790
51626676
33427983
51126356
17897655
22500959
21480076
25036218
36658605
40545136
8053057
15008823
20758870
32050188
34081931
35334091
41420575
44041282
46699638
46876588
50819959
41696850
33294114
27655376
13128256
18482073
32874623
39742654
37876607
18276293
26985604
42613614
42973810
21971905
5457580
6285179
8851798
8962935
13024213
14278060
15011842
17290021
17297143
17732514
19044575
20804508
21393265
21608263
23252409
23261988
23306394
25986571
26305195
26555533
27723602
33394855
33652837
34702141
38059570
38199519
40870488
41509696
42778629
46092689
50186143
50356578
5556477
6045312
6467404
22645855
36048540
52215335
49764959
14678101
31422651
45829703
26406769
36688454
14866565
30367994
34494507
36339552
38835993
45360182
15428106
31627389
39820172
40754293
27684662
47851308
30179294
43192694
8837271
44194322
17336341
40949003
18886220
38588451
39017671
51024512
14187526
20253231
24817208
6994689
25922653
23158419
7487432
43276257
25622178
44648869
18303882
4726767
6296370
8316568
13232337
16126243
19481335
20385090
20925698
22232535
23181000
27512942
29062461
30929214
34292361
35575036
39266784
42721706
21044846
26049231
31424147
10950045
37441396
5268623
51617566
19270302
16738313
22729142
17690386
22372933
28845817
33423277
35059167
35912207
5515266
17281112
31282184
4905982
5924751
12632789
12685819
13453716
17948625
17975206
18616339
18749888
18832835
19353451
22319067
23877693
27218679
27552841
29609604
29749357
31692615
32140474
35526916
36758031
36932684
37980116
39264978
43074721
43301330
6417095
7674489
8202402
14617233
21786372
30354695
5678428
6929413
7411305
7604205
13792527
19145380
19284188
23090262
25320472
25695226
28795633
30173727
31124269
33156151
33736211
33825813
34112659
34338671
34938499
37267993
38535619
39472269
39731674
39869272
14764325
22241350
33225093
34638741
41344140
44029397
6748369
7737911
13495810
18000646
19034403
19081423
19617168
20119811
20748013
21107650
22722812
22728190
24462396
25869443
29697304
29988373
30185363
37452147
38762037
40739641
43376675
47397766
50652161
52350418
18174279
30589985
35792522
40053938
47030869
25796084
47088492
33943946
6369311
20636596
30596108
43686760
36455059
38892887
23324823
27253409
14340348
16208713
18832204
27007174
33662173
46770330
46965282
46967842
51219325
19041192
30047928
49944112
51762767
19264713
44770970
50856314
51318005
42616020
39034272
25088393
45454336
20148317
5714267
14053197
15909027
17632159
18453472
19709468
19900339
28474615
28487615
29226722
29901018
34635250
35337186
36699895
37736766
40782970
42781522
34215876
14494692
4613265
44107359
13810632
51418002
51729375
14307120
5085016
5190485
5961595
8283527
8388378
8756120
12675496
15041590
15857464
15889772
15939787
17842819
18346580
18810172
20380387
21306808
21867783
22390296
23625847
23806840
24226375
25143120
25367009
25786417
28005689
28599710
29634875
30048396
31367014
31396730
31515941
32415090
35085566
42115740
42118847
43324462
45750469
46950413
47853605
50143285
50391886
50682954
50701116
50864149
51215203
17875403
18499669
24704494
26096951
26886022
36104645
37897797
18032119
19601467
19909249
15675462
7234999
8009094
16069534
17953607
19456074
8347814
28646335
43080178
6286040
13174638
14669691
15006884
18074097
21366608
25663688
25741028
28979564
44045596
33581246
51763788
14989144
50582116
6682952
15217465
33858975
4877871
19661173
51124163
37122590
41356603
18126414
19856922
6642036
5130025
7994215
12752126
18698843
20538918
21268038
25401877
27488520
29643907
31644743
32123795
40848139
43599474
20240253
26482692
29126857
25004692
19877638
33434678
19808328
41535548
34792022
44691425
43061479
36862294
18862156
24852485
40437483
31020606
16469509
28646627
21209670
19079026
27027956
46726056
17687134
26109756
8222791
14968202
24508465
25357361
33804057
35127861
41947360
44576452
39548890
26905044
10402481
14362792
6223573
4825888
13029246
13385826
13751108
15924732
16821905
17340821
18444889
19680173
19865137
26137858
29596224
31213129
37479284
41253920
44779943
51498763
51749334
5052868
14652296
32386951
40781302
41547206
21350190
50652271
24779949
5283149
19206273
23810459
31426927
19075281
24117242
34479883
43133912
42301430
48184515
36627611
5337530
8249934
20625789
30349977
36762781
37447547
51463285
13264604
9099148
23804104
25037355
25111773
40303799
4848482
7610799
9000828
12745475
13832296
13893199
17645803
21445622
21866659
27391174
32975836
38297910
39291634
42321493
42374557
42457703
44528260
51515860
51911173
12503208
44652982
51795430
7988397
15168171
31502853
31528300
44763079
22025070
8052228
21352195
35509072
24619124
37050893
24355507
24612291
29011831
28483660
27259608
30931909
7546277
31295172
47597398
5475908
30672137
40176284
18667701
21234228
52003843
24207409
43731728
17447311
14803136
18244993
27796628
28309487
30029292
30532412
34869293
35260562
39050526
42763889
45932892
50358883
7657000
35578916
27260060
44383593
30303029
47881200
5861187
15264244
15469006
15870496
24106237
26994222
42860870
45517859
45809964
51548557
15122498
19777829
23869217
18272548
23957759
5668670
5801189
9169152
14590601
23055334
25215816
26579616
29159253
30794590
34094563
35823206
47622481
50839302
8007482
51527481
13325476
37508014
5769132
35981599
6581362
9147230
14067159
14175468
17433331
18284338
19983544
25429630
26101626
32144916
43790768
24307126
36316247
40233838
41307663
21653476
6328555
7559491
7771256
15951483
18822672
19205095
24706272
24956173
25435662
28249219
29767506
43362629
51121200
52034254
16367087
31972018
29583736
40352188
36930579
50407207
50976140
8204410
30964868
49969533
19087358
37940658
17688092
32836692
33257285
12584098
26739275
45560993
24185295
8626800
40893287
15059421
25144640
31557831
26900096
7992660
47183534
50044599
28868543
22683614
23024873
46568989
47281433
33553704
35191705
50482461
27135015
21614989
29731695
13557768
34995274
32540191
12637011
31968098
5094839
7253729
18737199
27393584
28700311
43352117
34117183
13143895
18741283
23617261
25413385
47415510
51297774
18449617
29015657
32209281
38665873
13305385
21892106
28484056
47836131
41017411
6236258
45641371
25353644
18589641
19547205
24824952
33374680
46188268
31186372
49979068
30324360
51108838
32327741
20565976
7195198
4667492
5832338
13906912
14079772
18935433
19477942
20784779
36121688
39435918
40712432
29553039
40403101
23940455
22338909
36931968
8816291
15642648
15834521
16131493
17787093
18518893
19549030
20704602
20707898
22326462
24202175
29504250
31045736
32652890
33207048
34029206
34236755
35147050
37655389
38136429
40899225
42328904
42385009
42819177
44160550
44561024
45783653
4976288
13780180
15579911
19290835
24085421
41248501
15731565
8341766
18437541
13334203
36868511
45581046
23202985
15083363
36758913
39587252
36494193
21295809
46952354
7212549
14814182
18993738
27739630
47460045
5027870
7778413
36458618
46024570
15825957
21361440
28512245
17514438
30268967
13250323
26235558
29864877
29485850
33227616
5454677
23391588
24985450
26619247
32261111
50428866
51478355
51538888
51805194
33007478
51634565
51678613
51736670
4989445
7469387
19980211
20200053
30726729
36447465
37365646
49994371
52065607
20538227
28498306
31032283
14116321
29760755
30233172
38309770
45301205
28494615
13238909
15425235
15193872
8990628
18941688
14522341
18784068
25784887
26218412
26226426
26705713
28251119
28668869
31878789
31892008
41496793
46023520
49880582
22583922
44801962
5322363
21195878
31350486
40415765
42530830
49957790
44078359
14496847
15347109
19797197
20658886
22400623
25090442
26670414
29627473
32354215
39117992
43663191
46830787
47783296
19774383
32287679
33275179
7118537
14321263
14761300
18978517
21898364
22914358
33779440
19467660
30416292
46549313
43902540
7372365
20088926
20581254
28495743
36637786
20530417
21875053
45422596
20996362
25043560
36149460
15624537
31666627
33289719
31051777
40781666
32032422
28130250
8941848
29101417
50116268
19720634
49771933
40809651
13148639
32883479
23249534
29656165
44693480
40929616
34160289
38160837
21245390
6850107
45376742
7023821
36204909
22117172
26413394
27055904
22557580
42522878
20852273
43306969
6602675
7020510
8643893
9059394
18405670
19070981
20757020
25174118
37767544
28639866
43838382
40733964
36281910
6587878
13231030
44764540
21829098
31480834
50189018
44413470
6331766
24905342
36859771
18521302
51464831
14160835
14913111
20670679
17662316
37180644
24002907
37874904
39871220
34822392
8770025
13847687
44554141
32883033
7694243
43287564
18874716
50207022
14510887
45518849
50597481
7288189
16157100
25398984
26124010
33991522
34492795
34830978
40044429
41045928
41058623
42128005
32821386
31574890
8003395
13638598
34342174
13355619
12823261
47367054
15418782
16015081
8009794
29573152
6723347
8185026
19246897
36924086
39860341
22488732
14074523
19163142
33299998
15219570
40802278
31542635
37685212
40859229
29439951
35511670
19931720
50750646
4616698
6713347
7804890
8482042
9221550
13153433
13445409
15263028
17348153
17752627
18599874
18916499
19651167
19761104
20743791
20896544
21803648
22014191
23761102
24532074
24675645
26460339
27268373
30462643
41093636
18988718
49558126
18277421
42759261
50390947
4842114
20894204
13599514
14475650
16007981
21750772
21753316
22131027
23846277
24517000
25046764
25550980
27586776
27803992
28357195
28473456
29922038
30550294
32933032
33588139
39146539
39730628
51517192
51523352
52358419
9141534
19087119
24679141
25158470
28289708
42436396
5900608
33215665
34996307
22395213
13546499
4699423
6089156
6297918
7804457
8582544
15383756
15573568
15929375
17405654
18104586
18842046
18852806
20761245
24134643
24390806
26030262
27029583
28281948
28525936
29207709
30406481
30716641
31298103
32334313
32339421
33402983
34091896
36719395
37644349
39494100
41826962
44103143
45423954
47112622
51503410
6810959
36978743
5450958
13358959
28509226
33287988
39771710
47276347
40232475
27865602
35730956
27468857
32861523
15961175
22066436
33637729
6659883
5564800
9168938
18282711
43753179
5532579
14345431
34812251
5140697
46681621
6415436
46283151
42139076
24497158
5138705
38609852
39132946
6153016
18289824
20797135
33263662
44498346
24170866
24662462
32717820
46459149
21301860
40811895
18049545
37439976
41652000
6797397
46317284
27286889
33905257
43616985
39499394
50118043
19847541
32918514
18899362
6596816
24216303
18630658
13783457
46284351
6322344
51105219
14907535
36660937
20141331
12401072
30293007
5091076
44666720
28884826
26362909
45372677
20686397
46023539
5531323
14648755
13869169
19250321
20098115
33579873
29498470
18466906
7501560
16052146
18782306
20013188
27795573
33602115
45384725
43877759
35917485
29764714
29544733
21175829
13868745
28275891
19415821
22343904
37863576
24139516
42187664
14808920
13743282
16578705
23089643
30749606
26022492
40718369
21196092
23426510
29317564
30469938
32341630
33399555
39534799
44682667
23142635
41555755
12452669
20928903
21023509
22580881
29109142
44738779
51186605
47905139
8314083
22076508
26630010
31113487
14309064
8600696
22990535
32291286
5926431
32937131
18171835
20291574
42528461
21553112
36641829
6425172
24706608
37855279
21231850
30751827
7940381
18541760
21427379
34107192
35020570
41181173
42411414
21675166
20545650
21528648
17703753
42972745
24760731
18003747
23465390
13526516
34601425
15358963
6419404
12461962
13525934
15585120
18030771
19333282
22512419
22833019
24369776
24832862
25532715
28963677
31557488
33727041
39048578
39359461
39609057
40012991
44656984
46201922
26281664
28567214
30126480
35628342
36419043
5391688
5833578
6925895
7113633
7444747
8192299
8784539
8900096
8902625
13246989
13627408
14231527
14239557
15087476
15269773
15317230
16025957
16046585
16083785
17721717
17988146
18133454
18629891
18850777
18979997
19585297
20295825
21134988
21678132
21972694
22789652
24628992
25573524
26137167
26881058
27361848
27720693
29053419
29144117
30238321
31302369
31447341
31847728
32305445
32786464
34452120
34918741
35717400
36713709
37051147
37123652
37276786
40350863
40574151
40823085
41009196
42221442
42410629
43236343
43790960
43924760
44071281
45461430
46022587
46144311
46524771
46814033
47790917
49855148
50035387
50066533
6878039
20967048
21928768
22481299
27308695
27683311
32490306
32641737
37240667
16494494
6346387
13408945
7240556
28121315
13995050
4646292
8688042
17666324
18380028
23099137
24231448
32216956
36434798
37344198
41858381
43270496
43768466
51700453
25925973
6370898
37702887
21469385
44579437
27085475
37354848
18168806
36343199
18198124
21457183
40794943
43901073
50568104
50968155
18238053
20475112
21757385
34790285
37979645
46804379
6034889
46582843
20447608
21138268
32118055
36217887
6940864
28289239
14771595
31450794
28697182
27797835
14331747
50186935
7409430
43839988
7769079
14889527
15906897
19271263
19432213
19711803
22632054
27542728
28756661
31602137
37261559
38035038
39091464
43357166
43863757
44631028
46487430
16944606
20164415
28742775
32067102
39882410
49419089
49866624
5928546
43075057
35125379
28968025
20231579
25390715
33421992
44590106
14700510
28057660
35863688
20858632
28887113
30285172
40806233
15988227
19632034
32652173
35141791
51695546
14470976
23626444
13028567
32652170
13592929
15300381
8364691
7534848
28835880
42432605
19638892
34311993
22501763
47282746
49886020
25189084
35059953
16014164
18630605
25241659
35271225
25900847
25241056
44974813
44348495
14063558
18919279
19183927
21520609
27093631
27403467
29122380
44498553
46288256
20443577
21555873
25383112
28530178
19006427
40847806
13735083
17681118
13727091
18553843
38562093
41317861
26240601
13834916
13354262
14900271
23446757
26166858
44168605
45628330
22554196
12569524
21731253
25317384
37545047
52190953
50203120
24040251
13817766
39503302
14617035
31429538
18716028
29389431
44954578
51563571
5638875
31181082
29629459
12733766
20849392
25000718
31915322
31945843
20596280
33692493
27428141
23214876
20812560
53524000
41568827
15660973
31388015
39870073
17911004
37494791
14560461
44699807
22673190
30602451
4723855
5298195
35520626
36121208
34317981
15099536
32438812
18744698
31096749
26292198
29187983
36575589
25065680
18332402
14194280
29590842
42836299
15155626
21994986
21663394
34997206
18379529
20283142
20560491
21430188
36992142
28704985
40135824
39321181
28476428
35717523
36296085
44192192
22242654
21515403
22915426
27087536
41807459
12629808
18411136
36060179
36625239
37375690
8927331
27196063
33154677
46300335
19625839
5874824
6513919
7272305
7918509
16112826
17611199
18791592
19595017
20406635
21160890
22024128
23029029
28124303
29478631
30051035
32792860
36789723
39698379
42403064
42716551
42726717
44298280
8607341
23431847
35200542
25687652
7020215
44311016
25579380
13500956
32747637
42088760
8563110
16018678
26778683
30034733
32550973
8081435
28727548
28766432
28668593
38415262
8003756
21221244
23561011
42143785
16869023
17514447
21351676
20588291
12656932
14852792
42026695
13748303
16430761
22921272
25259673
27724394
19710992
27049146
5780925
7110790
8083826
8166202
21287157
23883228
28062520
30624992
31626434
36581652
40116761
45258326
47274531
29433078
42743622
5261718
6792600
9023420
33967593
12507015
44360939
29740165
44751826
51450276
17582010
28419462
38589557
6354197
25927214
20308360
8337019
8738418
26304029
30847686
31661802
23620924
13618913
27356557
36600797
22684396
47884009
29324605
4814163
41005269
44628091
4833578
22099960
31016371
25277476
30381063
43753896
44063729
24455991
21874104
45473013
42689015
17881498
30081417
35847830
21441428
33333409
27754540
15034474
7802126
24571809
30672910
40072251
43099700
13801311
31670825
33662114
35922207
27814567
50160806
7282503
20930508
22528639
31630084
40237326
41528159
50492630
20088147
23013048
28776921
31394179
39308049
37172407
43646045
28983308
22598552
29589765
40621015
8838829
6003064
40816428
17967659
42090639
20362942
7476254
42791035
15010843
27621657
32355861
32606724
20315579
29485602
12816868
6599244
19540960
8728735
26147129
37114039
14885631
14946475
15486794
22501892
31431743
19074003
37682331
21026568
28151817
24456289
25606806
22253411
17553541
21976033
33717286
35929910
14470228
8300366
12594565
25698019
38505243
46763340
25759821
41369241
6536265
6645803
7136350
12539163
20168873
23577912
39177500
44688859
45979949
22376338
32030270
40438727
21406975
17820479
46526668
42516014
18613027
13395530
39198357
32237555
20831586
8162476
23861303
12850882
40947775
50945369
21516654
32881861
21202435
31938319
23012784
7485293
33993731
26700652
4777026
7517064
30985866
29169856
7836099
33307268
18654930
34080765
34039014
12831193
6463301
36900992
26209791
27120834
19103845
37859256
21626911
4829676
21403110
6837899
34380583
18894087
13890604
51435661
22620481
28417972
28872753
21759059
38715607
31429230
7094482
9155282
33857420
4685509
18588086
35154229
44640943
18393644
4677174
8682412
15778161
35559482
44725970
7687033
18595899
21395765
23795257
28359514
39320445
43784426
46376026
7307164
18615921
20577060
44361919
8452366
15156845
15980498
18678734
21280299
24920928
34661973
38759231
38495718
39481813
33270586
31124395
31405451
25412562
40259628
21254991
40614059
