18244151
39362128
37963890
37514476
44608377
19722094
31228985
42396885
8209003
4983341
46004218
47590855
42011873
33164357
26770700
41635818
24907039
19469130
37787644
28331246
35171910
7884140
35465030
32289520
19871132
34247816
31844872
30983856
28482994
42014220
45864128
49765418
39919063
43259619
36540054
40307201
51218084
41085951
41860445
30334809
13616786
29655260
9073500
44527346
45532279
5653113
32419303
32214688
30744026
46542244
42156792
51406840
34981271
45587269
15825288
20074188
32845997
29365593
36654531
20596830
36078360
22422457
45634390
51209030
24442677
16609483
16636058
40794613
41054319
40115444
21519456
28752310
8299085
51451649
21880758
33321892
6764049
33411031
20237787
33756192
24027964
50424137
7145841
33234863
43639890
29059470
47846219
49550611
47621033
24774536
19689007
7221044
28587584
27961807
19873368
12420930
32182725
31720361
15314289
15020299
37340331
6291956
50838413
39468283
17666258
51462054
51074425
26461210
25415961
20385517
44528989
50715756
25377910
5342742
41039805
44676167
37332958
45598749
47889340
44356635
42919171
24583649
15734926
42585694
6744593
7856265
13032704
49944467
49951139
21481107
15788224
46856413
24131609
46367421
20907559
20678219
17715412
6791890
29573918
32234863
24456478
51153128
32085097
18696452
33073348
27326238
43866119
22432962
15073144
28073255
5376273
34068944
49968007
44111742
27980537
5370140
39427847
5752990
43181893
22560699
6692449
16417692
46818535
47059749
20836851
4734455
39384983
42825294
51391962
21026553
44568482
19542329
41835762
36866761
22014760
46242775
32820578
20324931
35582871
47520470
44287162
21602290
27458084
36248672
25332693
35754590
38585401
13068302
46181275
49873369
21221096
46587870
7261957
22167736
44126020
44637333
16471498
7510586
20767758
44182446
31735293
50220663
23877991
8501680
47418456
24628577
5287812
37449153
22411653
50236151
51782983
44199986
28869913
22832758
24027927
44400793
21740203
18280685
15905807
46392811
8018000
51199539
43761325
51028963
32000843
41519871
20993843
50881569
42579936
50626041
15525929
34718923
47348141
23395813
46765103
31604405
36848455
20672882
22882314
18876478
15007422
30072021
21214521
15577203
20967789
34592820
51289021
35213982
12612067
8334896
22287126
44058957
22579244
45984646
32933179
38796007
30121313
35576965
36908265
6104007
44756632
4956631
35226234
42144982
42882075
51045042
18670748
14686404
40808989
31978842
18680248
43038976
51333892
26782217
8858681
33664077
19597860
30335896
45536322
7516816
9056073
37465222
39910776
40350219
27436319
15838769
51004939
20575059
19925142
50858818
47067270
32010959
13616463
14351353
46686258
19139159
13691515
20231579
33559977
40219016
18891417
40904848
9066243
25422027
37915352
21755792
40230826
51411355
8813197
29482024
28544145
40645607
18187643
40979938
23410233
15397384
14141275
5585685
32133245
44091598
31985119
19933046
50550210
25251341
50770913
32925960
20361349
19751057
6113494
41000679
50380161
47342414
7216225
46547927
30197138
35337801
18386622
8810894
49891449
41319739
45856039
12470190
41289062
30140055
6211914
17505434
49979618
27796729
34060078
7245687
19264795
29054905
27007190
30753382
43604236
38197782
36361719
47898335
30877236
15138269
5049283
49888304
36590976
39943430
36593348
45831544
21694104
5133390
27268432
42129736
44393957
7052545
46040362
34011839
25181089
46484882
29922101
17667675
47434683
14275471
33188669
36781816
25016677
37548132
7589298
8837459
7452859
47093493
43795968
31638667
34846946
32653512
21998285
30612962
34775661
13582279
34100463
24950867
25126249
13015501
38571499
40917025
23843697
33210130
17099107
33287969
36920897
26404293
50143838
27525116
13029494
37759341
18657588
27006153
17693885
25216589
25397199
7695066
40223628
50432186
15356449
35303335
23819523
33171676
24788044
7876786
18426536
22879483
27953680
38352800
28778451
15617136
45501670
42495980
47314809
33457929
25347355
46861606
27060685
19511306
36117906
13782439
42784212
34021917
5657389
28241732
7381617
32640003
6611113
35927042
45452724
7858033
34448382
20272329
33935885
33451941
28313527
37650230
14596526
19707338
26185217
6526155
8750227
28920451
13534957
6775463
32672581
39082815
24637195
51636114
34360182
12864167
29265766
18382284
15963572
33068290
18489148
51011666
24699373
26656805
12832205
40270972
40152094
33846359
47027636
18832615
23072317
6977514
33329127
42500416
5344505
32343732
4819020
5925172
50487811
18475253
7319677
15006677
43352054
19027419
40886451
40920779
17789044
21001942
22326044
23891770
5871139
29992689
19758543
15964599
42235636
33142447
8855954
39148255
40825592
31965704
46483091
7965284
47059614
46697888
37879039
24934923
45433316
19995397
46587983
38213863
37351069
6289763
29328934
29934177
40554325
38741814
16032479
27861675
42211172
38994621
37715396
42992304
43948787
23049085
17670141
22466499
17580948
17473157
22017219
38414605
43342561
21819805
37038361
7933048
26793229
44572406
37460773
22338325
8580311
51335623
31091672
50884513
12738092
6820171
39734011
21243232
44488827
43280828
29274927
14412636
43301836
29605903
47418054
41121932
8127726
13034027
37505871
30015296
30904442
20021696
22894877
25293194
36826935
39768757
40624040
39707772
24713048
51539676
37190766
15372839
30662845
17305164
21695429
37313006
20031070
16166126
46516625
34819002
28034544
4933311
25198204
43813089
15110824
31706808
15007538
45409575
21634621
44455960
37198871
32349943
39064981
23382948
7659862
27402038
9111026
51541897
38134186
36430545
29842845
35752831
50557759
33416036
22392087
20657859
39318121
39775452
7452545
5379606
7104965
4756568
43736180
45531933
12593529
43997162
23863650
30176030
36236077
14766798
13813676
30096569
31753285
24724465
39494716
33728436
43814732
22580243
28079752
45263437
20277340
37561100
29055999
19745261
30256118
46682036
19761104
19050491
5476672
50386394
18076465
42817814
39464343
26225351
17567480
24032385
41159612
40021781
41038196
44420432
15967571
31640175
37072802
13017216
50589992
45174351
18676786
35778545
43751389
44666359
19562841
46863174
40816447
43852736
30734168
35888868
49413355
21109990
28529282
39750731
20894062
4658211
27587232
5130047
28292101
40517967
36868388
23142588
17556387
30830826
18690920
32408175
9076978
43785773
12427486
15012106
50135915
30980830
18698133
37839106
25766104
44643629
25792823
6906162
31192184
46234158
46354226
35340987
16924619
37300797
7301195
24772318
8624525
40665405
33781730
28542524
13010770
19366827
35535049
33539708
8908070
31107653
25248549
30047256
23423158
37315434
4595593
46503298
34550330
42851724
18884854
40198750
33691962
41042158
28773186
18944214
15698644
27463525
5812052
41023264
12675813
18516848
31045736
6540720
28352671
6814415
29743326
6498076
34474039
30120574
29171333
7901296
35592085
9687345
37590892
20084006
39572294
46773230
19278517
19792909
21008130
5061739
18543633
38026766
44733381
37059696
43144719
18798422
22565471
44734559
50278694
9011702
44648596
29139043
45917633
15060945
47052125
18011918
22678167
8571357
7324101
33010604
7704730
26241223
29333018
46915082
29047607
38318347
27519678
47003396
7324830
45547968
33240735
23969980
43134336
24691896
26182252
23086357
25386436
5457875
46268630
37962765
21576482
23256694
7232225
29018475
21918099
30311580
18877861
23097569
17506464
41830983
18643617
19130690
22556797
36734148
21171424
40773083
28992152
45902610
32919711
46566340
14900029
18276035
38770497
49900139
13646490
36789406
46854512
8123696
46246869
21748692
34577109
17723611
7293759
21486023
20871663
42489841
5631131
18389289
33461492
42967721
4908226
9061571
15828719
37042540
13856455
20537190
12504443
31472590
25615430
26787643
31076690
44509675
39842123
17577697
32800532
46127604
18960839
20748632
44726463
50626978
38543420
13058858
14640392
31330810
18276842
45389462
15099615
15750933
6493231
14549484
8780986
44114799
50602533
36655995
44333457
45642772
22855359
25259415
19709509
33856280
16689440
31597783
18549508
19039096
39873611
15290865
47673381
35618270
8537931
20560878
22176951
19543460
47827577
50167328
47280088
14030154
12637338
39187082
5062770
44642775
40413820
40067739
13416507
36497495
35379126
4830820
16100306
15249566
27515170
44096282
13785895
15438373
32023968
47673422
28264028
20328293
15319646
19379193
13934646
50214644
14015172
29342615
28915481
32991230
6508685
25081563
44295940
27797065
34353801
13273278
27752703
20664999
8847497
7454565
29094769
51662619
15743692
23533644
42781136
7589496
19202802
36143978
30789335
17640447
36953752
5689904
35748712
37857899
37207043
18492651
29609619
46858992
20550457
21375530
7495333
34233331
25460565
14298421
16898041
28972090
6988902
36217642
28595758
24373257
51449641
23626862
19133875
41523302
15753195
44656978
38290751
12605011
30427941
37807247
17271844
28915453
17934946
19229936
26819659
31882515
25746711
36659890
18278388
37631076
30415564
23406570
22612567
7146393
8280892
22689467
44309728
34018662
29253840
23993203
21789416
43837415
42940229
33445004
37304658
21838453
7871341
31687604
14821169
38054845
7926746
29611881
19379611
40622130
40797732
31248104
27261562
8173254
45657028
23046880
27279365
30159668
17713351
20874022
45555209
15115398
44182289
46070723
18632119
46460095
50127298
18662426
36954688
37434042
8152705
19376918
17359174
25238125
14009429
19377006
46970670
35301701
8453271
43017230
35704724
31976071
43616985
29894248
35475212
14359653
24603432
21886931
20600506
47686236
31134938
18353987
22607697
30879055
43968341
42533908
38092073
31238142
39851503
5007308
43292813
31431658
15707730
24336054
28872464
23644008
44096470
29933847
29160639
7164078
25872243
16776543
24027631
46446244
14271607
27149055
30546131
18667701
20148566
25216165
27754437
29731680
27677386
31078905
13358620
40063250
14029497
6789678
18616782
30949729
40883925
46848044
41028225
22532525
23117358
22057071
23885280
6667543
43381303
4954724
33430427
36234267
13488286
13756421
46286296
26150930
38969891
47527482
23138982
19675392
6492044
36288246
36033922
5776703
24719225
26994511
18667751
34115665
27522078
41604116
22415938
15009542
24919787
34897941
20620398
6820840
7672579
14700623
19202139
31804986
9082076
20513543
31287478
20018567
27238063
31359153
12683388
15392132
7681400
47635358
35712254
44170150
28884826
40978581
31627665
50620540
6599898
16552171
18206088
28676626
29565618
31586743
6137719
34679173
32615809
33679911
38637089
45566211
6651784
51270231
21307292
17480791
26715619
46486434
44331999
37382498
8492729
47878763
27054455
14408427
30666866
29750011
18900226
22402410
30906849
39885166
17613385
46422559
12817552
13474017
17608739
50599844
46041537
34471617
24044524
19633524
15869170
31383959
20871968
34292769
47880066
25715904
46181225
20292809
6890724
31294116
25022310
28979639
16226306
42834072
5338008
43910771
15974046
37918921
38604282
44403715
36458216
33272390
28718422
31840282
20736552
36701463
30911046
27243023
45998177
35575036
46076227
22653370
32674460
36661879
33557734
47786871
40441504
13491072
32023676
32222912
13869122
31321018
32679200
38136429
35301375
33761423
27861329
43488824
21643797
44341417
50403915
40274748
26873616
12628096
14846305
12678232
6026510
44687351
33183005
7761165
36814604
31801386
28832016
6110566
32363756
28549093
35736900
30548651
43324437
18482073
28319069
43635134
12439663
35268199
24397337
13348001
28678498
7895330
37038311
17653368
27851927
33208829
21145883
22506994
21340542
15772170
24015351
43912838
43357926
35384759
20360827
7774866
36872956
23506482
42505574
14976285
28678348
20725255
22815099
34053939
37165077
25048127
30869332
40978374
30604603
19655543
29146191
33142871
43301698
31552421
19663014
7553937
29764864
9148304
46926254
30156414
47811577
6659864
28097172
23011769
48496444
14679672
37489249
22805637
15533208
35036139
46034456
36200891
47131010
27060858
6082038
23518122
18660318
43136950
22812322
29070582
25673461
43539717
25232306
20006286
42718810
51489115
19713392
37235056
44113624
36308890
34385748
22386690
30579181
38240548
41846060
39335915
8757757
7540334
37348273
40048258
41605464
16437930
18664144
21967265
18539467
18124717
50456851
36020074
41000569
41492046
36680785
22527254
31917374
30543850
42454627
12786080
37188526
20884974
37333520
27423291
42851162
37152750
28499082
46894709
5739350
29694392
19066626
4930980
6608983
33915373
4707412
32895018
38785175
46566852
5499260
19474364
42477639
45377357
17643419
42930789
13786118
8631239
30687651
32674639
18436171
14203158
39554969
44069308
31168409
26427987
18554902
36924215
22480893
25001487
23915945
41157501
21997098
27568725
18298739
16088374
37436002
7507441
20366627
34857694
43914852
13370410
37710150
26997002
44627739
27975288
41083966
5964275
45732747
43770678
39901926
44392119
25627572
7907941
22442965
44010385
19589387
19330482
5809209
15492110
43827293
47462712
45527469
6056720
15288004
51431784
14875550
40783030
29373711
17623765
36984882
46155973
15820551
46556268
34981934
17722552
24457822
33623299
44062560
31189036
41082813
47634218
13401436
25971354
19545421
32912363
40669741
20276234
37049357
43861228
25403903
43724776
33905257
16393511
7618490
30084308
14073165
37829348
40449066
22829283
6341964
22550521
29851271
28809855
29605975
43038379
21719041
21372018
43947572
7237905
29706679
24567743
39377990
25128829
18937523
37016822
19605563
23030147
46011331
25194394
12580431
14268051
26218280
20826971
23771940
4898857
8509565
18934924
32726183
41114094
40227483
22349471
16916209
35510278
31320125
23342726
26254559
21839336
20729440
33464055
19116471
4611455
37157421
25966060
6342045
37988504
18686255
16038577
38879473
15216919
13915247
14029742
6128147
31903843
39074939
8286814
35570339
44563355
6258925
14025583
5515175
30884584
47065668
36946039
37377107
16420648
12441818
14700786
14438291
40778424
36702622
43650880
36704190
19243127
51018464
35570392
37631525
22338834
19103339
30927188
41943858
21829076
25723963
25862937
13442079
15679009
22914650
7701045
32992650
21844960
15485198
14462098
32880520
32686637
39363404
15778064
40956288
32067114
22668616
31018815
35616699
18945345
35734007
44337999
32222922
28770764
36158068
25090247
17385139
20011875
32122485
26443912
13525934
23261988
14664391
6050308
15063948
7111808
28478319
51447433
42605599
31702753
25295182
37276604
33207506
44116228
45225279
14552554
35112574
20594587
13359213
45372717
20009245
28533014
18594957
13667071
27761958
34651533
23996234
45847180
30083547
14002388
42506485
32902373
26057895
40301156
50100205
18749775
22780840
44932027
41792675
35906430
44057477
28122528
35243532
6083184
26758219
35237525
17505415
39432415
19375960
30465609
23456015
32061645
47866193
43357166
46030579
14540647
33709275
44726080
24077636
17419945
21159926
21513343
41649418
37072570
6008977
17973431
31323921
28954679
15103234
41052427
16647653
18533815
23059380
8956548
27101796
36249532
27321566
18140036
22518596
37477641
8897442
14496847
26999782
40005928
18875021
35059048
15484262
22448636
46987939
35467995
19485262
4978321
40811580
35459522
31560687
15083011
28751176
17265906
15123431
22832375
38538214
5597639
32724182
23786662
42950418
16710633
31305756
38835186
41006114
25768221
35704303
35758310
37977713
7110391
21262713
28425519
44161671
47262436
29942119
19696013
41862456
29030665
14125636
8365445
24888180
13304389
51126064
33581246
14860747
23041112
25944446
13085954
33747612
30938441
47849690
19709468
5829394
19678681
21832205
4991164
31071176
24571014
40837964
24202175
36226549
14127326
19268803
35567838
36935273
31219573
6544367
20352241
43611603
18982548
20025220
8691715
14271504
19605849
7887445
28646354
18934632
22658855
23213780
43684196
37437642
6152032
20871842
29703173
27445094
25065375
18741412
36205745
21480177
20233024
17353070
15486678
45943001
46134965
42756729
21648579
39370632
14359826
21753740
22695291
24101974
14109712
38409544
25629410
5339610
33951944
15947707
34326001
8064401
34541640
43858910
30056781
5230123
36856881
38197182
36515311
7329316
8639332
5895242
29209710
23817600
12401072
15406197
13178503
33011832
9048157
19223502
29248606
44605946
12462911
24089235
13014716
9024742
25385227
34776022
45631603
19588951
22940681
32053989
5882361
14408738
8609524
50761026
29479294
21313075
19338380
19278835
43149843
39874214
38627476
32824147
39896714
5525636
29587437
36557660
23451259
46912789
7454087
6315420
21715001
27607844
25878796
44251191
38764446
18018101
42186580
21600600
15734823
32731018
16367087
21903224
36240293
36709207
44063729
31852896
26403929
35164989
7735461
41044297
39390952
12798345
41139651
47004910
37868115
41045928
30463423
31310751
25034468
30047928
25445834
43305716
16922910
40891157
18217564
47039097
18858326
40010339
34983112
19601467
23488126
23101424
32034508
19503408
23033811
39725887
19245656
38140036
46681389
24781274
29130743
19549549
36716040
25030390
14494092
42816611
40390004
8914183
33824653
38113395
46831123
28351013
34662441
6696850
30613939
15654194
20373183
17186229
44706803
36886566
21353370
36687571
15823739
5880137
31089671
5153452
46972752
39377447
34057427
28106455
46774012
24827811
18407454
43630255
35158985
24856069
21457067
50140383
22258585
14642965
8971772
15502100
23110362
44076308
43785513
50069807
26435392
18053400
26709477
20814907
42804447
5413478
22927229
36147795
20581267
20528808
21860589
47119902
22231762
7295924
47705369
33012344
39157746
51028542
18284530
33488142
41826893
29479344
33717286
36733140
25383112
5993809
42953810
21533260
9029869
16821905
18302211
19868087
18429778
30011866
31276162
4854357
31039123
22177274
42199033
14856449
19041283
24549202
20183516
24887137
22105068
23340452
24618025
23010937
41652161
15293039
26129863
49827756
20928051
26453528
19420332
41781088
41543757
6644917
20736675
23184302
7272305
22332283
24143584
26230837
8238929
44507325
25025341
38282067
23118103
6565563
37218959
13434945
5021075
29405224
20761374
41251121
22068481
40811948
25068290
23025532
37516069
34429909
13883608
40448821
15906897
39683538
18117086
28939511
27916292
13949713
5948947
21607433
39208137
38177386
5186806
5993580
33696033
22644661
21720578
26573512
34054269
34525207
45636005
23843220
43736896
46107366
31510299
49976866
25097193
12207483
15565695
31839239
37926524
42979458
23677312
25604186
42716573
28162479
47484983
24686197
35380414
16137003
46436470
13632881
35626690
21866580
44072993
24083536
27628132
46462448
6303982
19261804
47024341
44700200
38119565
17860826
13572622
18257383
31053228
48640640
13871321
6637820
15907293
26382346
36275491
40509051
37764886
9155803
15367828
37374672
45622559
12650966
8008836
33608487
23711741
34816991
20483045
29253275
34036915
22753320
31030738
19761710
40410038
35975469
35635778
16803781
5705219
12406503
22910048
47644588
43959353
17490816
33272943
31089297
25021986
21301860
45545851
33505480
18651226
32907387
44282754
40840078
36451493
21387563
13401958
46962058
28700311
37340586
45963079
43963339
38543479
33660204
32811235
23824939
34299659
41033936
34987932
45404680
45594746
20556649
22982939
24014396
25790545
25283618
4695684
40886674
31509391
35778938
28120420
22338686
40854193
20899372
17976230
50435105
38058801
37645220
13731332
17913172
44864062
28880877
36970412
33640767
40565688
5244382
16004167
32768057
24811789
39890274
16021785
19747497
30471207
31942107
14164985
50802360
13743970
22155296
16699741
47361952
13781575
46130438
41017411
22567476
43808182
36727592
25742718
33253201
12607861
40766696
19874308
29193000
7126627
47837671
39422004
31429230
31598992
5967894
39599007
35845505
40675411
4698917
20452329
38485577
28862737
28605422
19741538
51079612
35224905
15483772
20161534
7911123
37546269
37369224
14452632
18822465
41285889
19766664
20383877
31648284
8010137
7622301
37703590
25617434
8493882
5133022
36073179
40579077
15014195
43146333
14617233
31846939
43111283
17749407
30227432
28266083
23223340
8927331
47284439
22833207
20814436
35262991
7626344
49946531
46348499
20734912
24978874
6893084
21313091
43366911
24294111
36424393
17267191
12478861
28367613
32606724
44700973
40781006
19171945
6148966
16166927
20392253
21990840
13903856
37863570
27258360
21324831
27848106
35248360
43196480
37014730
33111050
13707723
18500728
28119468
20810355
14551039
7424120
38763925
20932396
15848806
35856419
40929616
28670198
5313403
28337786
39202878
4853160
31271849
20450903
43305006
36261687
32112247
27805937
29361534
7356151
31517625
37687829
13532896
40845293
28538273
25594353
45442137
7795714
13113016
20777220
15004425
24649086
18151867
41551218
42793762
31599410
20989705
5039843
15916696
46750265
45478935
28126797
16765400
22385009
17210416
39494314
33584372
15151712
8267295
21281942
29227464
20043784
31804327
15469006
15365130
42457979
38852201
20623411
8295035
36040057
45464169
32242459
28219553
14022956
23478871
5989713
42509721
4912530
16311974
21707732
15287733
27310128
25386420
19921284
36799770
44744958
40590928
20759794
6473939
42154693
43963547
21667174
20356545
22887648
29143690
4781387
24354963
28456149
26218412
34452120
18732150
42764071
22629924
41208392
18775297
32772034
27218679
26994737
19005906
22543706
19655383
46324777
36626533
22751422
45782076
4811681
41133273
12413550
40202275
31867523
37478643
18030708
34767508
22942924
24463851
23242623
30105001
23045849
41604726
13951331
22035167
6654888
21735516
31979954
35311946
25282453
23117955
30925482
8192299
17770609
43911069
39564934
30798687
18936187
5167222
5978510
38845088
19924620
28699874
14378079
4814550
31474048
14586040
20306789
40509058
21323122
31789143
19197942
15393266
22991741
20811960
15981196
27288140
40303799
21234228
39804345
35481982
15293470
18897018
6978400
5591688
35736652
29812937
30461836
5471570
18914165
43814519
46703829
44361919
23127593
21408649
46392503
23949487
14413035
43345891
13509284
15406379
15888048
32494695
29299887
45913546
39161911
36167505
28933681
13615193
44156585
7273213
43947173
20483051
18495723
31070183
14449786
34699364
23263841
31577312
42749337
43131728
14417057
19370506
43539476
31015243
35741119
34706018
30348858
21697710
4625366
35493841
12762198
14283800
41312903
50429839
17126457
24756996
40672248
7118537
31654036
35750632
36201677
30316399
33174915
44774341
40772731
7703310
30850643
18306411
46531868
46399914
7687891
23425555
9133734
41830600
5900721
13597371
28559486
41873627
13897949
30769096
51058205
20075181
46247469
13402599
40863882
21692498
19794370
21868336
19715811
38222088
21043687
46001256
35034374
44187768
7380348
29429160
35078208
44404215
18816867
17585387
5019444
38088231
43351878
13294754
29575898
44362526
14559116
47835063
22400940
28040802
16944606
27029963
19680173
40363925
43651024
8817881
41638093
18551308
28082881
36278988
17568627
47114790
38829955
46943382
20974751
43328505
25910338
22222409
15695188
40301028
33319944
36337456
16831006
33298163
33305273
16109109
25095628
22178509
21112623
44825238
34315094
32252201
26677408
31662773
41214644
16141229
46332961
5112658
36544088
4616215
39824282
22860734
27825719
13207939
6140101
44679468
24404484
17624340
38688294
35634836
8054301
42949321
36069796
28302170
16771542
44653952
14171632
49761186
46582042
16445473
29775122
8666459
8796229
32066115
7370326
25445746
46435738
28547585
30142553
14931445
4704603
13599954
38556574
27794445
32451246
21209067
23012705
39373673
32111530
37125003
28756661
43863757
33483498
33779034
5978513
47012161
9119087
14040650
45374973
24817208
40908964
42764721
40798119
24956324
49903362
42262472
20587198
25032231
27576359
7860622
31746031
31793768
44131537
6792609
25230908
7842068
25170555
22049568
23978051
18112814
16746921
35702613
14423522
14691839
43195415
14430295
43686760
38657035
43008430
40382784
14709709
6778013
36316872
40709259
34822392
29410245
34620381
12796592
46470390
34817054
24142623
5874824
18101083
28766435
29129251
46460126
35257270
45877917
43923900
31602137
4643870
18604416
29096406
20976906
44067112
43769691
33375450
28262492
43670156
4587224
8130648
27344324
19789466
32402065
17702377
18104278
32724439
32218109
31475722
13572882
44367634
18977870
37680597
39423546
24703504
21434303
8888655
20319622
30582489
40389938
20724683
14796256
22932673
8603404
14804267
29441783
19855578
19123169
22228159
18696663
44007962
6665824
11292356
43382503
37586129
31566363
44597262
19908127
5670916
16121182
43194720
31394179
29436785
33994877
30397638
24300026
20089466
23145708
34289110
41055726
46299248
47001862
8644211
20000854
31803205
28649564
45610947
17634566
39272112
46206829
20549653
8270345
29088756
20569847
46131688
37167745
46232895
8112879
23372075
21883161
15125068
8286295
32287679
16420661
13786470
36406031
25062601
34190891
22319824
35910303
14226324
32274111
4974928
19633721
23914933
29316556
13731571
43858935
44414500
7487344
18225474
27995227
44666208
23884497
27275837
8519405
19632163
42519476
17740915
9114827
7567964
25424101
35424676
19534227
46123602
24694475
12990855
24134643
31743521
13214021
16164552
44177681
34301899
24688506
35038354
42823164
21603494
35990891
47561449
12521954
36050726
47408341
15235288
20845597
36737805
46988281
19433410
42975082
13663074
26271153
31003126
26881058
25242391
16022923
29100323
25728785
13268176
25177527
32067102
29062313
8255222
40952361
50663665
28362969
21160890
39700349
20731447
32428640
36634946
7815760
23600334
36553632
38310778
33793567
20112466
38632474
17580345
41006981
6569710
46071386
45803973
42254888
13436141
33469606
8029140
6697441
5421392
25410083
37306603
29245578
29411030
31133838
34691573
22863649
24387391
31078257
40752597
34500856
32491638
36566726
36068244
34157455
20531029
21124137
14392709
44494460
13333496
23812483
43912392
5099395
33112567
30997305
22066436
14036569
5081591
29304706
13935620
44490740
5043543
21761516
35115857
38114112
41368600
38052002
33000535
28704985
26992842
35156739
33665711
20607892
31189482
14407761
35793040
18656114
39841397
8369708
32865440
44509992
32573781
39679467
27722594
32979524
18711469
22598263
34812879
29749028
12691242
51258601
29730929
43841031
46313769
15872170
5146754
26112851
22224891
24920928
40481622
45657167
44147003
22835256
24896087
36163060
44763003
32891355
44331295
4723855
34256849
17731914
44548728
34778177
28339294
42766352
18596493
33915637
18415889
42967910
6846978
33597601
18597941
31351098
41624216
38408165
12987805
23451312
22697820
30829575
5118882
5403755
27391174
22823424
24443230
28473073
7090583
18030771
20615950
30879728
15267882
34507714
46337698
38207175
5188211
15177614
7424085
40542223
37395934
42625637
6019548
37767157
21388216
41616642
25646233
12674249
6003023
30848054
18288608
21265487
42116224
28512066
21033009
42522878
15581384
21555892
16611955
17559548
28101055
31121985
23895578
29983450
46768920
8976563
21788163
40260193
34936391
47092460
34034741
35410294
41063960
44879604
5152513
28245153
15855768
19335562
40817999
21193318
40326575
27243570
30608228
43354037
32815762
32283174
36713709
33741426
36154015
24599147
34707240
15552997
7821619
30503151
25578299
39916578
18678734
51063458
14975095
27011302
19502038
42670787
36691253
7284331
30259558
30575794
27568445
4832350
25243264
30145446
34111179
36656048
14818807
47062885
14569521
35605776
25260584
22104967
23000079
14675770
20915557
6759843
18130903
19107181
28425943
23854124
25037355
40487588
7700866
23361623
16086647
34634427
35036033
20351308
36804055
49547423
16741377
25363735
21438815
9109707
8912735
4698025
13675053
36821761
16109150
35246139
42937374
49945296
15776226
13686658
45507347
40690067
34756186
7763182
30128962
5305137
51075748
34568334
24147097
23682326
40638739
43855033
21487091
18652687
21212937
16015081
32241020
37878316
29167597
46026181
33231901
43076901
20295825
18281505
25757320
26495956
32840581
15596897
46077251
25008751
14204245
4811003
16709621
13500956
8652652
18559435
15014167
23998594
8529734
17485334
26743824
46595224
28244805
19051682
17070967
13001929
34300925
13408894
25017516
43195625
27469610
9132574
20927395
5597921
30614891
31673511
34019737
46250126
39091464
8452347
46716081
5406856
16101428
14141237
39508649
17170320
26740208
35320686
46364405
46734456
41541420
7577618
51178773
34031618
5462877
36231845
30830125
43753896
30839330
44551778
33596624
40734417
46120866
15332102
27792940
26505248
42720685
18085133
31213129
20854010
13033383
19030759
40204603
19700279
15008823
44008933
26500326
32283322
16883031
5671573
27468857
7118320
15614223
42819177
35014506
38588451
42115740
35821805
31224056
36879884
27397401
37702978
23204647
29992737
26718094
46422361
30613622
4753361
38178781
7577074
35700385
40405388
39348201
22429676
23551121
19909249
13423421
42708436
21176869
50491594
7813470
27759228
25615713
5519831
5642312
43748369
45983358
31016415
21607424
5924751
34739180
17256073
25164065
15302935
36989842
23536981
36308679
18579152
31505505
47377123
30015874
43173562
23045657
28566538
46468992
16558580
23055334
35141791
35205578
23605939
19832722
42804861
16279346
35013796
22160162
16162007
23482245
20342785
20474377
16075918
44181457
25631989
27548867
44266116
43927635
23047740
14216237
17710508
29689956
33602115
17907360
21082574
36178228
45649042
47373252
25702260
24082364
32001942
14484613
13826890
41005269
47015525
13794051
38814875
18344157
13275936
14960772
8829728
37114039
13935451
38630429
40519079
17717724
18830567
16200803
18896459
42417896
28598994
22911370
22215243
43845715
22959653
21910647
46889632
31450178
19604194
22193874
24389954
25357191
18284338
32047753
29075059
8378482
6089266
30813242
4708606
50714845
39396208
16562095
37475407
7617808
24684915
22959515
41409579
14216136
8713948
27003203
24801123
19756168
8347814
50193416
40904722
31472882
30511813
18887285
42716551
21976957
42835052
15573568
47069196
36650726
40742374
29054098
39385081
28876469
6837330
17240620
17684699
50226798
18300125
16045859
18719270
45486933
39597078
13354262
44820614
8295921
40544803
33763578
15046343
36452021
17410485
34758624
19397112
46295648
15161190
46078398
7423209
33313545
40508445
24999929
34537069
31422347
8415631
45564785
47348537
30639807
5157781
19485259
46223297
43073782
19715648
34392166
41369131
36806081
13767306
23804104
18614080
13679593
34102703
21979081
34695833
30040077
19132201
12423503
30842343
18305978
34165588
45495365
16128876
17329329
20621347
41458821
6106910
28906006
34335545
19651977
31437012
28638179
17609383
17450029
35306263
24781969
18699085
31544655
7523243
43312084
24617393
19577057
6402731
4679320
27655376
7883373
5408012
43528452
13997183
20606082
27521104
15165208
41496275
15731653
36762781
19745056
12619572
22005859
14522341
36950821
8166202
21152666
51287051
26027045
43060901
32058830
33733255
13541699
14869336
15350474
13138780
27567556
8554440
34039014
25785186
43740101
28561961
23499244
34521741
37708708
18269611
23353901
23265575
21977152
20014539
13146119
42731738
47267833
45161618
4868242
41093636
45554383
50738319
45376560
18030463
28700015
31445623
38896912
23456889
21604464
30997892
14795031
50091437
25715106
29994854
45091586
15832699
14426287
26450707
27230592
22023207
7892522
4920094
23478644
44301412
32844024
27576701
39841984
21175829
44394149
13981399
34432140
14652296
46190801
43351995
8011902
44728952
25429818
46040928
26905044
44651181
9165859
8068837
19236681
42485188
21126201
41093208
36967031
50168597
25655118
29162854
41041155
21005353
23316051
24491726
25861580
23096768
46038594
49916378
37172570
6146597
19163265
35763377
28310436
18509955
46184103
33858975
30044909
34350638
23252409
9074037
22827037
18984213
8300366
42783630
42795531
46398774
4948020
39322937
41494145
5279807
17360151
25706970
31803868
40931856
19625823
33044329
14772066
22099960
26438860
19772376
44165083
17470512
16472557
15988522
28938572
29592432
38615406
37664748
45651446
38074100
17508396
27757629
44570502
26820206
13224973
22241413
16799377
8914322
4856238
19774383
47673083
6045639
6300234
23709511
14252874
8789987
4872785
22753128
8525603
22968519
41912693
22471073
35082346
19348920
13820063
15409150
45460129
22160039
6949931
9820275
8112779
35001500
8951669
23462883
13565396
22326462
13366169
17390744
43288503
14658658
42288010
45985259
42735275
20353448
37083163
38042257
25268039
21867567
43770449
27825537
27375903
19084901
8773148
37482243
6247929
36041195
4888364
20820288
16069292
46136608
43327990
24108034
44597200
28264254
32325542
27552938
15041363
34493558
22614955
34490891
15647581
44705522
25915505
12655289
28282865
16895277
37678137
20305532
49966363
7246070
21196777
5260995
5776354
21193261
7106574
18717608
18983896
43336177
29274132
43870329
41374032
14790969
23931791
26167471
19113474
19566388
25244229
19712896
33741407
36634667
22585719
26957248
45234786
32229560
20734146
30409990
30555298
47300634
17660409
29954255
47864490
34702820
38392520
31214414
20202868
24776951
29948387
45581046
29307452
6828106
32454074
30931909
20784779
26966918
23959295
19166874
26801409
37602528
35539624
20822346
40779608
6175890
46524771
33568089
13674416
5769132
19865514
14739510
15270385
36994593
14627870
18377059
19067157
36803486
31031790
22866084
25221016
44603784
23000422
16375023
19442889
20456310
16780043
20199287
39691100
21038588
40188380
21196434
14333509
24401029
43833422
39471657
7966754
32288553
40646320
18677751
22992810
23831470
36269727
14159961
21446059
8151317
31085354
34034625
28552370
26257361
31989511
21791091
18850475
45792767
13928929
34098151
16428697
21691505
6511437
18745091
26326671
19174779
14263844
26199609
21066486
42203240
43284875
22507540
17657512
38904571
39177274
32114942
8162476
13787148
24163945
45455926
8848279
30832849
45560993
17769108
36058916
32114119
15593165
45423935
25823375
28657132
44954578
26177728
46611306
15011760
12637835
7383427
23549814
31620656
33994274
13903328
29850573
40071965
43130494
6047870
32667853
44326199
14914936
20241664
5335005
13504616
23146898
47176032
32720189
26568237
18060424
36143334
18599349
36890543
32119966
39723317
4628017
18364477
36379836
40237326
18725801
18304319
37933194
5426309
14037590
36891561
40008636
18267735
43792245
14284478
35440579
20144940
25111773
19815431
38770271
15936029
33603727
21243401
23894007
15264998
19011469
14323374
8688991
30262851
12507053
37267459
6073907
42970524
21385590
42860870
32543848
22540810
6461181
36667097
27420357
28702211
37156259
13969816
38869847
39863837
7650170
46009396
18433476
5457580
23066690
32209561
44774388
26072224
34566088
23795235
18000222
43358765
14304321
20423713
25446092
19982401
22077774
38072737
30929214
30827951
36418764
31112042
39109035
36412031
20795316
32045896
18806559
43320805
4810786
19966174
19447482
28318239
17264637
40517351
4873278
4989269
40250985
13727091
35763073
14519215
21894066
23512498
14398952
5577790
13589633
15027817
50664036
49830769
43294736
24448608
19499619
18240975
34175532
27016326
40760841
18792557
18530730
18442188
19397486
32055359
28555276
8253692
14789835
8282236
27276773
17697907
43792820
37711429
18312295
27649994
33332705
44602427
35055397
16011126
42593994
36094379
24491337
46935584
4582976
22586982
23925932
27259608
17714510
8612707
46596047
37241679
38193116
15553496
36758420
7667270
9204844
46221924
28888332
25242435
36504755
34171507
26330365
46296434
25855869
23350191
4600827
16684404
40803340
37966045
15374444
32848429
30427706
47367054
21600688
50834005
16942168
50447621
18412528
35312819
46938808
29223357
21004389
18435050
45923596
7209294
39701125
40839321
47183534
36719942
37787493
32665560
39087028
21446945
45593508
51020418
18140290
29390644
35195060
43284353
27021019
8989082
41265914
8907718
34288123
33744238
46008736
30195954
21889322
19044575
33206159
18227375
26022492
33140839
15963955
21384324
12457985
8364691
34515021
34305622
4907707
33688836
36670544
23450694
37368448
18756592
39908068
32020911
24763430
35376836
19995353
5763084
45517859
13955199
43583071
47812268
24695986
40827665
20032104
29399726
24503212
28075922
40072543
38001388
26033664
31243976
5105854
36627611
19871826
5685364
32486109
20863702
36789723
37282337
26771200
36739624
32257278
44520853
42104811
35148674
30034573
9099148
19113948
6669487
25235731
24476276
21626911
27286899
13660388
30669439
30367994
37879607
40331090
23391588
34743783
6910042
17744515
31478389
18338493
15440952
29001781
44495478
44836705
23401817
34567448
20526462
33440257
15375230
24103165
22368999
12761755
23069923
34234785
4746022
22399696
46388872
29182872
22273687
32762506
23323484
29941764
24008361
26551285
35966092
20118786
38268150
23900856
39388477
32146920
13006934
25787696
13312532
14044564
36422417
18749888
12632293
35655963
13310261
16310714
30669687
16023416
46550689
6022146
18204234
15833340
18358775
50111420
20642974
18218651
5316262
42431577
18976343
18010511
32867027
35418047
46813898
12616142
47357249
28603933
24007660
31012890
26030262
25168906
33327826
27238710
28684370
40601904
8161888
47895473
13546499
37665128
29189912
33419935
39750052
25434371
9182359
32310355
4992238
14371915
25458985
5240144
30863385
18619191
50123503
25175343
5382066
14272999
32606642
43361363
34667580
18510278
37425368
37353215
19925095
20286346
5784818
41112658
41856892
18812902
28922660
48704386
17406935
40352770
44337864
44646054
22535457
45488463
15681579
13729667
50524084
5052868
26121346
41590139
15087476
44640726
50150832
33087061
43381730
38939505
24417205
7716643
35317925
34842463
28580650
18285136
41123673
18537849
19220633
28717897
18934481
25609084
31675949
40528488
5126277
4781104
23535708
8404240
13018379
15297265
28347918
24935140
30552669
15100755
25641480
5280423
8380078
32550973
8707639
30965543
5050499
16469572
38587691
29114841
35124157
30166652
47064550
20647168
16281388
41767039
32493548
19850460
46901994
16579855
36590785
12833974
7776597
20192784
30623700
16007981
44358797
18144424
32324072
14556788
33595490
46409795
32220597
15690140
18425817
35783631
13288581
5363028
20845142
41134316
35712395
44395849
32836692
19117938
42299247
24683112
50423252
47526775
16779101
24576986
40833377
8934362
21224335
34529887
8240880
46941993
39266322
26750971
7282578
19218139
23011543
27481062
5862355
24159437
31786891
35537387
20602422
32187717
43449133
44347628
29326069
18771606
6439922
36296085
30140225
47094414
21694688
19727809
37049548
44010309
26996135
14190686
29460683
25687652
22312287
19006427
6286040
32444398
22992122
17578950
38941799
25588792
43352394
14655221
14755783
24945328
9201344
20741218
13785443
5692989
29788866
26456720
16634097
34626573
26816775
47308158
24773603
6101387
22558249
27331305
39240084
13895709
24164696
21829098
16201978
39049807
20060262
31862587
44267568
32858959
23803328
42642790
45764106
21610170
13148639
32334712
25560443
23421335
19395450
26460999
7811104
28391819
36922656
12674167
28467110
41875459
38920241
29244635
37261559
38431130
45996952
25822602
25738584
39055622
14490724
36747597
23222561
14241313
5105002
43337902
35122097
18639709
36602896
43060609
23018985
45388871
29506076
6724732
41826962
45287678
47309443
19035091
8195758
44679569
34311993
20939458
50770090
38790352
12474293
17703294
22548120
31857316
13072408
5519960
8706954
25770738
31429538
39909321
49884798
18891438
18979997
41085622
35131333
18884134
27179532
23606680
12461962
15990244
42420173
26837808
7309065
41588983
7610799
16429683
14639365
41873235
4650053
41142126
17681721
28430215
13123361
35214343
20267657
37632823
19797197
13957947
6306297
13137649
28984948
13752560
12432073
14499087
5597833
22117172
22256072
6864213
15193985
6438043
14344279
15902043
22988301
27639527
41140436
40318589
21830496
41813946
5596398
30566316
22136776
4842770
35681517
19315123
26500511
19259162
12573281
45376742
18792120
8841917
28303119
38274147
20645688
21865876
39525654
13148934
4651868
34003881
28741123
43797652
31081729
47810731
18782117
33475227
29144117
6963996
34637220
15983492
42999134
12649945
37478241
43577508
19000804
18976871
16919046
7240556
31204179
6768158
14220431
32302407
36982623
46142662
31337722
38760161
30726729
45070298
25737113
31507166
33422288
31080362
38326361
4883526
26180637
31304128
42503070
8242530
31269433
8215380
22005228
38574437
5137037
28134792
36799625
35626159
21572298
34447279
5954533
8132565
14175468
46695906
34555146
19856922
47100716
27780713
33077652
37942763
35986832
35753491
5444800
7434669
18276714
14049182
39968609
32803340
15071243
24684595
44654515
21262411
36593276
27361848
16465925
38209745
31726660
50696203
45422596
8189820
15910397
23996869
30474346
18209502
21964164
14212153
26186091
43175930
21646260
13658064
17606986
29068191
44342966
40595665
7344267
13764648
16588447
28636543
45628506
28753429
30595404
36949994
8414790
15814060
39694179
7664285
6324606
28994822
13498276
47068420
19555694
8851967
39369822
19488027
8228132
41650489
36437937
18831374
21433323
20164415
16197064
42808019
33033465
4771802
44389971
39888681
32067206
20185919
18070952
42883835
22388961
29596224
47154723
27774659
29901018
30672153
35010715
12609871
42717930
19218657
21941199
14740355
34902593
41953307
45026501
20291574
7604105
36748417
14985713
13988443
20742911
22490745
8772472
37813069
36758913
46958386
15282880
45505371
35646032
21674886
33386483
25785007
47866514
39985502
33759666
15360998
33207067
8236784
23419457
50643135
7938643
20758785
44148882
23525938
14450430
7918509
24665039
40280152
16169509
27634403
29339480
18850777
15667882
20731061
5199856
39865295
30765091
30955729
44092346
15215744
23083454
14983043
5111816
22588707
37385391
20784367
17608073
20525038
37162168
39861283
19206273
8389968
24729705
15207205
8121044
18607526
19958509
29775637
20440957
27097762
44356566
38306028
31856813
30285200
14423041
38206031
29086770
43839215
34470640
17431035
31535570
27685743
15312442
41016507
51286489
14347250
15548077
17730476
6465874
15291550
6553996
4588097
11257252
35041587
45637868
16274228
30618413
41420575
44609232
13565208
47617219
39254142
40059125
32834200
39240872
44132065
19269561
31187846
33716306
43230729
12828027
46553055
35172051
20013188
46735986
24690501
32705662
30787035
21557118
5833751
24897824
43163386
39338302
7687033
24663345
37269711
17518955
28170195
19597524
27601262
40762414
24745746
38519553
44801186
29448773
33491120
44194444
34153584
28214316
40995458
30839009
19865137
15759635
23092700
9052728
36343199
19097866
27084633
43043340
31601163
20168587
23917644
15156798
45745816
38222936
25689147
13982876
27198435
18357654
23051755
13111731
32280416
8052228
12867444
4810795
17695453
42879930
21187553
20154038
6371787
38623458
27830617
19595017
29159253
43867574
30469938
7405170
20682036
44170351
37348795
32686759
25606853
47657893
19301470
44760430
48262961
30482319
21117194
5149682
4772769
8139928
7530739
29243225
13796049
15987850
23436604
46965788
39337272
6459959
6112134
50136685
23932375
25271001
6442196
39490528
38519811
15720940
7051178
32792307
18516879
7550861
34094563
7599832
36877732
7926561
23566292
41792398
24668026
14911534
22189960
24686791
18667619
18281495
45629241
16983578
28297480
6528769
27795343
31294550
45621327
37305626
44504636
19292997
14194223
24689128
47622481
45448546
15715266
31275392
45564160
23986919
29593340
8943001
41267174
34459016
17940507
20666112
20605099
27293188
37006634
20777723
22501443
37531434
32424917
8696154
47820213
43664907
20328010
31909875
47549074
12478229
21206843
19231601
32690510
27958643
47352873
13705963
13783457
13764582
42611060
5658601
32160957
25360685
5194726
18482777
4921690
21569960
13539560
6682952
45350798
21197022
34997206
42472242
31212994
30706572
39805096
13062100
38576950
44145894
27794209
44090753
29079331
41396272
36606006
6578604
18531836
6798506
50517735
43790960
21779580
14346119
20611831
47508491
13112127
20429814
30474679
43615323
31724090
43826667
50611618
40767051
20527696
13659207
26435313
14645391
29425808
38424397
38797047
51537741
28072881
36614777
46401391
14798122
25658074
39755565
39792024
7469632
37428660
25793715
29109142
26973968
7435263
29312663
18294479
31747131
18205852
31715687
43839988
28314287
25849548
47335082
31419576
18167462
15141194
7677442
13083501
29169460
5871331
6562170
28902032
6945737
40581606
36806210
28812550
13739644
46874512
19448735
24811663
30385049
24771152
33631832
29807257
30892313
33388569
28758531
13184321
43571162
23191346
20748013
5473558
30652760
40464868
19134956
21870325
6330541
5063279
22423107
30950479
26663117
45612119
8973371
17624730
5631668
30048396
20336210
50891965
35691105
40462480
26698230
13508018
18927837
5597123
26157242
31644743
26113709
34395094
36789208
19349489
15047131
20690902
22308568
39911257
18731242
5763282
29732471
24390806
39074949
30173727
4951938
15033993
25172729
4676998
4740581
26570141
23761102
27394734
21011841
42933849
18834095
46398749
30011982
24517000
42178889
39238664
43667634
36151182
6573442
42833638
14138900
20984851
27774015
18158260
4790268
39028965
15652610
30243401
33921430
47837501
36471106
45792500
32014763
14495421
26120158
14285619
23593441
23378698
30794590
7559491
30575282
29244968
38308617
16596854
34439912
30051993
36597106
25891918
6102351
15887335
16078362
41764894
41408031
25615593
21724282
17715035
41020072
9125691
30271943
8721777
36520928
33940220
47329059
23352981
46189965
47291231
31753423
21812271
40248940
35405669
20763001
49771933
14280331
37447962
26003511
8324764
27050883
30414228
27629119
15600463
28779984
41108932
12651610
19809858
43362629
38242383
14081569
23950468
50419535
5791290
20698643
19199927
6450367
26778683
7802126
5437747
32071843
32212570
37673264
16703080
34859799
37966953
17861986
32164218
17340510
23908766
20337570
50705310
42302191
20723813
20472794
43072798
8784539
23331423
19801021
25329206
18492397
30179294
30737247
44080675
21763715
30431721
14037361
5652403
15137436
41813312
15767693
6547439
32415090
47834165
32934587
7871175
21926424
36591994
25285742
40442823
34510915
8514708
28278479
32405059
37801652
18637730
43952124
37315296
35347833
27145329
14979901
29110248
22889800
7512590
35554292
41592382
38522783
7245058
13822752
34351090
19097631
20561192
49872263
43085148
16634600
4614377
36653953
38635324
28804778
32937131
21806268
18390656
14602709
47530181
24673116
14688506
36810319
8091617
22329563
30607031
12880193
7631393
42279530
36900992
17576880
15584384
18713106
31192181
13255808
15674715
25458102
47677487
12657341
47375916
24576562
19543991
24505515
15007887
24734609
14219300
7082117
13762927
20547476
8245065
18161914
4857429
41879034
18345879
14814182
28666523
7412895
29389431
17162557
35307702
13851617
27478790
33071108
5818904
5298195
47897920
35656007
26166858
46248351
23017474
25218267
46447519
21885998
44106700
32890529
50356578
7949130
21785791
46317303
33332589
13445224
21974180
13607936
37657261
15098207
22701025
45372677
21425670
19658845
22345095
5354442
43835542
8040312
18369664
32303752
43345231
18244402
44330786
19981518
45878369
17616574
30436022
45421051
30732161
40093877
4885185
20006066
44177238
43422172
18586739
37220793
41260891
35047173
30542361
39885156
46752621
46950413
7076556
14164736
5649176
42737892
30560033
18135694
41277246
5679427
18194888
33085487
29767506
41886071
36810718
24139516
47844233
35101375
12544432
14742642
13502618
35481705
32499567
21279501
31272807
12615454
16150521
12784566
26096951
39135990
41469336
19333282
24139994
35159331
19251572
7236083
50721882
31869351
19160261
12862333
20308360
31662257
40199950
28606635
42242108
20051487
7656887
13869292
15746220
24042277
25612185
24136877
47064603
33852811
32967438
24265261
34996307
5531323
37441698
20294804
6491846
41269320
23791999
7110328
16130227
7738326
31298103
14743276
14810387
27586776
6833469
36380402
37819371
27479547
40761431
30826729
7360336
5448086
7537374
26409207
47024705
40949820
21690839
16877078
25390715
35324311
18012983
39139100
32270291
19280773
46959819
51640317
31643358
26562846
7834531
24696803
24033789
44732200
39264978
39072392
25567785
51126356
26298742
20536386
51517192
32739418
14228501
35580772
43766490
18824108
25850110
40242032
25533692
14489109
44690429
8698362
23969757
37427542
21847438
43260502
22632054
23615011
15337226
23875644
38303405
46537422
38154384
18938305
42879892
13828837
18118512
24618515
13941256
29531205
9017256
25847660
28513926
27974892
20453080
12594565
15769239
15075167
23970882
17008013
6238197
33856977
4925181
20214448
30968603
14233270
19228937
7020215
19974025
42534015
38238757
24357728
20855707
44634751
33993731
37836275
37825509
47658851
25579129
20866881
13105153
30898354
21024772
36868294
46346372
29658657
47904436
18923018
46879799
34408789
21794876
40960951
5599172
38481722
35127861
14796087
46885711
14281626
6336855
6598186
34819640
15979223
6056339
14231527
40629601
18263981
8922330
15655117
14794406
29734504
35709998
49838796
21848739
20761245
47800914
24728970
15911701
22383762
38445515
26300373
37369582
7197985
39499394
25058972
15760113
36609015
31809520
37205557
12139308
21896482
28482604
33637729
19868222
5873455
13415608
45110046
38888288
23560744
34323548
35506065
14564174
18107382
19563538
18430828
30551849
8113941
27469255
45586025
24962582
27800816
33154677
26292742
26124010
40519236
5440817
19708322
8406226
43268422
6524842
17621959
38572357
42814864
18262652
36115782
36260189
4727452
38744164
18699666
44530466
15432281
28412183
39996202
14848005
7510328
36294215
18647767
33187513
19692180
5241847
35021173
30716641
26040048
5830101
50531106
45856098
15237681
5542796
43927179
14768745
15733299
30905976
32974441
44110422
7720428
25356374
24994868
8159673
25628031
15847791
6321427
16892685
31827037
6701246
7381916
46872074
13536267
34373521
13501226
32077984
14047373
6598013
40563040
6779829
34107576
20740677
21010619
22337549
35154964
13355619
20815457
19095432
46146256
21731253
20804615
15056606
29529546
32388716
27715792
44779943
18702296
46151320
44077241
33306269
24355812
17874439
6853072
7666930
31058324
23026469
8116291
4792982
50937078
6676440
37042316
21307122
24426413
33657649
33830965
26478774
20880905
8755671
50238165
46572639
43586571
28693496
43750063
21221372
45428964
21968886
46940856
24509721
16336862
19852763
7429300
16116350
25910821
45503200
25458426
41776411
20529675
32918514
6048928
23829102
44486125
21621209
29257371
7156808
28592824
50153408
33030713
26432791
7604934
7534811
20165527
7207529
18615921
17312615
19676007
5972804
15149607
25442338
38765838
42959560
8527133
19281539
18228226
46447048
21169869
36932684
39922884
8254242
22722586
7308211
7151429
14930936
15052912
12547922
18797740
38284782
28360164
5693391
15612631
14036644
16778438
19524495
25598343
37273522
28857343
6820915
12702793
20164870
22292128
24068180
45738807
20157334
19778354
12430920
20336376
31011282
41582103
19316220
26221823
35189880
45601350
30916861
18795538
24165887
6548291
20737602
21101885
46501155
36626586
32643744
7044100
36808086
16702188
6509363
25723529
14128241
21177949
5117160
46346740
23723280
29528585
27715795
30201144
35069421
22459248
37036988
47615167
5463757
8357330
6003608
23792433
39208231
32931684
21928768
45725430
13570014
19997464
4910315
24170866
28369215
21036772
16545624
43076047
28966011
14775525
26086286
29685021
8801328
4844806
49855148
34805883
29607326
33836924
38302579
35152187
7783628
12612604
47841921
27211548
35135389
22829205
14791302
37334045
13024213
20243479
22642478
34015973
16797991
27827278
24548935
22082194
26556557
8043460
7918638
44601192
51235576
24106661
41894497
29226725
41429387
42754140
25388035
21892106
23001594
12477456
4993570
26085676
27722521
35371253
21280299
28619760
27712732
22184516
5472094
43192713
25785701
13571155
43074721
30010970
22662421
28509226
22881713
15625433
26948075
50667005
31652446
33260650
22874142
15714154
12816868
24449280
22307820
5945419
36857261
6410230
39880965
6473282
29207709
47117853
18303367
32905835
44465692
35459067
5446091
43390551
24720909
22356703
5647819
13756483
16016416
19030602
42726070
26124211
24111616
23565158
7955046
23396639
40145758
29061207
13257809
34765827
28348179
41010930
15275277
36463943
7565636
40334903
15020346
9000828
24218072
37212921
6789958
7225681
13932010
22853829
38849596
23688588
43362356
34634446
38777965
6810959
24387337
6079141
19370000
14589238
30970363
42436396
17661156
30248183
13596463
14318521
29293607
43762284
32148683
22368283
18370280
15884325
21201134
30182294
34052504
14399963
21009214
37479073
26403574
32483354
15911955
30588313
33908452
18329090
21462841
20131375
37932628
43009998
17591212
14549440
20501800
32023245
24391060
43111104
19072281
40718369
5632281
34169509
28157208
47063742
52170046
52172638
52239381
34193860
21455072
28937300
42694456
31950429
26932631
50157834
26169538
25003322
43695798
4666926
26507426
35212113
27779975
18353896
23337166
17016734
31775704
5087208
8279183
34210014
5807453
4727691
6060747
29634875
21934467
50186143
45501975
14950584
15853044
41898597
29053689
7134622
38578976
46934353
34739381
14922872
20240253
16116718
27921196
33525209
47487474
49383972
38195460
26385095
20036404
39915721
18496738
42769481
38435437
17487420
5684083
7544339
9192965
16687548
35257047
18643664
21778908
47112434
21928360
38572322
38987163
6955887
33712351
7259349
34675582
15210218
33730500
30901697
22131394
26808971
19996453
14166618
27520215
18324007
19361267
38168986
33377115
24101701
12860322
32647524
5515806
15417585
34536365
28449866
44568542
30153580
35150685
14132874
28627130
45785325
18470478
5754966
43870241
28696406
38505243
45238317
26378092
32188807
47597398
37631117
27881536
29758751
23323349
18315635
47538415
16335187
5085016
18568426
29504250
5172974
51110063
8218481
8855838
40810490
18914067
16538285
50219893
16014164
15585739
35418534
34630814
31613305
15344935
37798633
37174490
45655998
45435483
30640505
31968201
26101422
51015046
24058036
12474387
19110656
22319067
18007734
8249074
33536217
28796497
39026053
26396863
34869293
18605063
14625187
13302881
28927375
8371954
19709138
43087633
26112188
44664860
41855645
13082150
6086461
25624393
7619571
24849305
49945912
13360599
6885396
17076858
27531695
8268765
50058528
32283536
29066535
18030061
18290735
30922645
46044047
26566381
34109693
12761792
6699219
28805133
15433962
30550294
27758558
4696724
31602963
7301519
45562759
20575631
6285541
38780566
5580639
36456969
14779618
24166389
22011257
14437508
41827722
46549404
26170914
23945912
15775576
50819959
29378791
51052211
20046269
50044730
24440327
5656041
21143838
39664613
28895513
7634939
22131467
15924732
27745797
7358055
13695756
5657693
8677832
40421941
19933260
17842153
43889408
9056896
4854539
15918634
30008156
29443706
14069285
34162802
30003324
13488744
37846706
47905139
14761300
8816376
14908358
15279958
35290043
42403064
37767544
7841223
31666627
20315340
25716837
7069468
19867999
21311225
20871694
49946157
46347327
8012326
17938330
6021619
26272604
21557633
35147050
19754022
28739279
25804962
26357207
40233838
22632381
23414386
33553100
42847257
33089671
26630010
39127530
31269093
23790953
40471512
20156611
47853605
22025070
26047946
8675316
34916671
13420745
24233497
38271307
47859068
26061030
21926814
8247412
25366625
27459391
33490639
41844037
19604794
5090400
6819263
19052640
6598597
13016205
21833920
35578916
16763129
26102100
47427586
45456092
6678657
13547791
17735703
29477864
24109363
28388862
46018557
33708361
26223576
35244898
39923493
24593373
35742316
33269989
27621117
21490029
41397070
20286849
21549898
40573121
5140615
44045596
8251829
21506063
40403101
32334313
19205500
14704657
18469026
12675496
44710149
7009059
28092683
50368742
15259814
22141485
33062384
40861877
7037572
26722555
5604019
31557488
9103367
42945806
8061200
24656311
41151011
20871710
34561018
13198439
50062770
46917530
35158611
23877693
6512178
25124044
46144311
14669292
43049151
43348049
26101626
27263013
6742784
42778629
27758018
14411716
7636714
8939803
39364004
44363820
12584735
6448498
16007714
5138988
44726702
42616793
37892918
15999785
41724804
27682007
32360370
31621451
25584334
12851953
33835052
32344178
9045313
8600696
33155469
8805531
15553057
35429574
50443694
9041638
45475363
30207430
46108126
38971163
43311047
40521756
23947492
19179127
6513642
27864455
15980096
24022784
44818716
18303882
15040280
8093342
33287988
31722435
5168733
4842086
44450267
46319725
28051097
13570200
29228990
41311769
35331867
22481299
21207725
24724550
30646241
9020112
8233834
7466993
40734850
18381300
38335072
17891350
20741428
37461483
26083889
21548299
39549380
34015976
31817182
30119987
12427442
33228580
40492709
40801848
17388523
27776601
36936721
33330961
19714680
5451944
15857464
5302049
43379578
25407808
37484521
7129507
13337876
16046585
47832886
39479731
6599244
40829915
33758771
13644863
50246135
44579651
17979208
28027975
4849314
46943140
29167132
39921322
29696038
39907166
43234540
28750375
21395765
50457438
43216834
25905386
45812920
14378933
17929587
7167470
38972753
43391748
23114628
25415587
43932916
5858165
8822493
18540931
29223750
13103337
8507146
19177886
12584245
19112761
12695093
7494319
36726520
22868280
14087548
18246853
37292617
14885631
46111585
46282095
21321200
15823416
51515860
46376026
51213749
41545701
29403408
24672481
21759059
38715607
35439111
15826410
13306431
32588804
17627020
27456614
30276633
26295666
43082503
26782397
25415766
7578482
25363110
40558890
42773618
29688115
36515120
25657348
15464737
29475872
18315980
18927708
32759591
41354225
13395354
21483425
19572900
46244371
44176722
44080398
13384707
12771833
5761187
39590670
7086395
45352963
7177385
15486794
7921936
32677959
31122846
28512208
36585830
25392336
12461274
51249996
13481789
24561922
43590137
6698060
25029598
4920811
40215862
20863749
30421008
30183925
38288533
50944046
26524604
37435628
21456508
20682555
26943538
31206145
45518512
19459539
42385009
25592132
45981055
23545469
20607533
21699422
15247040
34136117
39325076
28249734
26231619
15075688
14716777
7292264
35493643
8385947
47618168
21695489
20559627
29442163
13967793
25081428
30299978
22243838
5669060
27426172
8330859
38666312
46571185
43681161
29627473
21264202
22423035
5130025
8945244
35868357
28776921
26225204
14702257
16576270
8367760
14892706
18124824
32869719
18397081
34012210
47616606
19533910
40501414
31748796
25413385
46018996
42898289
15102053
36834887
31761271
22727854
37362156
6365962
15219570
23413946
25246412
32444225
7374124
31247363
27667807
23938473
19113128
7227283
29098489
34380583
20885407
21380456
26118374
35024619
39414307
18245197
27020159
13640986
16383521
34348627
36625239
44620805
14816699
34712879
17945420
34081931
31124269
38654978
37405830
14992144
31365958
23242516
31457627
31896045
17431396
47683572
8588790
23713243
32269229
4793083
23947332
23961988
18127824
27079390
12610006
31134649
17737770
50358883
18217360
21669219
27291140
19405444
15095543
31941278
43700746
14839079
7022725
26427535
45495623
18096911
14051224
34842372
7434107
31406010
38958239
18245116
16021540
30049844
35846432
24160521
38672470
37507542
15240430
17935907
43800815
14217088
4857640
41204078
21154334
44591501
35293442
32306897
24307126
47588856
6132617
16914632
30791348
25426532
13157152
39087980
23983687
7398811
35507469
15010733
50534357
21047290
22237442
18596499
18983795
31557749
22423619
42320594
40223990
36547861
35764034
46188268
39359461
18040959
23006089
7193297
30618382
30965301
14239557
46004093
12609001
44855332
6361178
35318025
13476703
43617346
22242654
5617387
33599279
6929834
39997192
36117664
38960554
44288727
36736225
18939373
27292610
8766327
20269743
18767107
21868955
13949600
28492626
6231656
31228875
22244112
31534998
25197579
45534880
39253665
7458806
25697576
27067072
44801962
34644229
23744891
38171955
41888223
35717523
33661510
29725321
49944112
15193872
23091742
43320651
21866659
24969179
34114607
43544433
16695977
7618346
5731857
7466110
18300100
15920177
25225731
32317650
37272023
31137797
19994760
35592899
8063264
17112728
13869929
29481062
18632477
19942436
39167899
39579187
6647056
27137016
45440896
24554313
19983544
20770548
30191204
15575230
40861381
20977220
15505728
40012991
19540912
14224546
19853108
20480362
39769778
14325055
43065551
34884573
5288867
4861881
21786818
9098388
43768466
39704744
22633148
36775906
22639412
44494061
18987769
39058741
12685819
19396789
40878100
18290634
42994108
8804429
35648807
23057313
20817785
13316770
51050716
25312860
13093290
42501572
30438723
23074830
5376983
40794943
34117183
28731708
43380385
19228968
6106262
31094160
6015153
21106908
19878643
40406277
25937132
39836477
51268651
20513396
20926729
5979097
40506767
15709137
7145482
20696588
6187155
24345649
47353416
50665226
9221550
8250044
28467164
20272624
21366360
19287012
35142108
31320989
37745958
8615999
5419108
28865219
15366245
28124560
41414279
32379125
16708666
20758302
21634979
30562298
21497138
33340038
35687630
19791555
20538227
22585245
29643065
39852923
25173728
42328904
5481770
5467508
18399820
9035267
8816891
46867911
29485234
8317400
35356582
45432917
30239779
47385774
50661190
19462363
44709581
20973724
21877899
43095971
24455991
20786435
43662529
24717698
32371136
40361990
29037092
46735038
42613614
15089169
25385999
8225160
32930503
18832204
28169809
31661802
32209947
7141493
5103673
15831700
5768937
34773377
5036057
27491463
32353257
25226787
36717061
24555155
32248975
48920455
23785440
21588109
14205621
21872009
50974463
34160747
31570787
30484148
27042596
5631477
44914626
19487424
47546530
46041286
24084309
21595492
36982607
21410257
17329907
7204403
38586183
50892326
37743620
17122562
31239971
43090281
42490165
20324822
14761894
21985012
6141530
6510139
16833196
32061604
45483678
15704098
7835700
46175523
12405416
36208161
45930545
50127882
29146913
17981834
22257777
18262061
8549746
50220562
15501456
22035934
33392081
20360689
14540339
5706504
12759021
8408268
35784310
16003432
23431847
45973355
49848208
12786843
43901073
21341862
50703215
19545179
43569695
35141706
37015472
38930235
32021313
14087287
38997974
21274327
50494380
36049061
18641738
21286853
8308934
15034241
29252420
42699345
20852273
18320900
45253808
42408530
33628052
4983775
50643063
22190180
17602229
21870435
33685132
34286084
20476912
6315084
46861625
44974813
31981060
40543018
24849331
27027956
42990253
15981224
12977127
12544997
32978079
42322284
35088525
27532122
29515032
36048540
24072204
18960695
22756986
50486740
24589826
8548936
7506423
41408216
15038555
21458732
8005616
12621256
21033797
6874014
15464822
15252032
41113648
37949464
6862139
40383491
50219645
21187833
20545079
40543744
33916146
13549789
40672072
5433591
44073952
38623659
41050451
18368630
17990235
37123998
24237939
17411620
8349809
18554324
13786859
40005074
29761861
29187983
13532400
21307242
17091077
15816108
13453716
14367925
38193487
26374819
19712968
35661527
28435386
50650508
26210847
15585673
12442811
24583788
18009817
38870384
32006815
33736196
27083487
30130967
41497217
36936087
13120411
32042538
24662462
31233138
34432316
34391400
20489507
46822826
19671738
31320396
14017443
18358540
20649081
4576863
8004903
25817962
32671460
30718900
28288438
32641495
46351754
7030010
24453144
12729673
49952566
37071106
29100678
7952347
6619627
22127128
15341810
12632789
20967048
38849580
51140157
13539032
40789464
44361593
27506031
50473844
26009901
14446830
28133413
6556717
19051782
25186467
19879661
23667671
46851650
27320803
16735288
32075763
14198113
28896208
33599602
37004287
34077913
18796575
41594575
39117992
16442275
5930984
15723610
30851507
51110500
30013050
24853949
18886220
25798638
36647214
50895474
51011537
14953185
31283451
4781830
7658464
18413433
41126126
43084790
18367722
19384401
31049575
16942234
24631851
5420522
41178251
22598552
13954768
25518725
32666973
17470034
25893401
35924079
24830192
14213170
38281555
51064620
21277352
25527236
17559152
25147116
8007482
14251777
46693509
50157614
14266439
21079426
50922155
13109472
44206071
45486851
20672426
24120066
50601615
36316247
37988715
34007563
19455640
21549974
20377607
31183215
28357195
24443563
8957176
12880991
19156451
35879126
19493292
25155265
39590324
50663668
43042061
24449180
21005869
34517334
36939442
31296231
38504857
19698259
25146164
19464701
34814491
18470497
25396775
29208375
7327453
13926023
21471006
23908958
23942416
22174751
25000526
7488846
29616641
12687016
19281147
32000560
15100416
5810482
45522622
20799614
21342255
4631417
18878479
25087190
42815910
45615534
19546935
47316540
22688157
45456485
14610020
14451423
16263317
43975981
44672705
12793271
21808011
41251249
13586869
23592929
36724365
36724689
18204250
49921787
14280068
27007174
17753670
50864149
19803823
7176788
20973604
38449995
6709363
5346054
19032248
30745764
44648590
50530886
25911026
29370962
20527435
43112244
50647121
24377922
19429455
15052796
27196697
38316556
47405450
19996352
46914269
39565361
12455028
21776589
13147712
18858034
30011228
19168979
23517028
21673209
42215426
38538377
30836942
31373426
24293080
34927940
41719922
40438563
18995011
21203167
19864057
33240367
4643160
22893529
25337987
26574875
39017671
46830407
42929997
22954950
7099681
50823955
37481103
19936122
23593988
39604100
29809089
22942368
23088826
29990688
5891337
50454727
26305195
23427571
31972018
29700785
16503624
22920977
33823412
44108669
5138401
35152089
36078561
27663054
20169856
18280468
15402263
26045640
28955879
33124691
6596310
25913771
17782862
22937998
37707442
29707273
6000564
18678068
4892480
27552841
14825662
16701434
19681433
46805475
43006976
15259509
43391422
7035473
47144239
5402081
15682239
15001848
38923383
30765279
39252531
6274664
27864842
22414436
14787526
39195611
38779812
33561341
24566770
4735570
34122530
38599114
5444093
41178220
41394735
42816507
37477886
50371334
13029246
35903131
15226997
28023473
36046589
18681213
21064092
21513475
9038248
31608549
19765496
19655141
38580088
12438604
23616881
12793840
38347969
46885906
4910180
6178818
5471852
7285019
15944427
17743447
23419275
9313929
30675665
43479474
40665578
33934684
45559623
13725331
50146386
5487805
51640355
51502580
29510461
17986000
13693070
27992770
13733053
42847848
23618860
22317078
45541459
34682082
38142197
15425235
36908196
17309295
37193930
27673233
8053057
36219876
19276689
45824167
19085096
28545380
33625891
47058188
27356567
6522102
34661973
6963261
47797584
32128504
46918133
28650567
6619014
21270193
44596757
36434798
17703489
40044498
5428426
22818090
23766631
51506762
18280653
8982610
36311771
14566612
20410816
25173653
33299998
51105125
30292781
28383406
22331407
20172369
13186765
18824350
7421050
27925427
50557724
40780400
34964577
5254124
46110819
38571295
17422995
12785521
47524253
14081280
20477280
23281883
39890145
35115603
14525074
38850410
23695521
13540354
40802586
12696695
32556446
26705713
18354911
37874904
29170340
45747054
32221480
19984147
15753807
22867903
6458246
6420676
14946475
26121996
26904589
27293279
34116083
34991108
4914176
40619199
19319352
19632034
23999429
14308848
14103849
20945676
20645522
19944419
16065479
12764142
50537357
25749237
25223727
29940354
47872027
8540170
7715581
36549680
18639816
6047885
21403110
20894204
19940935
15905160
33294173
45757336
48088489
37348502
34380753
16793979
7955341
5977573
19836797
17711522
26994052
26657672
15783957
20812262
29510354
33712747
5939774
36110237
38324573
14475650
17805110
15290338
45576632
5930126
47142782
7997809
28286827
26584373
15240082
17352674
27489101
7849429
39200591
51617314
42168940
20051509
46568989
5348884
26495679
20911495
32412976
39002403
40568676
17752627
16443594
51081214
28645867
14595389
34710752
6261152
36808811
6544160
36075416
16755316
31528300
27083879
44091579
44745476
52089442
39406164
20263306
6866641
46209179
28701247
48615846
32934913
32140474
29821953
36121767
31281195
45206282
14710076
21374594
7887957
31738821
8652919
19698699
41627232
12426867
22397541
34666434
17912078
46322367
29215120
29861123
5647653
14925077
20929578
37741990
12637011
50067306
5203702
15105251
50486731
8870292
7201839
21628074
4976298
47579463
22307669
42493564
31186372
31493604
14475151
18520712
13475590
37167613
29433078
26012653
31653338
31560404
34342174
31847690
46933297
24534047
13461331
50643534
9196543
16468991
41287387
38508017
16105364
41444951
47438270
16112826
16875497
36712408
20878213
32975808
46497850
21933948
25989170
27322421
16302270
29708118
41104198
17950817
29298470
44166047
33144423
28163959
49924857
12745475
12615058
24640943
43647179
38018563
6186816
47603323
23239440
24844034
19856196
25272692
45431339
22948991
30426440
18114177
24917616
40640071
13544715
45423954
42784183
34601425
24967564
14615536
12743226
6287944
7514635
21445622
22007616
41603994
28485727
28668869
28148185
15044530
9132037
23810459
18671467
40328592
25687193
23805207
50233782
36339552
20917621
48495190
36281910
13084453
7124952
29232349
30343970
15557860
4802112
39289592
7920479
7289876
19299588
26120033
43412920
23388631
21379200
26687615
19187600
26573515
36302943
17989321
29096550
15656387
43848021
22876938
14963923
26837330
36728917
21208319
32607220
6352724
47851308
5893448
26196172
8149956
22563907
22603032
19343884
44716033
20819622
29614451
13543961
29137294
24672685
20314577
22937819
29841805
8500112
15584884
29871421
28631302
21227442
22645855
8740972
18467792
34561077
19651167
26247697
39623207
36416203
20138456
23013481
18375944
8654016
6018194
13726943
12678458
33518609
51361246
47088765
34158790
42816256
35095761
16883219
34940955
50231297
42878321
23889046
40240307
45823445
19186732
22275468
44728568
39304467
45632961
19126530
19357535
7596219
30661710
29135949
25407215
30914665
20960227
24976942
46215054
16578705
15565409
30744397
8711519
44726677
25309612
29930549
41071409
44078359
36617887
22631140
38571289
23171158
23899533
5649220
19220926
30223945
7786656
38059570
20748029
17674040
15777750
23638944
20602438
33320544
32483457
20428039
20244651
46288256
18680440
17660958
14638021
33301069
35176908
30976470
35334091
19128962
7563688
25036434
43090617
43606916
46749593
34887134
7039793
35441684
49828925
12607110
21200723
29035704
5672745
50185458
16393926
18380612
22150115
43855209
14187906
45461430
20884487
14393755
24905342
7860952
21181531
24355764
13877051
31071424
22076508
15276464
14547920
35892503
22427615
20383689
35469290
30038462
39212902
38693368
38791276
25919822
4613704
21945431
16863503
18953570
19946489
6670646
18849561
19709710
36599914
4718219
19443404
7911569
12765421
21995825
20689023
36758031
7002273
29924498
24472094
47807854
33638417
17294818
45460500
20691848
18100294
15067762
14242120
29986878
7546692
41646019
37887794
9143614
20357598
24773156
13336698
17173151
25768388
20702215
14234442
21060595
49215416
24389920
27393584
34277369
15369267
14189021
37086211
44002886
7068388
7941974
5082926
29660284
7983301
23426510
32739861
23188317
16380558
35055058
17617086
16444886
35040890
5532341
20678226
41209221
45654286
13137433
23288047
34472607
23271843
4644988
14707667
27603018
36204909
21741570
34853264
29988954
5450455
18653127
19165979
12503208
33680112
42718788
27200137
36575589
13574695
25986571
44409716
51219325
27426590
22033845
30582326
20403371
22571604
20062612
23028153
17514896
5365519
49305159
23094324
34283499
43370200
26688086
33263662
12762113
46384144
41796099
6328555
31977180
44554141
32265911
18842046
5813912
18184894
22187145
18053098
30025921
45409977
18951892
24583630
22711879
6956704
4829180
13278264
5832338
20218234
22659920
32087692
37682878
12848346
24672792
37514130
4912250
20765386
38878094
45978611
8452105
32702627
25038109
5203406
6141263
50510626
18756359
19725057
18610024
43134798
6063361
18693672
34082663
23816271
32966609
33239566
22368415
38172347
13912683
16737908
20579209
17903034
30683475
6854913
33587158
15444141
20706459
27594806
8847946
17597929
15730327
42207274
44926476
16063861
36381448
7870729
7456016
4660467
44926325
29836961
25638873
24655073
50799947
28005689
44173842
47268028
29478203
32625881
33692826
38238063
28931610
26545194
31891097
43192063
8367078
44685689
5554756
38971521
25116514
16470653
37220263
21128812
7089308
28971210
35887897
6549337
18934745
5212127
46225851
50166583
24641360
44489135
32743795
28620806
30574751
21982841
22561717
9118318
5406906
6581362
45575887
21164161
34938499
18903732
25173703
20057516
50701116
38835644
18318648
5509008
6962161
17771879
15235558
38192940
30739104
51318005
44569525
50480001
50646942
45515804
18319744
44047239
5129450
44942347
31012818
47509776
27463978
17842420
26696860
8568969
18832835
26583663
32796398
8252668
19200304
13858679
20622516
28938849
4671893
12395668
16698117
47883770
20263187
22206965
16771969
18853535
26180301
15808795
23490127
18117425
13363904
9089673
4618671
50174331
21355760
51251328
20728648
47602271
7180772
22400623
46224720
6929674
6741291
50628181
35983424
31248849
43665186
27664945
23934530
23895084
22977152
5175377
23029029
18255838
27787452
24627217
38035038
42937528
5410365
45627513
40393384
19519779
33954018
21898364
8731581
16095415
29260664
15111402
22527722
4666147
18387995
21785741
5314085
23869839
39291634
19434152
20615742
40893526
22360800
51087551
27355753
20618143
30596108
5894698
51503410
20764233
28773626
27069573
22248711
40911945
30243599
38102689
14623789
34875928
12988973
5671450
18965860
38060023
13904892
6957103
33317371
16163440
17360220
36866362
29610147
45420093
12638419
8506800
51730525
24365789
6548052
30268967
32901207
19229329
25064545
41562773
35441361
36431305
22009768
7766553
19822745
14401581
36723128
30613936
19659401
21608263
17565017
50212529
13946016
18665878
16810818
12517876
15638831
39490990
40544822
26245816
13366134
7187332
33757323
19258408
34055042
43295311
25843331
23285015
43325464
15664291
6784699
14658190
14928546
15953113
19327297
5027477
43792003
23062550
21553112
21667585
30315240
44673581
44041282
22752629
33778667
25917576
36798670
31788675
15909096
15963091
28289708
10133401
25454932
50540188
41039434
20426198
18219486
45840494
25609558
18140843
51058167
19319531
7212549
42457335
41663916
13445409
20863262
25542809
23041014
18221770
31897575
17091856
36098915
8851798
18622854
29147004
23729306
6432976
17257707
33854404
20844871
32336676
45416385
12765210
43948674
31285772
31841055
50496812
33448237
50423333
46564936
22308169
7552011
14517726
38872693
33511902
5910114
18394618
33455397
37172407
7510605
13118338
39362625
16423183
9115418
18306801
50080623
19740686
5453911
25287278
30866982
24349528
35128169
26736074
12808696
49903092
27349586
6547006
42276869
36272190
22630433
29329575
26486034
24699634
30305020
9001143
32841080
24982798
50405630
51574397
7061040
51034898
24759827
21722579
6879000
32750807
19047101
50595480
4652531
35256742
37656052
7504645
39949003
6022140
17681118
38487377
16381743
6404390
17611199
40970394
12690934
6172786
7497545
23963694
13684318
40268676
21019063
11116267
19377258
8815459
36429543
50568104
50976140
25363741
13744285
13774381
20134504
4682226
6636761
27756099
40224483
47491332
24353157
38221102
20993981
18643473
43941961
14517789
31276332
32137134
8295607
37714451
13661413
7014591
43411211
20032327
18850312
15089898
24645642
37751902
7193656
14928649
47071552
16848571
20100103
39377513
21913123
26619376
14804651
46254653
18865316
35495638
6459509
25640280
21453769
41240037
43366895
44308421
5570191
35368341
14229224
33640820
26045052
10671725
32415140
24687960
45969639
36507639
26036652
49855440
16072227
41073775
13565632
45066371
33526265
42223987
30126480
24037207
15734383
14250298
8419819
7433124
31642509
43302980
17484511
31942286
36757311
6952045
43373552
32486618
5570096
31938319
21462405
15011537
34279506
46118720
39204015
38801125
49945019
15659839
40009705
40755522
19658945
12674302
16087639
46096430
24231448
22979398
25199634
30280346
35766211
18507850
12772757
46183298
20002711
6213941
8161986
44471093
46002610
13921668
46208177
13047850
50968155
39185310
20343724
19907662
14787359
29110354
46952354
40756637
36255872
26235558
19264713
8877989
7752485
7593536
39379878
20170252
42726717
36966095
18737199
14358667
41206513
39435918
8816291
44264979
31422912
32003447
43933554
30566897
37433897
22632987
21974466
50370790
22567337
22125265
31963875
24009837
42161802
47652238
15895550
7657000
34764291
34342388
14340348
40481798
13356697
5704274
42863653
29306789
18145860
49918272
20147033
50559766
39145446
20919060
46237422
14708540
19224410
40626126
22003742
13821756
28971465
40203987
25045353
20229317
8498739
50504528
19555480
5861155
21457183
23932359
24065949
20676941
6045312
41550907
17988677
25698019
21305341
40463470
6108012
46223216
46489550
42556396
16025957
34009037
7908714
35117683
17998500
33833843
44498346
7534192
17563993
5675996
46408588
33401738
49907638
22791660
8223407
4587240
25925973
7851351
30157890
35441050
25693766
19517134
28661452
31640034
45737909
25553393
46008434
41253452
13307289
21227257
37198466
27803992
14897821
7806964
27014158
32444762
36968640
6093869
28337353
29195479
15888670
11645038
19673522
13164636
46056878
44089895
27479918
35811905
50822114
20610945
8650861
18935433
43329451
16241524
47408928
23589288
14522680
40133232
42432605
37641349
28052121
28791392
25289813
18791592
19583070
43718823
32214480
14387256
4791013
20133467
25046764
50202049
33168937
16524817
18776211
27037566
29426402
5708772
22051824
24999213
15087507
43791551
15312791
43541398
44749388
8405079
29740024
33795217
37696258
7746664
18525603
18511903
27813558
39990035
43750861
14440571
21158493
46300335
31431919
28117250
35251131
10154393
15806341
29502048
37325145
26058080
19472294
6698613
32234228
24850694
7161941
5450703
23726211
23753216
18507024
47318494
36935436
22886404
33738036
18159564
29553193
21828143
41901766
16799301
29363422
31748651
6346585
33714057
38662759
22802941
35148951
35024132
40537888
16260549
28304303
21773702
21786372
29789739
8758093
35364241
15043465
41394409
12473831
29325315
46369651
29252062
21211542
23614182
31514848
15029045
23888239
36597784
20619245
17405654
8262658
50477642
30148770
15246563
42026695
43294601
8808045
24228772
44348495
21457218
16887263
14992480
35044396
5946553
9191338
42966006
30463482
28963309
29623958
8526765
37124849
20581408
27558100
14453794
39089117
41640213
37356033
16698525
44621468
6563006
50521942
29911737
37683007
28681112
8460883
31465496
15581058
41757856
21862163
39089406
49679348
7513382
45641908
13146895
4795474
18161222
43370018
26263905
15581808
19226015
21168889
13401741
24416787
37839166
34782123
26946350
32488795
46763340
24525257
25980470
50048321
38546272
28393644
14633798
16116822
14882722
23862113
19751556
37694715
4977718
24165949
19904681
6105348
14665550
33803906
43319027
23812897
14284657
15844354
6990099
15988227
18162027
24021116
43950035
8471178
32827553
23802872
37715491
8099041
18637846
38982919
6376424
15589631
50482461
30253087
44705826
31137674
47584647
14626736
41496793
15943644
25579987
49827738
6940676
31780105
43902540
30113716
28028327
34494507
22007097
26886022
31782672
44120362
29045540
22899687
34399804
34649054
8497702
20151101
6875045
7227271
37209512
19960909
37772529
18293436
18416543
28609949
32193020
23202985
32383077
47802771
38526241
12520663
22409922
22801845
32275245
26547921
45414158
34129495
47641334
22322215
34093175
24065830
4686533
6311801
15009011
47797801
24877454
18738157
18335339
49908750
4863697
7791099
8179770
13380425
31065132
8315836
22025410
16112235
6474771
19801806
20038962
19837042
17690612
28897914
27823448
8868646
46240859
45520328
13094449
31225362
15836815
8250597
20918344
36690976
16503159
30942786
6416614
30149970
8965476
25969968
41696850
50682954
49968434
25456616
6731295
32690875
44185560
15267250
30622623
45461282
15908355
42569339
43987240
17232037
32426519
8747968
19475329
31049622
30789086
4829915
22555079
32945695
36235012
46041980
43091516
40573507
35265944
13852845
27034748
6899493
26680370
44096006
34819335
40772248
14042013
32038064
42516014
25975683
5650424
27295309
34685443
22285320
17237701
17879506
23482772
26480505
43131493
50069175
22004685
5945344
31819997
41366929
24299219
29363630
5755733
13714110
34195644
24987488
16027563
23504776
35367025
29119478
7516621
35894206
45896430
29821347
43021490
44303718
50796859
30968509
13902297
15665453
43820830
36168514
20727982
17797439
44839828
21306808
36073437
31420798
50154155
38819349
44561024
17928767
8329866
42998145
25371755
34973518
44176870
19330284
6542545
13583410
13751108
8714849
22528592
23301546
8989710
20095316
36087238
15700520
29055955
20336562
21523842
12877089
23829576
21783620
20882655
9131308
18632254
23070709
13571940
28978203
43978387
38321384
17661499
18746300
50633525
42591117
23954960
31867850
18104586
24919683
6336139
41155095
39286023
17640953
15175327
21039826
50235972
29961563
44760672
21843829
16917915
24801550
8617762
37904285
46685350
19032556
36649533
47788310
35471281
23957759
21249493
7496973
29574047
14360703
25969654
22547571
34048687
24371758
25165975
7385481
24931747
22227646
20577060
6712257
18257003
42873317
32424301
8190106
15870489
34336466
22984795
17842819
38160837
20531749
19238324
26662259
50778223
7831996
44660239
6419404
32697836
20810465
39320445
13892920
19271065
29517624
31269338
45433410
35730566
38665873
19045392
19874770
25941251
41273470
6331766
46353441
14156462
23962261
12401144
8322216
7362573
29541717
19660397
7687178
8855602
33400281
20793249
41121436
7645913
8658354
32902945
43174121
18206059
40693413
32111511
25488488
42080306
14560480
24391575
8496835
15199301
5339299
17975206
46705503
16892547
18589641
18433724
18711331
6246088
31405511
22230053
41513459
32841925
22327263
36803863
20582416
42963578
19747183
20253429
22148356
6407786
45493719
41633302
18209848
43366377
15807482
17509593
21202435
7513027
28422028
8437302
14549211
6138640
43551099
19409588
45481457
35613087
43003570
17487162
31808002
22562685
24762431
18384348
7360955
29895774
29275555
33716828
24726802
14600742
19307615
22978459
41189266
40997261
47291297
42173473
38461072
31056879
5038171
37694153
14749019
36592591
35950506
24226375
28501954
14667294
40932252
9070993
14983944
5368994
23815219
12851460
33795352
22043838
26419527
23618527
15307221
42291635
39258594
50964636
16890018
34360210
35547025
31516535
51848052
22343031
33029409
37109433
39138202
13334203
13610695
5505923
7123249
44631716
5323001
13696985
21605008
42973810
15647986
34651451
31988791
36217133
6209753
22011998
20660821
25733193
12430483
13683049
43708364
42300343
7486279
51454768
20838431
8303125
22333201
20685938
20784726
21431922
13303525
30580686
19833260
30637388
29774446
21861679
51008361
45868894
22390098
24005166
4982380
13816384
40523220
46194872
8308453
30077051
29485850
31741074
16052146
28154182
21044846
46217498
7660132
22787463
8205113
27003483
34236755
15217732
25311384
21496855
14243949
21391754
47170478
50365314
19435393
34858806
8285588
40545456
47407206
7225590
35382374
28500336
43852168
14873304
29456391
20705325
13385826
18304909
5733720
50391886
43354920
38181791
15951517
21561899
14808732
44914767
7526539
21256800
14851379
14627129
20899658
46229401
50494764
23752462
36718582
6676886
44498277
27271008
7036777
9181822
47640649
31584368
4734401
38284697
18400169
18710674
33174642
13134203
38169089
22015536
5312002
12496438
46699638
8388378
30029292
5336104
41078317
40372665
42418075
25846592
30148626
25911789
41904773
30565741
27312543
24011546
36872894
23122906
27797191
43758071
47677927
44714645
44320620
9141534
24811773
19623345
8056453
28163972
7773405
19415698
19722808
26577263
33433321
45467135
26899006
12519035
32441746
24605377
18559539
5454341
23648799
22521483
44679475
28063346
24963628
44763525
35823206
40822510
21319751
44805977
31345943
50050891
25282537
27920696
42411414
49926550
22035453
7727170
36810662
20463064
17434318
6182810
21216314
20555399
20670145
34403184
24794827
26212119
38321639
50048635
21692093
18037758
30985866
7556786
22864306
17450107
42794557
12523942
5753528
18169164
29439653
25663688
20689752
41058714
17722574
14344860
14124565
22813258
7130550
32863357
16337679
8143997
43287564
7066676
19288420
19529618
6005405
51040292
19271075
19659332
19726483
24390014
21351808
4602297
18459623
29810568
31160671
30919594
4902008
21310452
28436536
8448725
15985726
42641125
7178642
29127492
38482372
30718727
32561366
8097024
5015329
31368421
37923228
18375671
15857445
42413183
26462699
47418758
51234401
12428196
29136483
17316706
6671601
21305721
24045802
20601291
34776650
8380081
20067607
26491385
20665298
8847924
16159224
51883998
33589075
9023310
9173984
30010691
24466725
34005402
28775929
45509870
7271840
36578922
23369889
23476552
47554651
23590702
49964431
15900796
18554861
24857015
20420027
30160664
31606667
50592213
45473013
19130724
18053786
9116744
15004051
17310005
18993540
34295515
36161508
9059394
8278894
10828802
23569512
26351216
17988146
18538122
35899455
39989756
50136402
19950799
42763889
5715015
46923363
32288012
4728074
21170730
35241009
39261622
14423814
21946499
29347378
22175776
20910964
33357345
27499641
43127603
38334956
26964446
7544970
15293011
22245748
51548557
16706722
14272587
32324584
49975619
21167573
50147800
20162398
36658002
22640948
22247859
21515403
47290594
28837639
14677777
12491069
50096425
15893263
26322650
43091488
25625829
21948934
16850107
36955838
34664143
40732067
36860911
31878789
26491755
38840492
4962299
18381197
49737445
37543803
6748916
19808919
4598628
22996781
19271263
24052086
25017340
20046492
16360188
18614608
8289936
15642837
45947343
51403799
30152801
33122683
36467747
5324502
14143572
43790768
15444637
20230225
22910073
24932228
28080801
34284812
41090877
18587612
22914867
15440534
7472020
6848351
38885087
20400814
5822206
45940416
43201937
36032345
36882378
29306921
41911823
47435798
15879138
25016328
33142928
46465253
27757550
44764404
30406481
27291149
40344878
44194275
32291286
39404873
8642307
19668015
42702624
16626042
31441447
29014363
22234153
8962935
30445242
24735976
29559762
38759580
31441246
32537197
6706442
36073223
26747343
13250323
22221244
29481279
16493052
33213840
42321493
19312516
35640949
14559050
15177410
19046844
21295809
35076421
15957794
21721084
25237927
37267993
29173161
38468348
36511504
44245872
38087257
5962164
31661522
36878011
24080746
7778413
21680123
20794436
32216956
51626676
6786907
20636596
33894758
21781540
23344153
36577706
4963901
44552545
22126440
14700510
18010517
29965257
30291304
47031227
30094141
24614892
46416766
27332841
42960958
4653452
29628017
44046513
40960156
50609944
26034343
26710394
26556067
28560909
35057125
44724905
43818870
7195198
27542188
50774246
18631437
32269006
33076769
7047766
24160310
24494843
39898640
5825457
7426438
44836655
46404319
7952152
34384529
18361534
42727936
27715663
33843754
34610620
31350263
34832106
33493338
32839915
17806398
18661474
5622310
17165140
40870488
15013177
50427131
4825002
42864153
13802244
23927317
4613620
21168980
33704425
19716986
45856573
15641788
7829508
11933876
25037119
17653488
41133647
24807874
17477738
44773864
30542176
41454482
46031522
22298926
32005891
8868819
30459807
30088250
35558932
29910169
46392595
7993640
25879801
44588064
43266465
34411126
14667687
22497845
7616429
12876291
37751481
28137108
44045677
14028464
18139162
28439995
23793133
36624981
23306394
8032662
19424218
47095117
17861062
16890153
6586521
13862393
27364091
25208622
26150167
30213895
30036769
32460241
41697503
43151523
45379717
27881916
19071062
43130217
23985119
15975375
17582491
24612291
15192678
13409648
16233422
9195152
32079232
27804991
28268276
42735969
26581039
34209699
4676992
25720026
24174033
13460030
8055762
25827158
29771411
6298497
19460431
5841747
46725032
4714650
28367261
25905148
26000611
47079743
21753316
24619196
40439207
22451705
39697933
38542097
40511854
8531446
29937156
29645148
46077760
39850611
18568678
20911420
35882821
36154713
22740691
20087289
5780102
20425129
4927367
36245609
23955931
13111489
40970099
7355466
18332402
26039240
40232418
5820780
46749875
38292004
29213373
23345846
5698261
17658850
47397766
36269356
28524843
39250997
31806450
16002128
45435801
29255141
4722796
40715872
13830427
42260521
15251495
6173568
15656795
6191227
20717913
19086324
15676493
24816168
47485529
18739351
24480140
27023058
51215203
18317699
24392810
12642047
46952012
23788214
46181473
15227424
23168067
14701427
8290439
19971895
5284306
7633136
28295208
37068015
47429358
50203318
40552248
5376427
26994222
20443577
41228423
50135632
30330090
14156449
32490306
40963502
19907803
13495678
12656100
18573911
12396149
36581652
24841797
36638257
21028633
37175699
49882235
36122879
33652108
46154035
43910008
36640978
20279115
4775101
6779550
27617536
43058410
34453852
32723833
4725869
29911815
27554160
46539596
29068939
4778980
18965238
33202269
11120508
31300095
14775095
9124607
41793287
15307896
15335049
31892008
47871374
14300409
7507102
15736020
19877638
24748922
24442256
9040391
13378537
13823971
18790527
40623842
21343367
13437188
17942153
6565620
21078549
21748368
35135643
45212999
41041975
23013048
